Time,Last,Vol,BID1,BIDSZ1,BID2,BIDSZ2,BID3,BIDSZ3,BID4,BIDSZ4,BID5,BIDSZ5,ASK1,ASKSZ1,ASK2,ASKSZ2,ASK3,ASKSZ3,ASK4,ASKSZ4,ASK5,ASKSZ5,Tick,Volume,LastTime
83010214000,0.000,0,0,0,0,0,0,0,0,0,0,0,0,0,0,0,0,0,0,0,0,0,1,0,83010000000
83010214000,0.000,0,8.000,1,0.000,0,0.000,0,0.000,0,0.000,0,0.000,0,0.000,0,0.000,0,0.000,0,0.000,0,0,0,
83015212000,0.000,0,8.000,1,0.000,0,0.000,0,0.000,0,0.000,0,0.000,0,0.000,0,0.000,0,0.000,0,0.000,0,1,0,83015000000
83015212000,0.000,0,8.000,1,0.000,0,0.000,0,0.000,0,0.000,0,0.000,0,0.000,0,0.000,0,0.000,0,0.000,0,0,0,
83020222000,0.000,0,8.000,1,0.000,0,0.000,0,0.000,0,0.000,0,0.000,0,0.000,0,0.000,0,0.000,0,0.000,0,1,0,83020000000
83020222000,0.000,0,8.000,1,0.000,0,0.000,0,0.000,0,0.000,0,0.000,0,0.000,0,0.000,0,0.000,0,0.000,0,0,0,
83025272000,0.000,0,8.000,1,0.000,0,0.000,0,0.000,0,0.000,0,0.000,0,0.000,0,0.000,0,0.000,0,0.000,0,1,0,83025000000
83025272000,0.000,0,8.000,1,0.000,0,0.000,0,0.000,0,0.000,0,0.000,0,0.000,0,0.000,0,0.000,0,0.000,0,0,0,
83030292000,0.000,0,8.000,1,0.000,0,0.000,0,0.000,0,0.000,0,0.000,0,0.000,0,0.000,0,0.000,0,0.000,0,1,0,83030000000
83030292000,0.000,0,8.000,1,0.000,0,0.000,0,0.000,0,0.000,0,0.000,0,0.000,0,0.000,0,0.000,0,0.000,0,0,0,
83035292000,0.000,0,8.000,1,0.000,0,0.000,0,0.000,0,0.000,0,0.000,0,0.000,0,0.000,0,0.000,0,0.000,0,1,0,83035000000
83035292000,0.000,0,8.000,1,0.000,0,0.000,0,0.000,0,0.000,0,0.000,0,0.000,0,0.000,0,0.000,0,0.000,0,0,0,
83040292000,0.000,0,8.000,1,0.000,0,0.000,0,0.000,0,0.000,0,0.000,0,0.000,0,0.000,0,0.000,0,0.000,0,1,0,83040000000
83040292000,0.000,0,8.000,1,0.000,0,0.000,0,0.000,0,0.000,0,0.000,0,0.000,0,0.000,0,0.000,0,0.000,0,0,0,
83045292000,0.000,0,8.000,1,0.000,0,0.000,0,0.000,0,0.000,0,0.000,0,0.000,0,0.000,0,0.000,0,0.000,0,1,0,83045000000
83045292000,0.000,0,8.000,1,0.000,0,0.000,0,0.000,0,0.000,0,0.000,0,0.000,0,0.000,0,0.000,0,0.000,0,0,0,
83050292000,0.000,0,8.000,1,0.000,0,0.000,0,0.000,0,0.000,0,0.000,0,0.000,0,0.000,0,0.000,0,0.000,0,1,0,83050000000
83050292000,0.000,0,8.000,1,0.000,0,0.000,0,0.000,0,0.000,0,0.000,0,0.000,0,0.000,0,0.000,0,0.000,0,0,0,
83055292000,0.000,0,8.000,1,0.000,0,0.000,0,0.000,0,0.000,0,0.000,0,0.000,0,0.000,0,0.000,0,0.000,0,1,0,83055000000
83055292000,0.000,0,8.000,1,0.000,0,0.000,0,0.000,0,0.000,0,0.000,0,0.000,0,0.000,0,0.000,0,0.000,0,0,0,
83100292000,0.000,0,8.000,1,0.000,0,0.000,0,0.000,0,0.000,0,0.000,0,0.000,0,0.000,0,0.000,0,0.000,0,1,0,83100000000
83100292000,0.000,0,8.000,1,0.000,0,0.000,0,0.000,0,0.000,0,0.000,0,0.000,0,0.000,0,0.000,0,0.000,0,0,0,
83105343000,0.000,0,8.000,1,0.000,0,0.000,0,0.000,0,0.000,0,0.000,0,0.000,0,0.000,0,0.000,0,0.000,0,1,0,83105000000
83105343000,0.000,0,8.000,1,0.000,0,0.000,0,0.000,0,0.000,0,0.000,0,0.000,0,0.000,0,0.000,0,0.000,0,0,0,
83110352000,0.000,0,8.000,1,0.000,0,0.000,0,0.000,0,0.000,0,0.000,0,0.000,0,0.000,0,0.000,0,0.000,0,1,0,83110000000
83110352000,0.000,0,8.000,1,0.000,0,0.000,0,0.000,0,0.000,0,0.000,0,0.000,0,0.000,0,0.000,0,0.000,0,0,0,
83115352000,0.000,0,8.000,1,0.000,0,0.000,0,0.000,0,0.000,0,0.000,0,0.000,0,0.000,0,0.000,0,0.000,0,1,0,83115000000
83115352000,0.000,0,8.000,1,0.000,0,0.000,0,0.000,0,0.000,0,0.000,0,0.000,0,0.000,0,0.000,0,0.000,0,0,0,
83120352000,0.000,0,8.000,1,0.000,0,0.000,0,0.000,0,0.000,0,0.000,0,0.000,0,0.000,0,0.000,0,0.000,0,1,0,83120000000
83120352000,0.000,0,8.000,1,0.000,0,0.000,0,0.000,0,0.000,0,0.000,0,0.000,0,0.000,0,0.000,0,0.000,0,0,0,
83125352000,0.000,0,8.000,1,0.000,0,0.000,0,0.000,0,0.000,0,0.000,0,0.000,0,0.000,0,0.000,0,0.000,0,1,0,83125000000
83125352000,0.000,0,8.000,1,0.000,0,0.000,0,0.000,0,0.000,0,0.000,0,0.000,0,0.000,0,0.000,0,0.000,0,0,0,
83130352000,0.000,0,8.000,1,0.000,0,0.000,0,0.000,0,0.000,0,0.000,0,0.000,0,0.000,0,0.000,0,0.000,0,1,0,83130000000
83130352000,0.000,0,8.000,1,0.000,0,0.000,0,0.000,0,0.000,0,0.000,0,0.000,0,0.000,0,0.000,0,0.000,0,0,0,
83135352000,0.000,0,8.000,1,0.000,0,0.000,0,0.000,0,0.000,0,0.000,0,0.000,0,0.000,0,0.000,0,0.000,0,1,0,83135000000
83135352000,0.000,0,8.000,1,0.000,0,0.000,0,0.000,0,0.000,0,0.000,0,0.000,0,0.000,0,0.000,0,0.000,0,0,0,
83140352000,0.000,0,8.000,1,0.000,0,0.000,0,0.000,0,0.000,0,0.000,0,0.000,0,0.000,0,0.000,0,0.000,0,1,0,83140000000
83140352000,0.000,0,8.000,1,0.000,0,0.000,0,0.000,0,0.000,0,0.000,0,0.000,0,0.000,0,0.000,0,0.000,0,0,0,
83145352000,0.000,0,8.000,1,0.000,0,0.000,0,0.000,0,0.000,0,0.000,0,0.000,0,0.000,0,0.000,0,0.000,0,1,0,83145000000
83145352000,0.000,0,8.000,1,0.000,0,0.000,0,0.000,0,0.000,0,0.000,0,0.000,0,0.000,0,0.000,0,0.000,0,0,0,
83150352000,0.000,0,8.000,1,0.000,0,0.000,0,0.000,0,0.000,0,0.000,0,0.000,0,0.000,0,0.000,0,0.000,0,1,0,83150000000
83150352000,0.000,0,8.000,1,0.000,0,0.000,0,0.000,0,0.000,0,0.000,0,0.000,0,0.000,0,0.000,0,0.000,0,0,0,
83155352000,0.000,0,8.000,1,0.000,0,0.000,0,0.000,0,0.000,0,0.000,0,0.000,0,0.000,0,0.000,0,0.000,0,1,0,83155000000
83155352000,0.000,0,8.000,1,0.000,0,0.000,0,0.000,0,0.000,0,0.000,0,0.000,0,0.000,0,0.000,0,0.000,0,0,0,
83200362000,0.000,0,8.000,1,0.000,0,0.000,0,0.000,0,0.000,0,0.000,0,0.000,0,0.000,0,0.000,0,0.000,0,1,0,83200000000
83200362000,0.000,0,8.000,1,0.000,0,0.000,0,0.000,0,0.000,0,0.000,0,0.000,0,0.000,0,0.000,0,0.000,0,0,0,
83205363000,0.000,0,8.000,1,0.000,0,0.000,0,0.000,0,0.000,0,0.000,0,0.000,0,0.000,0,0.000,0,0.000,0,1,0,83205000000
83205363000,0.000,0,8.000,1,0.600,35,0.000,0,0.000,0,0.000,0,0.000,0,0.000,0,0.000,0,0.000,0,0.000,0,0,0,
83210383000,0.000,0,8.000,1,0.600,35,0.000,0,0.000,0,0.000,0,0.000,0,0.000,0,0.000,0,0.000,0,0.000,0,1,0,83210000000
83210383000,0.000,0,8.000,1,0.600,35,0.000,0,0.000,0,0.000,0,0.000,0,0.000,0,0.000,0,0.000,0,0.000,0,0,0,
83215393000,0.000,0,8.000,1,0.600,35,0.000,0,0.000,0,0.000,0,0.000,0,0.000,0,0.000,0,0.000,0,0.000,0,1,0,83215000000
83215393000,0.000,0,8.000,1,0.600,35,0.000,0,0.000,0,0.000,0,0.000,0,0.000,0,0.000,0,0.000,0,0.000,0,0,0,
83220403000,0.000,0,8.000,1,0.600,35,0.000,0,0.000,0,0.000,0,0.000,0,0.000,0,0.000,0,0.000,0,0.000,0,1,0,83220000000
83220403000,0.000,0,8.000,1,0.600,35,0.000,0,0.000,0,0.000,0,0.000,0,0.000,0,0.000,0,0.000,0,0.000,0,0,0,
83225423000,0.000,0,8.000,1,0.600,35,0.000,0,0.000,0,0.000,0,0.000,0,0.000,0,0.000,0,0.000,0,0.000,0,1,0,83225000000
83225423000,0.000,0,8.000,1,0.600,35,0.000,0,0.000,0,0.000,0,0.000,0,0.000,0,0.000,0,0.000,0,0.000,0,0,0,
83230423000,0.000,0,8.000,1,0.600,35,0.000,0,0.000,0,0.000,0,0.000,0,0.000,0,0.000,0,0.000,0,0.000,0,1,0,83230000000
83230423000,0.000,0,8.000,1,0.600,35,0.000,0,0.000,0,0.000,0,0.000,0,0.000,0,0.000,0,0.000,0,0.000,0,0,0,
83235423000,0.000,0,8.000,1,0.600,35,0.000,0,0.000,0,0.000,0,0.000,0,0.000,0,0.000,0,0.000,0,0.000,0,1,0,83235000000
83235423000,0.000,0,8.000,1,0.600,35,0.000,0,0.000,0,0.000,0,0.000,0,0.000,0,0.000,0,0.000,0,0.000,0,0,0,
83240423000,0.000,0,8.000,1,0.600,35,0.000,0,0.000,0,0.000,0,0.000,0,0.000,0,0.000,0,0.000,0,0.000,0,1,0,83240000000
83240423000,0.000,0,8.000,1,0.600,35,0.000,0,0.000,0,0.000,0,0.000,0,0.000,0,0.000,0,0.000,0,0.000,0,0,0,
83245432000,0.000,0,8.000,1,0.600,35,0.000,0,0.000,0,0.000,0,0.000,0,0.000,0,0.000,0,0.000,0,0.000,0,1,0,83245000000
83245432000,0.000,0,8.000,1,0.600,35,0.000,0,0.000,0,0.000,0,0.000,0,0.000,0,0.000,0,0.000,0,0.000,0,0,0,
83250423000,0.000,0,8.000,1,0.600,35,0.000,0,0.000,0,0.000,0,0.000,0,0.000,0,0.000,0,0.000,0,0.000,0,1,0,83250000000
83250423000,0.000,0,8.000,1,0.600,35,0.000,0,0.000,0,0.000,0,0.000,0,0.000,0,0.000,0,0.000,0,0.000,0,0,0,
83255423000,0.000,0,8.000,1,0.600,35,0.000,0,0.000,0,0.000,0,0.000,0,0.000,0,0.000,0,0.000,0,0.000,0,1,0,83255000000
83255423000,0.000,0,8.000,1,0.600,35,0.000,0,0.000,0,0.000,0,0.000,0,0.000,0,0.000,0,0.000,0,0.000,0,0,0,
83300433000,0.000,0,8.000,1,0.600,35,0.000,0,0.000,0,0.000,0,0.000,0,0.000,0,0.000,0,0.000,0,0.000,0,1,0,83300000000
83300433000,0.000,0,8.000,1,0.600,35,0.000,0,0.000,0,0.000,0,0.000,0,0.000,0,0.000,0,0.000,0,0.000,0,0,0,
83305433000,0.000,0,8.000,1,0.600,35,0.000,0,0.000,0,0.000,0,0.000,0,0.000,0,0.000,0,0.000,0,0.000,0,1,0,83305000000
83305433000,0.000,0,8.000,1,0.600,70,0.000,0,0.000,0,0.000,0,0.000,0,0.000,0,0.000,0,0.000,0,0.000,0,0,0,
83310433000,0.000,0,8.000,1,0.600,70,0.000,0,0.000,0,0.000,0,0.000,0,0.000,0,0.000,0,0.000,0,0.000,0,1,0,83310000000
83310433000,0.000,0,8.000,1,0.600,70,0.000,0,0.000,0,0.000,0,0.000,0,0.000,0,0.000,0,0.000,0,0.000,0,0,0,
83315433000,0.000,0,8.000,1,0.600,70,0.000,0,0.000,0,0.000,0,0.000,0,0.000,0,0.000,0,0.000,0,0.000,0,1,0,83315000000
83315433000,0.000,0,8.000,1,0.600,70,0.000,0,0.000,0,0.000,0,0.000,0,0.000,0,0.000,0,0.000,0,0.000,0,0,0,
83320433000,0.000,0,8.000,1,0.600,70,0.000,0,0.000,0,0.000,0,0.000,0,0.000,0,0.000,0,0.000,0,0.000,0,1,0,83320000000
83320433000,0.000,0,8.000,1,0.600,70,0.000,0,0.000,0,0.000,0,0.000,0,0.000,0,0.000,0,0.000,0,0.000,0,0,0,
83325433000,0.000,0,8.000,1,0.600,70,0.000,0,0.000,0,0.000,0,0.000,0,0.000,0,0.000,0,0.000,0,0.000,0,1,0,83325000000
83325433000,0.000,0,8.000,1,0.600,70,0.000,0,0.000,0,0.000,0,0.000,0,0.000,0,0.000,0,0.000,0,0.000,0,0,0,
83330461000,0.000,0,8.000,1,0.600,70,0.000,0,0.000,0,0.000,0,0.000,0,0.000,0,0.000,0,0.000,0,0.000,0,1,0,83330000000
83330461000,0.000,0,8.000,1,0.600,70,0.000,0,0.000,0,0.000,0,0.000,0,0.000,0,0.000,0,0.000,0,0.000,0,0,0,
83335433000,0.000,0,8.000,1,0.600,70,0.000,0,0.000,0,0.000,0,0.000,0,0.000,0,0.000,0,0.000,0,0.000,0,1,0,83335000000
83335433000,0.000,0,8.000,1,0.600,70,0.000,0,0.000,0,0.000,0,0.000,0,0.000,0,0.000,0,0.000,0,0.000,0,0,0,
83340433000,0.000,0,8.000,1,0.600,70,0.000,0,0.000,0,0.000,0,0.000,0,0.000,0,0.000,0,0.000,0,0.000,0,1,0,83340000000
83340433000,0.000,0,8.000,1,0.600,70,0.000,0,0.000,0,0.000,0,0.000,0,0.000,0,0.000,0,0.000,0,0.000,0,0,0,
83345433000,0.000,0,8.000,1,0.600,70,0.000,0,0.000,0,0.000,0,0.000,0,0.000,0,0.000,0,0.000,0,0.000,0,1,0,83345000000
83345433000,0.000,0,8.000,1,0.600,70,0.000,0,0.000,0,0.000,0,0.000,0,0.000,0,0.000,0,0.000,0,0.000,0,0,0,
83350433000,0.000,0,8.000,1,0.600,70,0.000,0,0.000,0,0.000,0,0.000,0,0.000,0,0.000,0,0.000,0,0.000,0,1,0,83350000000
83350433000,0.000,0,8.000,1,0.600,35,0.000,0,0.000,0,0.000,0,0.000,0,0.000,0,0.000,0,0.000,0,0.000,0,0,0,
83355433000,0.000,0,8.000,1,0.600,35,0.000,0,0.000,0,0.000,0,0.000,0,0.000,0,0.000,0,0.000,0,0.000,0,1,0,83355000000
83355433000,0.000,0,8.000,1,0.600,35,0.000,0,0.000,0,0.000,0,0.000,0,0.000,0,0.000,0,0.000,0,0.000,0,0,0,
83400434000,0.000,0,8.000,1,0.600,35,0.000,0,0.000,0,0.000,0,0.000,0,0.000,0,0.000,0,0.000,0,0.000,0,1,0,83400000000
83400434000,0.000,0,8.000,1,0.600,35,0.000,0,0.000,0,0.000,0,0.000,0,0.000,0,0.000,0,0.000,0,0.000,0,0,0,
83405433000,0.000,0,8.000,1,0.600,35,0.000,0,0.000,0,0.000,0,0.000,0,0.000,0,0.000,0,0.000,0,0.000,0,1,0,83405000000
83405433000,0.000,0,8.000,1,0.600,35,0.000,0,0.000,0,0.000,0,0.000,0,0.000,0,0.000,0,0.000,0,0.000,0,0,0,
83410433000,0.000,0,8.000,1,0.600,35,0.000,0,0.000,0,0.000,0,0.000,0,0.000,0,0.000,0,0.000,0,0.000,0,1,0,83410000000
83410433000,0.000,0,8.000,1,0.600,35,0.000,0,0.000,0,0.000,0,0.000,0,0.000,0,0.000,0,0.000,0,0.000,0,0,0,
83415433000,0.000,0,8.000,1,0.600,35,0.000,0,0.000,0,0.000,0,0.000,0,0.000,0,0.000,0,0.000,0,0.000,0,1,0,83415000000
83415433000,0.000,0,8.000,1,0.600,35,0.000,0,0.000,0,0.000,0,0.000,0,0.000,0,0.000,0,0.000,0,0.000,0,0,0,
83420433000,0.000,0,8.000,1,0.600,35,0.000,0,0.000,0,0.000,0,0.000,0,0.000,0,0.000,0,0.000,0,0.000,0,1,0,83420000000
83420433000,0.000,0,8.000,1,0.600,35,0.000,0,0.000,0,0.000,0,0.000,0,0.000,0,0.000,0,0.000,0,0.000,0,0,0,
83425433000,0.000,0,8.000,1,0.600,35,0.000,0,0.000,0,0.000,0,0.000,0,0.000,0,0.000,0,0.000,0,0.000,0,1,0,83425000000
83425433000,0.000,0,8.000,1,0.600,35,0.000,0,0.000,0,0.000,0,0.000,0,0.000,0,0.000,0,0.000,0,0.000,0,0,0,
83430433000,0.000,0,8.000,1,0.600,35,0.000,0,0.000,0,0.000,0,0.000,0,0.000,0,0.000,0,0.000,0,0.000,0,1,0,83430000000
83430433000,0.000,0,8.000,1,0.600,35,0.000,0,0.000,0,0.000,0,0.000,0,0.000,0,0.000,0,0.000,0,0.000,0,0,0,
83435433000,0.000,0,8.000,1,0.600,35,0.000,0,0.000,0,0.000,0,0.000,0,0.000,0,0.000,0,0.000,0,0.000,0,1,0,83435000000
83435433000,0.000,0,8.000,1,0.600,35,0.000,0,0.000,0,0.000,0,0.000,0,0.000,0,0.000,0,0.000,0,0.000,0,0,0,
83440433000,0.000,0,8.000,1,0.600,35,0.000,0,0.000,0,0.000,0,0.000,0,0.000,0,0.000,0,0.000,0,0.000,0,1,0,83440000000
83440433000,0.000,0,8.000,1,0.600,35,0.000,0,0.000,0,0.000,0,0.000,0,0.000,0,0.000,0,0.000,0,0.000,0,0,0,
83445433000,0.000,0,8.000,1,0.600,35,0.000,0,0.000,0,0.000,0,0.000,0,0.000,0,0.000,0,0.000,0,0.000,0,1,0,83445000000
83445433000,0.000,0,8.000,1,0.600,35,0.000,0,0.000,0,0.000,0,0.000,0,0.000,0,0.000,0,0.000,0,0.000,0,0,0,
83450433000,0.000,0,8.000,1,0.600,35,0.000,0,0.000,0,0.000,0,0.000,0,0.000,0,0.000,0,0.000,0,0.000,0,1,0,83450000000
83450433000,0.000,0,8.000,1,0.600,35,0.000,0,0.000,0,0.000,0,0.000,0,0.000,0,0.000,0,0.000,0,0.000,0,0,0,
83455433000,0.000,0,8.000,1,0.600,35,0.000,0,0.000,0,0.000,0,0.000,0,0.000,0,0.000,0,0.000,0,0.000,0,1,0,83455000000
83455433000,0.000,0,8.000,1,0.600,35,0.000,0,0.000,0,0.000,0,0.000,0,0.000,0,0.000,0,0.000,0,0.000,0,0,0,
83500433000,0.000,0,8.000,1,0.600,35,0.000,0,0.000,0,0.000,0,0.000,0,0.000,0,0.000,0,0.000,0,0.000,0,1,0,83500000000
83500433000,0.000,0,8.000,1,2.100,12,0.600,35,0.000,0,0.000,0,0.000,0,0.000,0,0.000,0,0.000,0,0.000,0,0,0,
83505433000,0.000,0,8.000,1,2.100,12,0.600,35,0.000,0,0.000,0,0.000,0,0.000,0,0.000,0,0.000,0,0.000,0,1,0,83505000000
83505433000,0.000,0,8.000,1,2.100,12,0.600,35,0.000,0,0.000,0,0.000,0,0.000,0,0.000,0,0.000,0,0.000,0,0,0,
83510433000,0.000,0,8.000,1,2.100,12,0.600,35,0.000,0,0.000,0,0.000,0,0.000,0,0.000,0,0.000,0,0.000,0,1,0,83510000000
83510433000,0.000,0,8.000,1,2.100,12,0.600,35,0.000,0,0.000,0,0.000,0,0.000,0,0.000,0,0.000,0,0.000,0,0,0,
83515443000,0.000,0,8.000,1,2.100,12,0.600,35,0.000,0,0.000,0,0.000,0,0.000,0,0.000,0,0.000,0,0.000,0,1,0,83515000000
83515443000,0.000,0,8.000,1,2.100,12,0.600,35,0.000,0,0.000,0,0.000,0,0.000,0,0.000,0,0.000,0,0.000,0,0,0,
83520443000,0.000,0,8.000,1,2.100,12,0.600,35,0.000,0,0.000,0,0.000,0,0.000,0,0.000,0,0.000,0,0.000,0,1,0,83520000000
83520443000,0.000,0,8.000,1,2.100,12,0.600,35,0.000,0,0.000,0,0.000,0,0.000,0,0.000,0,0.000,0,0.000,0,0,0,
83525443000,0.000,0,8.000,1,2.100,12,0.600,35,0.000,0,0.000,0,0.000,0,0.000,0,0.000,0,0.000,0,0.000,0,1,0,83525000000
83525443000,0.000,0,8.000,1,2.100,12,0.600,35,0.000,0,0.000,0,0.000,0,0.000,0,0.000,0,0.000,0,0.000,0,0,0,
83530443000,0.000,0,8.000,1,2.100,12,0.600,35,0.000,0,0.000,0,0.000,0,0.000,0,0.000,0,0.000,0,0.000,0,1,0,83530000000
83530443000,0.000,0,8.000,1,2.100,12,0.600,35,0.000,0,0.000,0,0.000,0,0.000,0,0.000,0,0.000,0,0.000,0,0,0,
83535443000,0.000,0,8.000,1,2.100,12,0.600,35,0.000,0,0.000,0,0.000,0,0.000,0,0.000,0,0.000,0,0.000,0,1,0,83535000000
83535443000,0.000,0,8.000,1,2.100,12,0.600,35,0.000,0,0.000,0,0.000,0,0.000,0,0.000,0,0.000,0,0.000,0,0,0,
83540443000,0.000,0,8.000,1,2.100,12,0.600,35,0.000,0,0.000,0,0.000,0,0.000,0,0.000,0,0.000,0,0.000,0,1,0,83540000000
83540443000,0.000,0,8.000,1,2.100,12,0.600,35,0.000,0,0.000,0,0.000,0,0.000,0,0.000,0,0.000,0,0.000,0,0,0,
83545443000,0.000,0,8.000,1,2.100,12,0.600,35,0.000,0,0.000,0,0.000,0,0.000,0,0.000,0,0.000,0,0.000,0,1,0,83545000000
83545443000,0.000,0,8.000,1,2.100,12,0.600,35,0.000,0,0.000,0,0.000,0,0.000,0,0.000,0,0.000,0,0.000,0,0,0,
83550443000,0.000,0,8.000,1,2.100,12,0.600,35,0.000,0,0.000,0,0.000,0,0.000,0,0.000,0,0.000,0,0.000,0,1,0,83550000000
83550443000,0.000,0,8.000,1,2.100,12,0.600,35,0.000,0,0.000,0,0.000,0,0.000,0,0.000,0,0.000,0,0.000,0,0,0,
83555443000,0.000,0,8.000,1,2.100,12,0.600,35,0.000,0,0.000,0,0.000,0,0.000,0,0.000,0,0.000,0,0.000,0,1,0,83555000000
83555443000,0.000,0,8.000,1,2.100,12,0.600,35,0.000,0,0.000,0,0.000,0,0.000,0,0.000,0,0.000,0,0.000,0,0,0,
83600443000,0.000,0,8.000,1,2.100,12,0.600,35,0.000,0,0.000,0,0.000,0,0.000,0,0.000,0,0.000,0,0.000,0,1,0,83600000000
83600443000,0.000,0,8.000,1,2.100,12,0.600,35,0.000,0,0.000,0,0.000,0,0.000,0,0.000,0,0.000,0,0.000,0,0,0,
83605443000,0.000,0,8.000,1,2.100,12,0.600,35,0.000,0,0.000,0,0.000,0,0.000,0,0.000,0,0.000,0,0.000,0,1,0,83605000000
83605443000,0.000,0,8.000,1,2.100,12,0.600,35,0.000,0,0.000,0,0.000,0,0.000,0,0.000,0,0.000,0,0.000,0,0,0,
83610443000,0.000,0,8.000,1,2.100,12,0.600,35,0.000,0,0.000,0,0.000,0,0.000,0,0.000,0,0.000,0,0.000,0,1,0,83610000000
83610443000,0.000,0,8.000,1,2.100,12,0.600,35,0.000,0,0.000,0,0.000,0,0.000,0,0.000,0,0.000,0,0.000,0,0,0,
83615443000,0.000,0,8.000,1,2.100,12,0.600,35,0.000,0,0.000,0,0.000,0,0.000,0,0.000,0,0.000,0,0.000,0,1,0,83615000000
83615443000,0.000,0,8.000,1,2.100,12,0.600,35,0.000,0,0.000,0,0.000,0,0.000,0,0.000,0,0.000,0,0.000,0,0,0,
83620443000,0.000,0,8.000,1,2.100,12,0.600,35,0.000,0,0.000,0,0.000,0,0.000,0,0.000,0,0.000,0,0.000,0,1,0,83620000000
83620443000,0.000,0,8.000,1,2.100,12,0.600,35,0.000,0,0.000,0,0.000,0,0.000,0,0.000,0,0.000,0,0.000,0,0,0,
83625443000,0.000,0,8.000,1,2.100,12,0.600,35,0.000,0,0.000,0,0.000,0,0.000,0,0.000,0,0.000,0,0.000,0,1,0,83625000000
83625443000,0.000,0,8.000,1,2.100,12,0.600,35,0.000,0,0.000,0,0.000,0,0.000,0,0.000,0,0.000,0,0.000,0,0,0,
83630443000,0.000,0,8.000,1,2.100,12,0.600,35,0.000,0,0.000,0,0.000,0,0.000,0,0.000,0,0.000,0,0.000,0,1,0,83630000000
83630443000,0.000,0,8.000,1,2.100,12,0.600,35,0.000,0,0.000,0,0.000,0,0.000,0,0.000,0,0.000,0,0.000,0,0,0,
83635443000,0.000,0,8.000,1,2.100,12,0.600,35,0.000,0,0.000,0,0.000,0,0.000,0,0.000,0,0.000,0,0.000,0,1,0,83635000000
83635443000,0.000,0,8.000,1,2.100,12,0.600,35,0.000,0,0.000,0,0.000,0,0.000,0,0.000,0,0.000,0,0.000,0,0,0,
83640443000,0.000,0,8.000,1,2.100,12,0.600,35,0.000,0,0.000,0,0.000,0,0.000,0,0.000,0,0.000,0,0.000,0,1,0,83640000000
83640443000,0.000,0,8.000,1,2.100,12,0.600,35,0.000,0,0.000,0,0.000,0,0.000,0,0.000,0,0.000,0,0.000,0,0,0,
83645443000,0.000,0,8.000,1,2.100,12,0.600,35,0.000,0,0.000,0,0.000,0,0.000,0,0.000,0,0.000,0,0.000,0,1,0,83645000000
83645443000,0.000,0,8.000,1,2.100,12,0.600,35,0.000,0,0.000,0,0.000,0,0.000,0,0.000,0,0.000,0,0.000,0,0,0,
83650443000,0.000,0,8.000,1,2.100,12,0.600,35,0.000,0,0.000,0,0.000,0,0.000,0,0.000,0,0.000,0,0.000,0,1,0,83650000000
83650443000,0.000,0,8.000,1,2.100,12,0.600,35,0.000,0,0.000,0,0.000,0,0.000,0,0.000,0,0.000,0,0.000,0,0,0,
83655443000,0.000,0,8.000,1,2.100,12,0.600,35,0.000,0,0.000,0,0.000,0,0.000,0,0.000,0,0.000,0,0.000,0,1,0,83655000000
83655443000,0.000,0,8.000,1,2.100,12,0.600,35,0.000,0,0.000,0,0.000,0,0.000,0,0.000,0,0.000,0,0.000,0,0,0,
83700443000,0.000,0,8.000,1,2.100,12,0.600,35,0.000,0,0.000,0,0.000,0,0.000,0,0.000,0,0.000,0,0.000,0,1,0,83700000000
83700443000,0.000,0,8.000,1,2.100,12,0.600,35,0.000,0,0.000,0,0.000,0,0.000,0,0.000,0,0.000,0,0.000,0,0,0,
83705443000,0.000,0,8.000,1,2.100,12,0.600,35,0.000,0,0.000,0,0.000,0,0.000,0,0.000,0,0.000,0,0.000,0,1,0,83705000000
83705443000,0.000,0,8.000,1,2.100,12,0.600,35,0.000,0,0.000,0,0.000,0,0.000,0,0.000,0,0.000,0,0.000,0,0,0,
83710443000,0.000,0,8.000,1,2.100,12,0.600,35,0.000,0,0.000,0,0.000,0,0.000,0,0.000,0,0.000,0,0.000,0,1,0,83710000000
83710443000,0.000,0,8.000,1,2.100,12,0.600,35,0.000,0,0.000,0,0.000,0,0.000,0,0.000,0,0.000,0,0.000,0,0,0,
83715443000,0.000,0,8.000,1,2.100,12,0.600,35,0.000,0,0.000,0,0.000,0,0.000,0,0.000,0,0.000,0,0.000,0,1,0,83715000000
83715443000,0.000,0,8.000,1,2.100,12,0.600,35,0.000,0,0.000,0,0.000,0,0.000,0,0.000,0,0.000,0,0.000,0,0,0,
83720443000,0.000,0,8.000,1,2.100,12,0.600,35,0.000,0,0.000,0,0.000,0,0.000,0,0.000,0,0.000,0,0.000,0,1,0,83720000000
83720443000,0.000,0,8.000,1,2.100,12,0.600,35,0.000,0,0.000,0,0.000,0,0.000,0,0.000,0,0.000,0,0.000,0,0,0,
83725443000,0.000,0,8.000,1,2.100,12,0.600,35,0.000,0,0.000,0,0.000,0,0.000,0,0.000,0,0.000,0,0.000,0,1,0,83725000000
83725443000,0.000,0,8.000,1,2.100,12,0.600,35,0.000,0,0.000,0,0.000,0,0.000,0,0.000,0,0.000,0,0.000,0,0,0,
83730443000,0.000,0,8.000,1,2.100,12,0.600,35,0.000,0,0.000,0,0.000,0,0.000,0,0.000,0,0.000,0,0.000,0,1,0,83730000000
83730443000,0.000,0,8.000,1,2.100,12,0.600,35,0.000,0,0.000,0,0.000,0,0.000,0,0.000,0,0.000,0,0.000,0,0,0,
83735443000,0.000,0,8.000,1,2.100,12,0.600,35,0.000,0,0.000,0,0.000,0,0.000,0,0.000,0,0.000,0,0.000,0,1,0,83735000000
83735443000,0.000,0,8.000,1,2.100,12,0.600,35,0.000,0,0.000,0,0.000,0,0.000,0,0.000,0,0.000,0,0.000,0,0,0,
83740443000,0.000,0,8.000,1,2.100,12,0.600,35,0.000,0,0.000,0,0.000,0,0.000,0,0.000,0,0.000,0,0.000,0,1,0,83740000000
83740443000,0.000,0,8.000,1,2.100,12,0.600,35,0.000,0,0.000,0,0.000,0,0.000,0,0.000,0,0.000,0,0.000,0,0,0,
83745443000,0.000,0,8.000,1,2.100,12,0.600,35,0.000,0,0.000,0,0.000,0,0.000,0,0.000,0,0.000,0,0.000,0,1,0,83745000000
83745443000,0.000,0,8.100,9,8.000,1,2.100,12,0.600,35,0.000,0,0.000,0,0.000,0,0.000,0,0.000,0,0.000,0,0,0,
83750443000,0.000,0,8.100,9,8.000,1,2.100,12,0.600,35,0.000,0,0.000,0,0.000,0,0.000,0,0.000,0,0.000,0,1,0,83750000000
83750443000,0.000,0,8.100,9,8.000,1,2.100,12,0.600,35,0.000,0,0.000,0,0.000,0,0.000,0,0.000,0,0.000,0,0,0,
83755443000,0.000,0,8.100,9,8.000,1,2.100,12,0.600,35,0.000,0,0.000,0,0.000,0,0.000,0,0.000,0,0.000,0,1,0,83755000000
83755443000,0.000,0,8.100,9,8.000,1,2.100,12,0.600,35,0.000,0,0.000,0,0.000,0,0.000,0,0.000,0,0.000,0,0,0,
83800443000,0.000,0,8.100,9,8.000,1,2.100,12,0.600,35,0.000,0,0.000,0,0.000,0,0.000,0,0.000,0,0.000,0,1,0,83800000000
83800443000,0.000,0,8.100,9,8.000,1,2.100,12,0.600,35,0.000,0,0.000,0,0.000,0,0.000,0,0.000,0,0.000,0,0,0,
83805443000,0.000,0,8.100,9,8.000,1,2.100,12,0.600,35,0.000,0,0.000,0,0.000,0,0.000,0,0.000,0,0.000,0,1,0,83805000000
83805443000,0.000,0,8.100,9,8.000,1,2.100,12,0.600,35,0.000,0,0.000,0,0.000,0,0.000,0,0.000,0,0.000,0,0,0,
83810443000,0.000,0,8.100,9,8.000,1,2.100,12,0.600,35,0.000,0,0.000,0,0.000,0,0.000,0,0.000,0,0.000,0,1,0,83810000000
83810443000,0.000,0,8.100,9,8.000,1,2.100,12,0.600,35,0.000,0,0.000,0,0.000,0,0.000,0,0.000,0,0.000,0,0,0,
83815443000,0.000,0,8.100,9,8.000,1,2.100,12,0.600,35,0.000,0,0.000,0,0.000,0,0.000,0,0.000,0,0.000,0,1,0,83815000000
83815443000,0.000,0,8.100,9,8.000,1,2.100,12,0.600,35,0.000,0,0.000,0,0.000,0,0.000,0,0.000,0,0.000,0,0,0,
83820443000,0.000,0,8.100,9,8.000,1,2.100,12,0.600,35,0.000,0,0.000,0,0.000,0,0.000,0,0.000,0,0.000,0,1,0,83820000000
83820443000,0.000,0,8.100,9,8.000,1,2.100,12,0.600,35,0.000,0,0.000,0,0.000,0,0.000,0,0.000,0,0.000,0,0,0,
83825443000,0.000,0,8.100,9,8.000,1,2.100,12,0.600,35,0.000,0,0.000,0,0.000,0,0.000,0,0.000,0,0.000,0,1,0,83825000000
83825443000,0.000,0,8.100,9,8.000,1,2.100,12,0.600,35,0.000,0,0.000,0,0.000,0,0.000,0,0.000,0,0.000,0,0,0,
83830467000,0.000,0,8.100,9,8.000,1,2.100,12,0.600,35,0.000,0,0.000,0,0.000,0,0.000,0,0.000,0,0.000,0,1,0,83830000000
83830467000,0.000,0,8.100,9,8.000,1,2.100,12,0.600,35,0.000,0,0.000,0,0.000,0,0.000,0,0.000,0,0.000,0,0,0,
83835443000,0.000,0,8.100,9,8.000,1,2.100,12,0.600,35,0.000,0,0.000,0,0.000,0,0.000,0,0.000,0,0.000,0,1,0,83835000000
83835443000,0.000,0,8.100,9,8.000,1,2.100,12,0.600,35,0.000,0,0.000,0,0.000,0,0.000,0,0.000,0,0.000,0,0,0,
83840443000,0.000,0,8.100,9,8.000,1,2.100,12,0.600,35,0.000,0,0.000,0,0.000,0,0.000,0,0.000,0,0.000,0,1,0,83840000000
83840443000,0.000,0,8.100,9,8.000,1,2.100,12,0.600,35,0.000,0,0.000,0,0.000,0,0.000,0,0.000,0,0.000,0,0,0,
83845443000,0.000,0,8.100,9,8.000,1,2.100,12,0.600,35,0.000,0,0.000,0,0.000,0,0.000,0,0.000,0,0.000,0,1,0,83845000000
83845443000,0.000,0,8.100,9,8.000,1,2.100,12,0.600,35,0.000,0,0.000,0,0.000,0,0.000,0,0.000,0,0.000,0,0,0,
83850443000,0.000,0,8.100,9,8.000,1,2.100,12,0.600,35,0.000,0,0.000,0,0.000,0,0.000,0,0.000,0,0.000,0,1,0,83850000000
83850443000,0.000,0,8.100,9,8.000,1,2.100,12,0.600,35,0.000,0,0.000,0,0.000,0,0.000,0,0.000,0,0.000,0,0,0,
83855443000,0.000,0,8.100,9,8.000,1,2.100,12,0.600,35,0.000,0,0.000,0,0.000,0,0.000,0,0.000,0,0.000,0,1,0,83855000000
83855443000,0.000,0,8.100,9,8.000,1,2.100,12,0.600,35,0.000,0,0.000,0,0.000,0,0.000,0,0.000,0,0.000,0,0,0,
83900443000,0.000,0,8.100,9,8.000,1,2.100,12,0.600,35,0.000,0,0.000,0,0.000,0,0.000,0,0.000,0,0.000,0,1,0,83900000000
83900443000,0.000,0,8.100,9,8.000,1,2.100,12,0.600,35,0.000,0,0.000,0,0.000,0,0.000,0,0.000,0,0.000,0,0,0,
83905443000,0.000,0,8.100,9,8.000,1,2.100,12,0.600,35,0.000,0,0.000,0,0.000,0,0.000,0,0.000,0,0.000,0,1,0,83905000000
83905443000,0.000,0,8.100,9,8.000,1,2.100,12,0.600,35,0.000,0,0.000,0,0.000,0,0.000,0,0.000,0,0.000,0,0,0,
83910443000,0.000,0,8.100,9,8.000,1,2.100,12,0.600,35,0.000,0,0.000,0,0.000,0,0.000,0,0.000,0,0.000,0,1,0,83910000000
83910443000,0.000,0,8.100,9,8.000,1,2.100,12,0.600,35,0.000,0,0.000,0,0.000,0,0.000,0,0.000,0,0.000,0,0,0,
83915443000,0.000,0,8.100,9,8.000,1,2.100,12,0.600,35,0.000,0,0.000,0,0.000,0,0.000,0,0.000,0,0.000,0,1,0,83915000000
83915443000,0.000,0,8.100,9,8.000,1,2.100,12,0.600,35,0.000,0,0.000,0,0.000,0,0.000,0,0.000,0,0.000,0,0,0,
83920443000,0.000,0,8.100,9,8.000,1,2.100,12,0.600,35,0.000,0,0.000,0,0.000,0,0.000,0,0.000,0,0.000,0,1,0,83920000000
83920443000,0.000,0,8.100,9,8.000,1,2.100,12,0.600,35,0.000,0,0.000,0,0.000,0,0.000,0,0.000,0,0.000,0,0,0,
83925443000,0.000,0,8.100,9,8.000,1,2.100,12,0.600,35,0.000,0,0.000,0,0.000,0,0.000,0,0.000,0,0.000,0,1,0,83925000000
83925443000,0.000,0,8.100,9,8.000,1,2.100,12,0.600,35,0.000,0,0.000,0,0.000,0,0.000,0,0.000,0,0.000,0,0,0,
83930443000,0.000,0,8.100,9,8.000,1,2.100,12,0.600,35,0.000,0,0.000,0,0.000,0,0.000,0,0.000,0,0.000,0,1,0,83930000000
83930443000,0.000,0,8.100,9,8.000,1,2.100,12,0.600,35,0.000,0,0.000,0,0.000,0,0.000,0,0.000,0,0.000,0,0,0,
83935443000,0.000,0,8.100,9,8.000,1,2.100,12,0.600,35,0.000,0,0.000,0,0.000,0,0.000,0,0.000,0,0.000,0,1,0,83935000000
83935443000,0.000,0,8.100,9,8.000,1,2.100,12,0.600,35,0.000,0,0.000,0,0.000,0,0.000,0,0.000,0,0.000,0,0,0,
83940443000,0.000,0,8.100,9,8.000,1,2.100,12,0.600,35,0.000,0,0.000,0,0.000,0,0.000,0,0.000,0,0.000,0,1,0,83940000000
83940443000,0.000,0,8.100,9,8.000,1,2.100,12,0.600,35,0.000,0,0.000,0,0.000,0,0.000,0,0.000,0,0.000,0,0,0,
83945443000,0.000,0,8.100,9,8.000,1,2.100,12,0.600,35,0.000,0,0.000,0,0.000,0,0.000,0,0.000,0,0.000,0,1,0,83945000000
83945443000,0.000,0,8.100,9,8.000,1,2.100,12,0.600,35,0.000,0,0.000,0,0.000,0,0.000,0,0.000,0,0.000,0,0,0,
83950443000,0.000,0,8.100,9,8.000,1,2.100,12,0.600,35,0.000,0,0.000,0,0.000,0,0.000,0,0.000,0,0.000,0,1,0,83950000000
83950443000,0.000,0,8.100,9,8.000,1,2.100,12,0.600,35,0.000,0,0.000,0,0.000,0,0.000,0,0.000,0,0.000,0,0,0,
83955443000,0.000,0,8.100,9,8.000,1,2.100,12,0.600,35,0.000,0,0.000,0,0.000,0,0.000,0,0.000,0,0.000,0,1,0,83955000000
83955443000,0.000,0,8.100,9,8.000,1,2.100,12,0.600,35,0.000,0,0.000,0,0.000,0,0.000,0,0.000,0,0.000,0,0,0,
84000443000,0.000,0,8.100,9,8.000,1,2.100,12,0.600,35,0.000,0,0.000,0,0.000,0,0.000,0,0.000,0,0.000,0,1,0,84000000000
84000443000,0.000,0,8.100,9,8.000,1,2.100,12,0.600,35,0.000,0,0.000,0,0.000,0,0.000,0,0.000,0,0.000,0,0,0,
84005443000,0.000,0,8.100,9,8.000,1,2.100,12,0.600,35,0.000,0,0.000,0,0.000,0,0.000,0,0.000,0,0.000,0,1,0,84005000000
84005443000,0.000,0,8.100,9,8.000,1,2.100,12,0.600,35,0.000,0,0.000,0,0.000,0,0.000,0,0.000,0,0.000,0,0,0,
84010443000,0.000,0,8.100,9,8.000,1,2.100,12,0.600,35,0.000,0,0.000,0,0.000,0,0.000,0,0.000,0,0.000,0,1,0,84010000000
84010443000,0.000,0,8.100,9,8.000,1,2.100,12,0.600,35,0.000,0,0.000,0,0.000,0,0.000,0,0.000,0,0.000,0,0,0,
84015443000,0.000,0,8.100,9,8.000,1,2.100,12,0.600,35,0.000,0,0.000,0,0.000,0,0.000,0,0.000,0,0.000,0,1,0,84015000000
84015443000,0.000,0,8.100,9,8.000,1,2.100,12,0.600,35,0.000,0,0.000,0,0.000,0,0.000,0,0.000,0,0.000,0,0,0,
84020443000,0.000,0,8.100,9,8.000,1,2.100,12,0.600,35,0.000,0,0.000,0,0.000,0,0.000,0,0.000,0,0.000,0,1,0,84020000000
84020443000,0.000,0,8.100,9,8.000,1,2.100,12,0.600,35,0.000,0,0.000,0,0.000,0,0.000,0,0.000,0,0.000,0,0,0,
84025443000,0.000,0,8.100,9,8.000,1,2.100,12,0.600,35,0.000,0,0.000,0,0.000,0,0.000,0,0.000,0,0.000,0,1,0,84025000000
84025443000,0.000,0,8.100,9,8.000,1,2.100,12,0.600,35,0.000,0,0.000,0,0.000,0,0.000,0,0.000,0,0.000,0,0,0,
84030443000,0.000,0,8.100,9,8.000,1,2.100,12,0.600,35,0.000,0,0.000,0,0.000,0,0.000,0,0.000,0,0.000,0,1,0,84030000000
84030443000,0.000,0,8.100,9,8.000,1,2.100,12,0.600,35,0.000,0,0.000,0,0.000,0,0.000,0,0.000,0,0.000,0,0,0,
84035453000,0.000,0,8.100,9,8.000,1,2.100,12,0.600,35,0.000,0,0.000,0,0.000,0,0.000,0,0.000,0,0.000,0,1,0,84035000000
84035453000,0.000,0,8.100,9,8.000,1,2.100,12,0.600,35,0.000,0,0.000,0,0.000,0,0.000,0,0.000,0,0.000,0,0,0,
84040453000,0.000,0,8.100,9,8.000,1,2.100,12,0.600,35,0.000,0,0.000,0,0.000,0,0.000,0,0.000,0,0.000,0,1,0,84040000000
84040453000,0.000,0,8.100,9,8.000,1,2.100,12,0.600,35,0.000,0,0.000,0,0.000,0,0.000,0,0.000,0,0.000,0,0,0,
84045453000,0.000,0,8.100,9,8.000,1,2.100,12,0.600,35,0.000,0,0.000,0,0.000,0,0.000,0,0.000,0,0.000,0,1,0,84045000000
84045453000,0.000,0,8.100,9,8.000,1,2.200,10,2.100,12,0.600,35,0.000,0,0.000,0,0.000,0,0.000,0,0.000,0,0,0,
84050453000,0.000,0,8.100,9,8.000,1,2.200,10,2.100,12,0.600,35,0.000,0,0.000,0,0.000,0,0.000,0,0.000,0,1,0,84050000000
84050453000,0.000,0,8.100,9,8.000,1,2.200,10,2.100,12,0.600,35,0.000,0,0.000,0,0.000,0,0.000,0,0.000,0,0,0,
84055453000,0.000,0,8.100,9,8.000,1,2.200,10,2.100,12,0.600,35,0.000,0,0.000,0,0.000,0,0.000,0,0.000,0,1,0,84055000000
84055453000,0.000,0,8.100,9,8.000,1,2.200,10,2.100,12,0.600,35,0.000,0,0.000,0,0.000,0,0.000,0,0.000,0,0,0,
84100452000,0.000,0,8.100,9,8.000,1,2.200,10,2.100,12,0.600,35,0.000,0,0.000,0,0.000,0,0.000,0,0.000,0,1,0,84100000000
84100452000,0.000,0,8.100,9,8.000,1,2.200,10,2.100,12,0.600,35,0.000,0,0.000,0,0.000,0,0.000,0,0.000,0,0,0,
84105453000,0.000,0,8.100,9,8.000,1,2.200,10,2.100,12,0.600,35,0.000,0,0.000,0,0.000,0,0.000,0,0.000,0,1,0,84105000000
84105453000,0.000,0,8.100,9,8.000,1,2.200,10,2.100,12,0.600,35,0.000,0,0.000,0,0.000,0,0.000,0,0.000,0,0,0,
84110453000,0.000,0,8.100,9,8.000,1,2.200,10,2.100,12,0.600,35,0.000,0,0.000,0,0.000,0,0.000,0,0.000,0,1,0,84110000000
84110453000,0.000,0,8.100,9,8.000,1,2.200,10,2.100,12,0.600,35,0.000,0,0.000,0,0.000,0,0.000,0,0.000,0,0,0,
84115453000,0.000,0,8.100,9,8.000,1,2.200,10,2.100,12,0.600,35,0.000,0,0.000,0,0.000,0,0.000,0,0.000,0,1,0,84115000000
84115453000,0.000,0,8.100,9,8.000,1,2.200,10,2.100,12,0.600,35,0.000,0,0.000,0,0.000,0,0.000,0,0.000,0,0,0,
84120453000,0.000,0,8.100,9,8.000,1,2.200,10,2.100,12,0.600,35,0.000,0,0.000,0,0.000,0,0.000,0,0.000,0,1,0,84120000000
84120453000,0.000,0,8.100,9,8.000,1,2.200,10,2.100,12,0.600,35,0.000,0,0.000,0,0.000,0,0.000,0,0.000,0,0,0,
84125453000,0.000,0,8.100,9,8.000,1,2.200,10,2.100,12,0.600,35,0.000,0,0.000,0,0.000,0,0.000,0,0.000,0,1,0,84125000000
84125453000,0.000,0,8.100,9,8.000,1,2.200,10,2.100,12,0.600,35,0.000,0,0.000,0,0.000,0,0.000,0,0.000,0,0,0,
84130453000,0.000,0,8.100,9,8.000,1,2.200,10,2.100,12,0.600,35,0.000,0,0.000,0,0.000,0,0.000,0,0.000,0,1,0,84130000000
84130453000,0.000,0,8.100,9,8.000,1,2.200,10,2.100,12,0.600,35,0.000,0,0.000,0,0.000,0,0.000,0,0.000,0,0,0,
84135453000,0.000,0,8.100,9,8.000,1,2.200,10,2.100,12,0.600,35,0.000,0,0.000,0,0.000,0,0.000,0,0.000,0,1,0,84135000000
84135453000,0.000,0,8.100,9,8.000,1,2.200,10,2.100,12,0.600,35,0.000,0,0.000,0,0.000,0,0.000,0,0.000,0,0,0,
84140453000,0.000,0,8.100,9,8.000,1,2.200,10,2.100,12,0.600,35,0.000,0,0.000,0,0.000,0,0.000,0,0.000,0,1,0,84140000000
84140453000,0.000,0,8.100,9,8.000,1,2.200,10,2.100,12,0.600,35,0.000,0,0.000,0,0.000,0,0.000,0,0.000,0,0,0,
84145453000,0.000,0,8.100,9,8.000,1,2.200,10,2.100,12,0.600,35,0.000,0,0.000,0,0.000,0,0.000,0,0.000,0,1,0,84145000000
84145453000,0.000,0,8.100,9,8.000,1,2.200,10,2.100,12,0.600,35,0.000,0,0.000,0,0.000,0,0.000,0,0.000,0,0,0,
84150453000,0.000,0,8.100,9,8.000,1,2.200,10,2.100,12,0.600,35,0.000,0,0.000,0,0.000,0,0.000,0,0.000,0,1,0,84150000000
84150453000,0.000,0,8.100,9,8.000,1,2.200,10,2.100,12,0.600,35,0.000,0,0.000,0,0.000,0,0.000,0,0.000,0,0,0,
84155453000,0.000,0,8.100,9,8.000,1,2.200,10,2.100,12,0.600,35,0.000,0,0.000,0,0.000,0,0.000,0,0.000,0,1,0,84155000000
84155453000,0.000,0,8.100,9,8.000,1,2.200,10,2.100,12,0.600,35,0.000,0,0.000,0,0.000,0,0.000,0,0.000,0,0,0,
84200453000,0.000,0,8.100,9,8.000,1,2.200,10,2.100,12,0.600,35,0.000,0,0.000,0,0.000,0,0.000,0,0.000,0,1,0,84200000000
84200453000,0.000,0,8.100,9,8.000,1,2.200,10,2.100,12,0.600,35,0.000,0,0.000,0,0.000,0,0.000,0,0.000,0,0,0,
84205453000,0.000,0,8.100,9,8.000,1,2.200,10,2.100,12,0.600,35,0.000,0,0.000,0,0.000,0,0.000,0,0.000,0,1,0,84205000000
84205453000,0.000,0,8.100,9,8.000,1,2.200,10,2.100,12,0.600,35,0.000,0,0.000,0,0.000,0,0.000,0,0.000,0,0,0,
84210453000,0.000,0,8.100,9,8.000,1,2.200,10,2.100,12,0.600,35,0.000,0,0.000,0,0.000,0,0.000,0,0.000,0,1,0,84210000000
84210453000,0.000,0,8.100,9,8.000,1,2.200,10,2.100,12,0.600,35,0.000,0,0.000,0,0.000,0,0.000,0,0.000,0,0,0,
84215453000,0.000,0,8.100,9,8.000,1,2.200,10,2.100,12,0.600,35,0.000,0,0.000,0,0.000,0,0.000,0,0.000,0,1,0,84215000000
84215453000,0.000,0,8.100,9,8.000,1,2.200,10,2.100,12,0.600,35,0.000,0,0.000,0,0.000,0,0.000,0,0.000,0,0,0,
84220453000,0.000,0,8.100,9,8.000,1,2.200,10,2.100,12,0.600,35,0.000,0,0.000,0,0.000,0,0.000,0,0.000,0,1,0,84220000000
84220453000,0.000,0,8.100,9,8.000,1,2.200,10,2.100,12,0.600,35,0.000,0,0.000,0,0.000,0,0.000,0,0.000,0,0,0,
84225453000,0.000,0,8.100,9,8.000,1,2.200,10,2.100,12,0.600,35,0.000,0,0.000,0,0.000,0,0.000,0,0.000,0,1,0,84225000000
84225453000,0.000,0,8.100,9,8.000,1,2.200,10,2.100,12,0.600,35,0.000,0,0.000,0,0.000,0,0.000,0,0.000,0,0,0,
84230453000,0.000,0,8.100,9,8.000,1,2.200,10,2.100,12,0.600,35,0.000,0,0.000,0,0.000,0,0.000,0,0.000,0,1,0,84230000000
84230453000,0.000,0,8.100,9,8.000,1,2.200,10,2.100,12,0.600,35,0.000,0,0.000,0,0.000,0,0.000,0,0.000,0,0,0,
84235453000,0.000,0,8.100,9,8.000,1,2.200,10,2.100,12,0.600,35,0.000,0,0.000,0,0.000,0,0.000,0,0.000,0,1,0,84235000000
84235453000,0.000,0,8.100,9,8.000,1,2.200,10,2.100,12,0.600,35,0.000,0,0.000,0,0.000,0,0.000,0,0.000,0,0,0,
84240453000,0.000,0,8.100,9,8.000,1,2.200,10,2.100,12,0.600,35,0.000,0,0.000,0,0.000,0,0.000,0,0.000,0,1,0,84240000000
84240453000,0.000,0,8.100,9,8.000,1,2.200,10,2.100,12,0.600,35,0.000,0,0.000,0,0.000,0,0.000,0,0.000,0,0,0,
84245453000,0.000,0,8.100,9,8.000,1,2.200,10,2.100,12,0.600,35,0.000,0,0.000,0,0.000,0,0.000,0,0.000,0,1,0,84245000000
84245453000,0.000,0,8.100,9,8.000,1,2.200,10,2.100,12,0.600,35,0.000,0,0.000,0,0.000,0,0.000,0,0.000,0,0,0,
84250453000,0.000,0,8.100,9,8.000,1,2.200,10,2.100,12,0.600,35,0.000,0,0.000,0,0.000,0,0.000,0,0.000,0,1,0,84250000000
84250453000,0.000,0,8.100,9,8.000,1,2.200,10,2.100,12,0.600,35,0.000,0,0.000,0,0.000,0,0.000,0,0.000,0,0,0,
84255453000,0.000,0,8.100,9,8.000,1,2.200,10,2.100,12,0.600,35,0.000,0,0.000,0,0.000,0,0.000,0,0.000,0,1,0,84255000000
84255453000,0.000,0,8.100,9,8.000,1,2.200,10,2.100,12,0.600,35,0.000,0,0.000,0,0.000,0,0.000,0,0.000,0,0,0,
84300453000,0.000,0,8.100,9,8.000,1,2.200,10,2.100,12,0.600,35,0.000,0,0.000,0,0.000,0,0.000,0,0.000,0,1,0,84300000000
84300453000,0.000,0,8.100,9,8.000,1,2.200,10,2.100,12,0.600,35,0.000,0,0.000,0,0.000,0,0.000,0,0.000,0,0,0,
84305453000,0.000,0,8.100,9,8.000,1,2.200,10,2.100,12,0.600,35,0.000,0,0.000,0,0.000,0,0.000,0,0.000,0,1,0,84305000000
84305453000,0.000,0,8.100,9,8.000,1,2.200,10,2.100,12,0.600,35,0.000,0,0.000,0,0.000,0,0.000,0,0.000,0,0,0,
84310453000,0.000,0,8.100,9,8.000,1,2.200,10,2.100,12,0.600,35,0.000,0,0.000,0,0.000,0,0.000,0,0.000,0,1,0,84310000000
84310453000,0.000,0,8.100,9,8.000,1,2.200,10,2.100,12,0.600,35,0.000,0,0.000,0,0.000,0,0.000,0,0.000,0,0,0,
84315453000,0.000,0,8.100,9,8.000,1,2.200,10,2.100,12,0.600,35,0.000,0,0.000,0,0.000,0,0.000,0,0.000,0,1,0,84315000000
84315453000,0.000,0,8.100,9,8.000,1,2.200,10,2.100,12,0.600,35,0.000,0,0.000,0,0.000,0,0.000,0,0.000,0,0,0,
84320453000,0.000,0,8.100,9,8.000,1,2.200,10,2.100,12,0.600,35,0.000,0,0.000,0,0.000,0,0.000,0,0.000,0,1,0,84320000000
84320453000,0.000,0,8.100,9,8.000,1,2.200,10,2.100,12,0.600,35,0.000,0,0.000,0,0.000,0,0.000,0,0.000,0,0,0,
84325453000,0.000,0,8.100,9,8.000,1,2.200,10,2.100,12,0.600,35,0.000,0,0.000,0,0.000,0,0.000,0,0.000,0,1,0,84325000000
84325453000,0.000,0,8.100,9,8.000,1,2.200,10,2.100,12,0.600,35,0.000,0,0.000,0,0.000,0,0.000,0,0.000,0,0,0,
84330453000,0.000,0,8.100,9,8.000,1,2.200,10,2.100,12,0.600,35,0.000,0,0.000,0,0.000,0,0.000,0,0.000,0,1,0,84330000000
84330453000,0.000,0,8.100,9,8.000,1,2.200,10,2.100,12,0.600,35,0.000,0,0.000,0,0.000,0,0.000,0,0.000,0,0,0,
84335453000,0.000,0,8.100,9,8.000,1,2.200,10,2.100,12,0.600,35,0.000,0,0.000,0,0.000,0,0.000,0,0.000,0,1,0,84335000000
84335453000,0.000,0,8.100,9,8.000,1,2.200,10,2.100,12,0.600,35,0.000,0,0.000,0,0.000,0,0.000,0,0.000,0,0,0,
84340453000,0.000,0,8.100,9,8.000,1,2.200,10,2.100,12,0.600,35,0.000,0,0.000,0,0.000,0,0.000,0,0.000,0,1,0,84340000000
84340453000,0.000,0,8.100,9,8.000,1,2.200,10,2.100,12,0.600,35,0.000,0,0.000,0,0.000,0,0.000,0,0.000,0,0,0,
84345453000,0.000,0,8.100,9,8.000,1,2.200,10,2.100,12,0.600,35,0.000,0,0.000,0,0.000,0,0.000,0,0.000,0,1,0,84345000000
84345453000,0.000,0,8.100,9,8.000,1,2.200,10,2.100,12,0.600,35,0.000,0,0.000,0,0.000,0,0.000,0,0.000,0,0,0,
84350453000,0.000,0,8.100,9,8.000,1,2.200,10,2.100,12,0.600,35,0.000,0,0.000,0,0.000,0,0.000,0,0.000,0,1,0,84350000000
84350453000,0.000,0,8.100,9,8.000,1,2.200,10,2.100,12,0.600,35,0.000,0,0.000,0,0.000,0,0.000,0,0.000,0,0,0,
84355453000,0.000,0,8.100,9,8.000,1,2.200,10,2.100,12,0.600,35,0.000,0,0.000,0,0.000,0,0.000,0,0.000,0,1,0,84355000000
84355453000,0.000,0,8.100,9,8.000,1,2.200,10,2.100,12,0.600,35,0.000,0,0.000,0,0.000,0,0.000,0,0.000,0,0,0,
84400453000,0.000,0,8.100,9,8.000,1,2.200,10,2.100,12,0.600,35,0.000,0,0.000,0,0.000,0,0.000,0,0.000,0,1,0,84400000000
84400453000,0.000,0,8.100,9,8.000,1,2.200,10,2.100,12,0.600,35,0.000,0,0.000,0,0.000,0,0.000,0,0.000,0,0,0,
84405453000,0.000,0,8.100,9,8.000,1,2.200,10,2.100,12,0.600,35,0.000,0,0.000,0,0.000,0,0.000,0,0.000,0,1,0,84405000000
84405453000,0.000,0,8.100,9,8.000,1,2.200,10,2.100,12,0.600,35,0.000,0,0.000,0,0.000,0,0.000,0,0.000,0,0,0,
84410453000,0.000,0,8.100,9,8.000,1,2.200,10,2.100,12,0.600,35,0.000,0,0.000,0,0.000,0,0.000,0,0.000,0,1,0,84410000000
84410453000,0.000,0,8.100,9,8.000,1,2.200,10,2.100,12,0.600,35,0.000,0,0.000,0,0.000,0,0.000,0,0.000,0,0,0,
84415453000,0.000,0,8.100,9,8.000,1,2.200,10,2.100,12,0.600,35,0.000,0,0.000,0,0.000,0,0.000,0,0.000,0,1,0,84415000000
84415453000,0.000,0,8.100,9,8.000,1,2.200,10,2.100,12,0.600,35,0.000,0,0.000,0,0.000,0,0.000,0,0.000,0,0,0,
84420453000,0.000,0,8.100,9,8.000,1,2.200,10,2.100,12,0.600,35,0.000,0,0.000,0,0.000,0,0.000,0,0.000,0,1,0,84420000000
84420453000,0.000,0,8.100,9,8.000,1,2.200,10,2.100,12,0.600,35,0.000,0,0.000,0,0.000,0,0.000,0,0.000,0,0,0,
84425453000,0.000,0,8.100,9,8.000,1,2.200,10,2.100,12,0.600,35,0.000,0,0.000,0,0.000,0,0.000,0,0.000,0,1,0,84425000000
84425453000,0.000,0,8.100,9,8.000,1,2.200,10,2.100,12,0.600,35,0.000,0,0.000,0,0.000,0,0.000,0,0.000,0,0,0,
84430453000,0.000,0,8.100,9,8.000,1,2.200,10,2.100,12,0.600,35,0.000,0,0.000,0,0.000,0,0.000,0,0.000,0,1,0,84430000000
84430453000,0.000,0,8.100,9,8.000,1,2.200,10,2.100,12,0.600,35,0.000,0,0.000,0,0.000,0,0.000,0,0.000,0,0,0,
84435453000,0.000,0,8.100,9,8.000,1,2.200,10,2.100,12,0.600,35,0.000,0,0.000,0,0.000,0,0.000,0,0.000,0,1,0,84435000000
84435453000,0.000,0,8.100,9,8.000,1,2.200,10,2.100,12,0.600,35,0.000,0,0.000,0,0.000,0,0.000,0,0.000,0,0,0,
84440463000,0.000,0,8.100,9,8.000,1,2.200,10,2.100,12,0.600,35,0.000,0,0.000,0,0.000,0,0.000,0,0.000,0,1,0,84440000000
84440463000,0.000,0,8.100,9,8.000,1,2.200,10,2.100,12,0.600,35,0.000,0,0.000,0,0.000,0,0.000,0,0.000,0,0,0,
84445463000,0.000,0,8.100,9,8.000,1,2.200,10,2.100,12,0.600,35,0.000,0,0.000,0,0.000,0,0.000,0,0.000,0,1,0,84445000000
84445463000,0.000,0,8.100,9,8.000,1,2.200,10,2.100,12,0.600,35,0.000,0,0.000,0,0.000,0,0.000,0,0.000,0,0,0,
84450463000,0.000,0,8.100,9,8.000,1,2.200,10,2.100,12,0.600,35,0.000,0,0.000,0,0.000,0,0.000,0,0.000,0,1,0,84450000000
84450463000,0.000,0,8.100,9,8.000,1,2.200,10,2.100,12,0.600,35,0.000,0,0.000,0,0.000,0,0.000,0,0.000,0,0,0,
84455463000,0.000,0,8.100,9,8.000,1,2.200,10,2.100,12,0.600,35,0.000,0,0.000,0,0.000,0,0.000,0,0.000,0,1,0,84455000000
84455463000,0.000,0,8.100,9,8.000,1,2.200,10,2.100,12,0.600,35,0.000,0,0.000,0,0.000,0,0.000,0,0.000,0,0,0,
84500048000,0.000,0,8.100,9,8.000,1,2.200,10,2.100,12,0.600,35,0.000,0,0.000,0,0.000,0,0.000,0,0.000,0,0,0,
85120793000,0.000,0,1080.000,1,8.100,9,8.000,1,2.200,10,2.100,12,1410.000,1,0.000,0,0.000,0,0.000,0,0.000,0,0,0,
85330295000,0.000,0,1220.000,20,1080.000,1,8.100,9,8.000,1,2.200,10,1260.000,20,1410.000,1,0.000,0,0.000,0,0.000,0,0,0,
85336041000,0.000,0,1230.000,20,1080.000,1,8.100,9,8.000,1,2.200,10,1270.000,20,1410.000,1,0.000,0,0.000,0,0.000,0,0,0,
85339041000,0.000,0,1220.000,20,1080.000,1,8.100,9,8.000,1,2.200,10,1260.000,20,1410.000,1,0.000,0,0.000,0,0.000,0,0,0,
85340041000,0.000,0,1230.000,20,1080.000,1,8.100,9,8.000,1,2.200,10,1270.000,20,1410.000,1,0.000,0,0.000,0,0.000,0,0,0,
85405041000,0.000,0,1220.000,20,1080.000,1,8.100,9,8.000,1,2.200,10,1260.000,20,1410.000,1,0.000,0,0.000,0,0.000,0,0,0,
85406041000,0.000,0,1230.000,20,1080.000,1,8.100,9,8.000,1,2.200,10,1270.000,20,1410.000,1,0.000,0,0.000,0,0.000,0,0,0,
85407042000,0.000,0,1220.000,20,1080.000,1,8.100,9,8.000,1,2.200,10,1260.000,20,1410.000,1,0.000,0,0.000,0,0.000,0,0,0,
85408041000,0.000,0,1230.000,20,1080.000,1,8.100,9,8.000,1,2.200,10,1270.000,20,1410.000,1,0.000,0,0.000,0,0.000,0,0,0,
85409042000,0.000,0,1220.000,20,1080.000,1,8.100,9,8.000,1,2.200,10,1260.000,20,1410.000,1,0.000,0,0.000,0,0.000,0,0,0,
85412666000,0.000,0,1230.000,20,1080.000,1,8.100,9,8.000,1,2.200,10,1270.000,20,1410.000,1,0.000,0,0.000,0,0.000,0,0,0,
85416041000,0.000,0,1220.000,20,1080.000,1,8.100,9,8.000,1,2.200,10,1260.000,20,1410.000,1,0.000,0,0.000,0,0.000,0,0,0,
85419166000,0.000,0,1230.000,20,1080.000,1,8.100,9,8.000,1,2.200,10,1270.000,20,1410.000,1,0.000,0,0.000,0,0.000,0,0,0,
85429041000,0.000,0,1220.000,20,1080.000,1,8.100,9,8.000,1,2.200,10,1260.000,20,1410.000,1,0.000,0,0.000,0,0.000,0,0,0,
85431041000,0.000,0,1230.000,20,1080.000,1,8.100,9,8.000,1,2.200,10,1270.000,20,1410.000,1,0.000,0,0.000,0,0.000,0,0,0,
85433666000,0.000,0,1220.000,20,1080.000,1,8.100,9,8.000,1,2.200,10,1260.000,20,1410.000,1,0.000,0,0.000,0,0.000,0,0,0,
85446043000,0.000,0,1230.000,20,1080.000,1,8.100,9,8.000,1,2.200,10,1270.000,20,1410.000,1,0.000,0,0.000,0,0.000,0,0,0,
85447043000,0.000,0,1220.000,20,1080.000,1,8.100,9,8.000,1,2.200,10,1260.000,20,1410.000,1,0.000,0,0.000,0,0.000,0,0,0,
85455166000,0.000,0,1230.000,20,1080.000,1,8.100,9,8.000,1,2.200,10,1270.000,20,1410.000,1,0.000,0,0.000,0,0.000,0,0,0,
85619167000,0.000,0,1240.000,20,1080.000,1,8.100,9,8.000,1,2.200,10,1280.000,20,1410.000,1,0.000,0,0.000,0,0.000,0,0,0,
85623666000,0.000,0,1230.000,20,1080.000,1,8.100,9,8.000,1,2.200,10,1270.000,20,1410.000,1,0.000,0,0.000,0,0.000,0,0,0,
85624666000,0.000,0,1240.000,20,1080.000,1,8.100,9,8.000,1,2.200,10,1280.000,20,1410.000,1,0.000,0,0.000,0,0.000,0,0,0,
85627667000,0.000,0,1230.000,20,1080.000,1,8.100,9,8.000,1,2.200,10,1270.000,20,1410.000,1,0.000,0,0.000,0,0.000,0,0,0,
85836291000,0.000,0,1230.000,25,1080.000,1,8.100,9,8.000,1,2.200,10,1260.000,5,1270.000,20,1410.000,1,0.000,0,0.000,0,0,0,
85837166000,0.000,0,1230.000,25,1080.000,1,8.100,9,8.000,1,2.200,10,1250.000,20,1260.000,5,1410.000,1,0.000,0,0.000,0,0,0,
85859292000,0.000,0,1230.000,20,1080.000,1,8.100,9,8.000,1,2.200,10,1250.000,20,1260.000,5,1410.000,1,0.000,0,0.000,0,0,0,
85859417000,0.000,0,1210.000,20,1080.000,1,8.100,9,8.000,1,2.200,10,1250.000,20,1260.000,5,1410.000,1,0.000,0,0.000,0,0,0,
90001167000,0.000,0,1080.000,1,8.100,9,8.000,1,2.200,10,2.100,12,1260.000,5,1410.000,1,0.000,0,0.000,0,0.000,0,0,0,
90002543000,0.000,0,1220.000,20,1080.000,1,8.100,9,8.000,1,2.200,10,1260.000,25,1410.000,1,0.000,0,0.000,0,0.000,0,0,0,
90006166000,0.000,0,1210.000,20,1080.000,1,8.100,9,8.000,1,2.200,10,1250.000,20,1260.000,5,1410.000,1,0.000,0,0.000,0,0,0,
90007292000,0.000,0,1220.000,20,1080.000,1,8.100,9,8.000,1,2.200,10,1260.000,25,1410.000,1,0.000,0,0.000,0,0.000,0,0,0,
90009794000,0.000,0,1220.000,20,1080.000,1,8.100,9,8.000,1,2.200,10,1260.000,20,1410.000,1,0.000,0,0.000,0,0.000,0,0,0,
90010292000,0.000,0,1240.000,20,1080.000,1,8.100,9,8.000,1,2.200,10,1280.000,20,1410.000,1,0.000,0,0.000,0,0.000,0,0,0,
90017417000,0.000,0,1230.000,20,1080.000,1,8.100,9,8.000,1,2.200,10,1270.000,20,1410.000,1,0.000,0,0.000,0,0.000,0,0,0,
90031292000,0.000,0,1240.000,20,1080.000,1,8.100,9,8.000,1,2.200,10,1280.000,20,1410.000,1,0.000,0,0.000,0,0.000,0,0,0,
90101417000,0.000,0,1250.000,20,1080.000,1,8.100,9,8.000,1,2.200,10,1290.000,20,1410.000,1,0.000,0,0.000,0,0.000,0,0,0,
90104669000,0.000,0,1240.000,20,1080.000,1,8.100,9,8.000,1,2.200,10,1280.000,20,1410.000,1,0.000,0,0.000,0,0.000,0,0,0,
90114670000,0.000,0,1250.000,20,1080.000,1,8.100,9,8.000,1,2.200,10,1290.000,20,1410.000,1,0.000,0,0.000,0,0.000,0,0,0,
90115793000,0.000,0,1240.000,20,1080.000,1,8.100,9,8.000,1,2.200,10,1280.000,20,1410.000,1,0.000,0,0.000,0,0.000,0,0,0,
90126668000,0.000,0,1230.000,20,1080.000,1,8.100,9,8.000,1,2.200,10,1270.000,20,1410.000,1,0.000,0,0.000,0,0.000,0,0,0,
90128292000,0.000,0,1240.000,20,1080.000,1,8.100,9,8.000,1,2.200,10,1280.000,20,1410.000,1,0.000,0,0.000,0,0.000,0,0,0,
90129291000,0.000,0,1230.000,20,1080.000,1,8.100,9,8.000,1,2.200,10,1270.000,20,1410.000,1,0.000,0,0.000,0,0.000,0,0,0,
90131291000,0.000,0,1240.000,20,1080.000,1,8.100,9,8.000,1,2.200,10,1280.000,20,1410.000,1,0.000,0,0.000,0,0.000,0,0,0,
90132291000,0.000,0,1230.000,20,1080.000,1,8.100,9,8.000,1,2.200,10,1270.000,20,1410.000,1,0.000,0,0.000,0,0.000,0,0,0,
90133292000,0.000,0,1240.000,20,1080.000,1,8.100,9,8.000,1,2.200,10,1280.000,20,1410.000,1,0.000,0,0.000,0,0.000,0,0,0,
90138291000,0.000,0,1230.000,20,1080.000,1,8.100,9,8.000,1,2.200,10,1270.000,20,1410.000,1,0.000,0,0.000,0,0.000,0,0,0,
90140291000,0.000,0,1240.000,20,1080.000,1,8.100,9,8.000,1,2.200,10,1280.000,20,1410.000,1,0.000,0,0.000,0,0.000,0,0,0,
90141292000,0.000,0,1230.000,20,1080.000,1,8.100,9,8.000,1,2.200,10,1270.000,20,1410.000,1,0.000,0,0.000,0,0.000,0,0,0,
90146292000,0.000,0,1240.000,20,1080.000,1,8.100,9,8.000,1,2.200,10,1280.000,20,1410.000,1,0.000,0,0.000,0,0.000,0,0,0,
90147791000,0.000,0,1230.000,20,1080.000,1,8.100,9,8.000,1,2.200,10,1270.000,20,1410.000,1,0.000,0,0.000,0,0.000,0,0,0,
90148916000,0.000,0,1230.000,25,1080.000,1,8.100,9,8.000,1,2.200,10,1270.000,25,1410.000,1,0.000,0,0.000,0,0.000,0,0,0,
90301793000,0.000,0,1250.000,20,1230.000,5,1080.000,1,8.100,9,8.000,1,1290.000,20,1410.000,1,0.000,0,0.000,0,0.000,0,0,0,
90302917000,0.000,0,1240.000,20,1230.000,5,1080.000,1,8.100,9,8.000,1,1280.000,20,1410.000,1,0.000,0,0.000,0,0.000,0,0,0,
90303916000,0.000,0,1250.000,20,1230.000,5,1080.000,1,8.100,9,8.000,1,1290.000,20,1410.000,1,0.000,0,0.000,0,0.000,0,0,0,
90352167000,0.000,0,1250.000,20,1080.000,1,8.100,9,8.000,1,2.200,10,1290.000,20,1410.000,1,0.000,0,0.000,0,0.000,0,0,0,
90357416000,0.000,0,1260.000,20,1080.000,1,8.100,9,8.000,1,2.200,10,1300.000,20,1410.000,1,0.000,0,0.000,0,0.000,0,0,0,
90358417000,0.000,0,1250.000,20,1080.000,1,8.100,9,8.000,1,2.200,10,1290.000,20,1410.000,1,0.000,0,0.000,0,0.000,0,0,0,
90402291000,0.000,0,1260.000,20,1080.000,1,8.100,9,8.000,1,2.200,10,1300.000,20,1410.000,1,0.000,0,0.000,0,0.000,0,0,0,
90407417000,0.000,0,1250.000,20,1080.000,1,8.100,9,8.000,1,2.200,10,1290.000,20,1410.000,1,0.000,0,0.000,0,0.000,0,0,0,
90408417000,0.000,0,1260.000,20,1080.000,1,8.100,9,8.000,1,2.200,10,1300.000,20,1410.000,1,0.000,0,0.000,0,0.000,0,0,0,
90410416000,0.000,0,1250.000,20,1080.000,1,8.100,9,8.000,1,2.200,10,1290.000,20,1410.000,1,0.000,0,0.000,0,0.000,0,0,0,
90411416000,0.000,0,1260.000,20,1080.000,1,8.100,9,8.000,1,2.200,10,1300.000,20,1410.000,1,0.000,0,0.000,0,0.000,0,0,0,
90413042000,0.000,0,1250.000,20,1080.000,1,8.100,9,8.000,1,2.200,10,1290.000,20,1410.000,1,0.000,0,0.000,0,0.000,0,0,0,
90429293000,0.000,0,1260.000,20,1080.000,1,8.100,9,8.000,1,2.200,10,1300.000,20,1410.000,1,0.000,0,0.000,0,0.000,0,0,0,
90455416000,0.000,0,1250.000,20,1080.000,1,8.100,9,8.000,1,2.200,10,1290.000,20,1410.000,1,0.000,0,0.000,0,0.000,0,0,0,
90500418000,0.000,0,1260.000,20,1080.000,1,8.100,9,8.000,1,2.200,10,1300.000,20,1410.000,1,0.000,0,0.000,0,0.000,0,0,0,
90501417000,0.000,0,1250.000,20,1080.000,1,8.100,9,8.000,1,2.200,10,1290.000,20,1410.000,1,0.000,0,0.000,0,0.000,0,0,0,
90502791000,0.000,0,1260.000,20,1080.000,1,8.100,9,8.000,1,2.200,10,1300.000,20,1410.000,1,0.000,0,0.000,0,0.000,0,0,0,
90503791000,0.000,0,1250.000,20,1080.000,1,8.100,9,8.000,1,2.200,10,1290.000,20,1410.000,1,0.000,0,0.000,0,0.000,0,0,0,
90504791000,0.000,0,1260.000,20,1080.000,1,8.100,9,8.000,1,2.200,10,1300.000,20,1410.000,1,0.000,0,0.000,0,0.000,0,0,0,
90506417000,0.000,0,1250.000,20,1080.000,1,8.100,9,8.000,1,2.200,10,1290.000,20,1410.000,1,0.000,0,0.000,0,0.000,0,0,0,
90507416000,0.000,0,1260.000,20,1080.000,1,8.100,9,8.000,1,2.200,10,1300.000,20,1410.000,1,0.000,0,0.000,0,0.000,0,0,0,
90517541000,0.000,0,1250.000,20,1080.000,1,8.100,9,8.000,1,2.200,10,1290.000,20,1410.000,1,0.000,0,0.000,0,0.000,0,0,0,
90520417000,0.000,0,1260.000,20,1080.000,1,8.100,9,8.000,1,2.200,10,1300.000,20,1410.000,1,0.000,0,0.000,0,0.000,0,0,0,
90525416000,0.000,0,1250.000,20,1080.000,1,8.100,9,8.000,1,2.200,10,1290.000,20,1410.000,1,0.000,0,0.000,0,0.000,0,0,0,
90543544000,0.000,0,1240.000,20,1080.000,1,8.100,9,8.000,1,2.200,10,1280.000,20,1410.000,1,0.000,0,0.000,0,0.000,0,0,0,
90546417000,0.000,0,1250.000,20,1080.000,1,8.100,9,8.000,1,2.200,10,1290.000,20,1410.000,1,0.000,0,0.000,0,0.000,0,0,0,
90601167000,0.000,0,1260.000,20,1080.000,1,8.100,9,8.000,1,2.200,10,1300.000,20,1410.000,1,0.000,0,0.000,0,0.000,0,0,0,
90606542000,0.000,0,1250.000,20,1080.000,1,8.100,9,8.000,1,2.200,10,1290.000,20,1410.000,1,0.000,0,0.000,0,0.000,0,0,0,
90607791000,0.000,0,1260.000,20,1080.000,1,8.100,9,8.000,1,2.200,10,1300.000,20,1410.000,1,0.000,0,0.000,0,0.000,0,0,0,
90611542000,0.000,0,1250.000,20,1080.000,1,8.100,9,8.000,1,2.200,10,1290.000,20,1410.000,1,0.000,0,0.000,0,0.000,0,0,0,
90617666000,0.000,0,1260.000,20,1080.000,1,8.100,9,8.000,1,2.200,10,1300.000,20,1410.000,1,0.000,0,0.000,0,0.000,0,0,0,
90621541000,0.000,0,1250.000,20,1080.000,1,8.100,9,8.000,1,2.200,10,1290.000,20,1410.000,1,0.000,0,0.000,0,0.000,0,0,0,
90621916000,0.000,0,1250.000,25,1080.000,1,8.100,9,8.000,1,2.200,10,1290.000,25,1410.000,1,0.000,0,0.000,0,0.000,0,0,0,
90745417000,0.000,0,1250.000,25,1080.000,1,8.100,9,8.000,1,2.200,10,1290.000,20,1410.000,1,0.000,0,0.000,0,0.000,0,0,0,
90745542000,0.000,0,1270.000,20,1250.000,5,1080.000,1,8.100,9,8.000,1,1310.000,20,1410.000,1,0.000,0,0.000,0,0.000,0,0,0,
90752667000,0.000,0,1260.000,20,1250.000,5,1080.000,1,8.100,9,8.000,1,1300.000,20,1410.000,1,0.000,0,0.000,0,0.000,0,0,0,
90755544000,0.000,0,1270.000,20,1250.000,5,1080.000,1,8.100,9,8.000,1,1310.000,20,1410.000,1,0.000,0,0.000,0,0.000,0,0,0,
90800292000,0.000,0,1260.000,20,1250.000,5,1080.000,1,8.100,9,8.000,1,1300.000,20,1410.000,1,0.000,0,0.000,0,0.000,0,0,0,
90801291000,0.000,0,1270.000,20,1250.000,5,1080.000,1,8.100,9,8.000,1,1310.000,20,1410.000,1,0.000,0,0.000,0,0.000,0,0,0,
90848291000,0.000,0,1270.000,20,1080.000,1,8.100,9,8.000,1,2.200,10,1300.000,5,1310.000,20,1410.000,1,0.000,0,0.000,0,0,0,
90848541000,0.000,0,1250.000,20,1080.000,1,8.100,9,8.000,1,2.200,10,1290.000,20,1300.000,5,1410.000,1,0.000,0,0.000,0,0,0,
90903541000,0.000,0,1260.000,20,1080.000,1,8.100,9,8.000,1,2.200,10,1300.000,25,1410.000,1,0.000,0,0.000,0,0.000,0,0,0,
90907542000,0.000,0,1250.000,20,1080.000,1,8.100,9,8.000,1,2.200,10,1290.000,20,1300.000,5,1410.000,1,0.000,0,0.000,0,0,0,
90919041000,0.000,0,1260.000,5,1250.000,20,1080.000,1,8.100,9,8.000,1,1290.000,20,1300.000,5,1410.000,1,0.000,0,0.000,0,0,0,
90919416000,0.000,0,1270.000,20,1260.000,5,1080.000,1,8.100,9,8.000,1,1290.000,20,1300.000,5,1410.000,1,0.000,0,0.000,0,0,0,
90920543000,0.000,0,1270.000,20,1260.000,5,1080.000,1,8.100,9,8.000,1,1300.000,25,1410.000,1,0.000,0,0.000,0,0.000,0,0,0,
90921666000,0.000,0,1270.000,20,1260.000,5,1080.000,1,8.100,9,8.000,1,1290.000,20,1300.000,5,1410.000,1,0.000,0,0.000,0,0,0,
90921917000,0.000,0,1260.000,5,1080.000,1,8.100,9,8.000,1,2.200,10,1300.000,5,1410.000,1,0.000,0,0.000,0,0.000,0,0,0,
90922916000,0.000,0,1270.000,20,1260.000,5,1080.000,1,8.100,9,8.000,1,1300.000,25,1410.000,1,0.000,0,0.000,0,0.000,0,0,0,
90926795000,0.000,0,1270.000,20,1260.000,5,1080.000,1,8.100,9,8.000,1,1290.000,20,1300.000,5,1410.000,1,0.000,0,0.000,0,0,0,
90934043000,0.000,0,1260.000,25,1080.000,1,8.100,9,8.000,1,2.200,10,1290.000,20,1300.000,5,1410.000,1,0.000,0,0.000,0,0,0,
90957418000,0.000,0,1270.000,20,1260.000,5,1080.000,1,8.100,9,8.000,1,1290.000,20,1300.000,5,1410.000,1,0.000,0,0.000,0,0,0,
91000045000,0.000,0,1260.000,5,1080.000,1,8.100,9,8.000,1,2.200,10,1300.000,5,1410.000,1,0.000,0,0.000,0,0.000,0,0,0,
91002292000,0.000,0,1270.000,20,1260.000,5,1080.000,1,8.100,9,8.000,1,1290.000,20,1300.000,5,1410.000,1,0.000,0,0.000,0,0,0,
91006548000,0.000,0,1260.000,5,1080.000,1,8.100,9,8.000,1,2.200,10,1300.000,5,1410.000,1,0.000,0,0.000,0,0.000,0,0,0,
91008166000,0.000,0,1260.000,25,1080.000,1,8.100,9,8.000,1,2.200,10,1290.000,20,1300.000,5,1410.000,1,0.000,0,0.000,0,0,0,
91011044000,0.000,0,1260.000,20,1080.000,1,8.100,9,8.000,1,2.200,10,1290.000,20,1300.000,5,1410.000,1,0.000,0,0.000,0,0,0,
91011542000,0.000,0,1250.000,20,1080.000,1,8.100,9,8.000,1,2.200,10,1290.000,20,1300.000,5,1410.000,1,0.000,0,0.000,0,0,0,
91036667000,0.000,0,1240.000,20,1080.000,1,8.100,9,8.000,1,2.200,10,1280.000,20,1300.000,5,1410.000,1,0.000,0,0.000,0,0,0,
91037667000,0.000,0,1250.000,20,1080.000,1,8.100,9,8.000,1,2.200,10,1290.000,20,1300.000,5,1410.000,1,0.000,0,0.000,0,0,0,
91044667000,0.000,0,1240.000,20,1080.000,1,8.100,9,8.000,1,2.200,10,1280.000,20,1300.000,5,1410.000,1,0.000,0,0.000,0,0,0,
91045666000,0.000,0,1250.000,20,1080.000,1,8.100,9,8.000,1,2.200,10,1290.000,20,1300.000,5,1410.000,1,0.000,0,0.000,0,0,0,
91046666000,0.000,0,1240.000,20,1080.000,1,8.100,9,8.000,1,2.200,10,1280.000,20,1300.000,5,1410.000,1,0.000,0,0.000,0,0,0,
91057668000,0.000,0,1250.000,20,1080.000,1,8.100,9,8.000,1,2.200,10,1290.000,20,1300.000,5,1410.000,1,0.000,0,0.000,0,0,0,
91110542000,0.000,0,1240.000,20,1080.000,1,8.100,9,8.000,1,2.200,10,1280.000,20,1300.000,5,1410.000,1,0.000,0,0.000,0,0,0,
91113547000,0.000,0,1250.000,20,1080.000,1,8.100,9,8.000,1,2.200,10,1290.000,20,1300.000,5,1410.000,1,0.000,0,0.000,0,0,0,
91115791000,0.000,0,1250.000,25,1080.000,1,8.100,9,8.000,1,2.200,10,1290.000,20,1410.000,1,0.000,0,0.000,0,0.000,0,0,0,
91124292000,0.000,0,1250.000,20,1080.000,1,8.100,9,8.000,1,2.200,10,1290.000,20,1410.000,1,0.000,0,0.000,0,0.000,0,0,0,
91124542000,0.000,0,1240.000,20,1080.000,1,8.100,9,8.000,1,2.200,10,1280.000,20,1410.000,1,0.000,0,0.000,0,0.000,0,0,0,
91153793000,0.000,0,1250.000,20,1080.000,1,8.100,9,8.000,1,2.200,10,1290.000,20,1410.000,1,0.000,0,0.000,0,0.000,0,0,0,
91154917000,0.000,0,1240.000,20,1080.000,1,8.100,9,8.000,1,2.200,10,1280.000,20,1410.000,1,0.000,0,0.000,0,0.000,0,0,0,
91158044000,0.000,0,1250.000,20,1080.000,1,8.100,9,8.000,1,2.200,10,1290.000,20,1410.000,1,0.000,0,0.000,0,0.000,0,0,0,
91200168000,0.000,0,1240.000,20,1080.000,1,8.100,9,8.000,1,2.200,10,1280.000,20,1410.000,1,0.000,0,0.000,0,0.000,0,0,0,
91202667000,0.000,0,1250.000,20,1080.000,1,8.100,9,8.000,1,2.200,10,1290.000,20,1410.000,1,0.000,0,0.000,0,0.000,0,0,0,
91223666000,0.000,0,1260.000,20,1080.000,1,8.100,9,8.000,1,2.200,10,1300.000,20,1410.000,1,0.000,0,0.000,0,0.000,0,0,0,
91224666000,0.000,0,1250.000,20,1080.000,1,8.100,9,8.000,1,2.200,10,1290.000,20,1410.000,1,0.000,0,0.000,0,0.000,0,0,0,
91239416000,0.000,0,1250.000,25,1080.000,1,8.100,9,8.000,1,2.200,10,1280.000,5,1290.000,20,1410.000,1,0.000,0,0.000,0,0,0,
91239666000,0.000,0,1250.000,25,1080.000,1,8.100,9,8.000,1,2.200,10,1280.000,25,1410.000,1,0.000,0,0.000,0,0.000,0,0,0,
91243294000,0.000,0,1250.000,25,1080.000,1,8.100,9,8.000,1,2.200,10,1280.000,20,1410.000,1,0.000,0,0.000,0,0.000,0,0,0,
91244168000,0.000,0,1260.000,20,1250.000,5,1080.000,1,8.100,9,8.000,1,1300.000,20,1410.000,1,0.000,0,0.000,0,0.000,0,0,0,
91246542000,0.000,0,1270.000,20,1250.000,5,1080.000,1,8.100,9,8.000,1,1310.000,20,1410.000,1,0.000,0,0.000,0,0.000,0,0,0,
91247667000,0.000,0,1260.000,20,1250.000,5,1080.000,1,8.100,9,8.000,1,1300.000,20,1410.000,1,0.000,0,0.000,0,0.000,0,0,0,
91249667000,0.000,0,1270.000,20,1250.000,5,1080.000,1,8.100,9,8.000,1,1310.000,20,1410.000,1,0.000,0,0.000,0,0.000,0,0,0,
91314667000,0.000,0,1260.000,20,1250.000,5,1080.000,1,8.100,9,8.000,1,1300.000,20,1410.000,1,0.000,0,0.000,0,0.000,0,0,0,
91317792000,0.000,0,1270.000,20,1250.000,5,1080.000,1,8.100,9,8.000,1,1310.000,20,1410.000,1,0.000,0,0.000,0,0.000,0,0,0,
91323792000,0.000,0,1260.000,20,1250.000,5,1080.000,1,8.100,9,8.000,1,1300.000,20,1410.000,1,0.000,0,0.000,0,0.000,0,0,0,
91338792000,0.000,0,1260.000,20,1080.000,1,8.100,9,8.000,1,2.200,10,1290.000,5,1300.000,20,1410.000,1,0.000,0,0.000,0,0,0,
91339666000,0.000,0,1250.000,20,1080.000,1,8.100,9,8.000,1,2.200,10,1290.000,25,1410.000,1,0.000,0,0.000,0,0.000,0,0,0,
91340666000,0.000,0,1240.000,20,1080.000,1,8.100,9,8.000,1,2.200,10,1280.000,20,1290.000,5,1410.000,1,0.000,0,0.000,0,0,0,
91341666000,0.000,0,1250.000,20,1080.000,1,8.100,9,8.000,1,2.200,10,1290.000,25,1410.000,1,0.000,0,0.000,0,0.000,0,0,0,
91342666000,0.000,0,1240.000,20,1080.000,1,8.100,9,8.000,1,2.200,10,1280.000,20,1290.000,5,1410.000,1,0.000,0,0.000,0,0,0,
91343666000,0.000,0,1250.000,20,1080.000,1,8.100,9,8.000,1,2.200,10,1290.000,25,1410.000,1,0.000,0,0.000,0,0.000,0,0,0,
91344667000,0.000,0,1240.000,20,1080.000,1,8.100,9,8.000,1,2.200,10,1280.000,20,1290.000,5,1410.000,1,0.000,0,0.000,0,0,0,
91357543000,0.000,0,1250.000,20,1080.000,1,8.100,9,8.000,1,2.200,10,1290.000,25,1410.000,1,0.000,0,0.000,0,0.000,0,0,0,
91359792000,0.000,0,1240.000,20,1080.000,1,8.100,9,8.000,1,2.200,10,1280.000,20,1290.000,5,1410.000,1,0.000,0,0.000,0,0,0,
91401542000,0.000,0,1080.000,1,8.100,9,8.000,1,2.200,10,2.100,12,1290.000,5,1410.000,1,0.000,0,0.000,0,0.000,0,0,0,
91401917000,0.000,0,1140.000,5,1080.000,1,8.100,9,8.000,1,2.200,10,1290.000,5,1410.000,1,0.000,0,0.000,0,0.000,0,0,0,
91402541000,0.000,0,1250.000,20,1140.000,5,1080.000,1,8.100,9,8.000,1,1290.000,25,1410.000,1,0.000,0,0.000,0,0.000,0,0,0,
91406791000,0.000,0,1240.000,20,1140.000,5,1080.000,1,8.100,9,8.000,1,1280.000,20,1290.000,5,1410.000,1,0.000,0,0.000,0,0,0,
91409666000,0.000,0,1240.000,20,1080.000,1,8.100,9,8.000,1,2.200,10,1280.000,20,1290.000,5,1410.000,1,0.000,0,0.000,0,0,0,
91412916000,0.000,0,1250.000,5,1240.000,20,1080.000,1,8.100,9,8.000,1,1280.000,20,1290.000,5,1410.000,1,0.000,0,0.000,0,0,0,
91413666000,0.000,0,1260.000,20,1250.000,5,1080.000,1,8.100,9,8.000,1,1280.000,20,1290.000,5,1410.000,1,0.000,0,0.000,0,0,0,
91422793000,0.000,0,1260.000,20,1250.000,5,1080.000,1,8.100,9,8.000,1,1290.000,25,1410.000,1,0.000,0,0.000,0,0.000,0,0,0,
91423792000,0.000,0,1260.000,20,1250.000,5,1080.000,1,8.100,9,8.000,1,1280.000,20,1290.000,5,1410.000,1,0.000,0,0.000,0,0,0,
91436917000,0.000,0,1260.000,20,1250.000,5,1080.000,1,8.100,9,8.000,1,1290.000,25,1410.000,1,0.000,0,0.000,0,0.000,0,0,0,
91439667000,0.000,0,1260.000,20,1250.000,5,1080.000,1,8.100,9,8.000,1,1290.000,25,1410.000,1,0.000,0,0.000,0,0.000,0,0,0,
91444544000,0.000,0,1260.000,20,1250.000,5,1080.000,1,8.100,9,8.000,1,1290.000,20,1410.000,1,0.000,0,0.000,0,0.000,0,0,0,
91444667000,0.000,0,1270.000,20,1250.000,5,1080.000,1,8.100,9,8.000,1,1310.000,20,1410.000,1,0.000,0,0.000,0,0.000,0,0,0,
91448792000,0.000,0,1260.000,20,1250.000,5,1080.000,1,8.100,9,8.000,1,1300.000,20,1410.000,1,0.000,0,0.000,0,0.000,0,0,0,
91449792000,0.000,0,1270.000,20,1250.000,5,1080.000,1,8.100,9,8.000,1,1310.000,20,1410.000,1,0.000,0,0.000,0,0.000,0,0,0,
91450792000,0.000,0,1260.000,20,1250.000,5,1080.000,1,8.100,9,8.000,1,1300.000,20,1410.000,1,0.000,0,0.000,0,0.000,0,0,0,
91535168000,0.000,0,1250.000,5,1080.000,1,8.100,9,8.000,1,2.200,10,1410.000,1,0.000,0,0.000,0,0.000,0,0.000,0,0,0,
91536291000,0.000,0,1250.000,25,1080.000,1,8.100,9,8.000,1,2.200,10,1290.000,20,1410.000,1,0.000,0,0.000,0,0.000,0,0,0,
91541794000,0.000,0,1260.000,20,1250.000,5,1080.000,1,8.100,9,8.000,1,1300.000,20,1410.000,1,0.000,0,0.000,0,0.000,0,0,0,
91542045000,0.000,0,1250.000,5,1080.000,1,8.100,9,8.000,1,2.200,10,1410.000,1,0.000,0,0.000,0,0.000,0,0.000,0,0,0,
91543041000,0.000,0,1250.000,25,1080.000,1,8.100,9,8.000,1,2.200,10,1290.000,20,1410.000,1,0.000,0,0.000,0,0.000,0,0,0,
91547416000,0.000,0,1260.000,20,1250.000,5,1080.000,1,8.100,9,8.000,1,1300.000,20,1410.000,1,0.000,0,0.000,0,0.000,0,0,0,
91549792000,0.000,0,1250.000,25,1080.000,1,8.100,9,8.000,1,2.200,10,1290.000,20,1410.000,1,0.000,0,0.000,0,0.000,0,0,0,
91554291000,0.000,0,1250.000,25,1080.000,1,8.100,9,8.000,1,2.200,10,1280.000,5,1290.000,20,1410.000,1,0.000,0,0.000,0,0,0,
91554666000,0.000,0,1250.000,25,1080.000,1,8.100,9,8.000,1,2.200,10,1270.000,20,1280.000,5,1410.000,1,0.000,0,0.000,0,0,0,
91600794000,0.000,0,1250.000,20,1080.000,1,8.100,9,8.000,1,2.200,10,1270.000,20,1280.000,5,1410.000,1,0.000,0,0.000,0,0,0,
91600921000,0.000,0,1230.000,20,1080.000,1,8.100,9,8.000,1,2.200,10,1270.000,20,1280.000,5,1410.000,1,0.000,0,0.000,0,0,0,
91634916000,0.000,0,1240.000,5,1230.000,20,1080.000,1,8.100,9,8.000,1,1270.000,20,1280.000,5,1410.000,1,0.000,0,0.000,0,0,0,
91635792000,0.000,0,1250.000,20,1240.000,5,1080.000,1,8.100,9,8.000,1,1270.000,20,1280.000,5,1410.000,1,0.000,0,0.000,0,0,0,
91638044000,0.000,0,1240.000,5,1080.000,1,8.100,9,8.000,1,2.200,10,1280.000,5,1410.000,1,0.000,0,0.000,0,0.000,0,0,0,
91638296000,0.000,0,1240.000,5,1080.000,1,8.100,9,8.000,1,2.200,10,1410.000,1,0.000,0,0.000,0,0.000,0,0.000,0,0,0,
91640292000,0.000,0,1260.000,20,1240.000,5,1080.000,1,8.100,9,8.000,1,1300.000,20,1410.000,1,0.000,0,0.000,0,0.000,0,0,0,
91641792000,0.000,0,1250.000,20,1240.000,5,1080.000,1,8.100,9,8.000,1,1290.000,20,1410.000,1,0.000,0,0.000,0,0.000,0,0,0,
91642791000,0.000,0,1260.000,20,1240.000,5,1080.000,1,8.100,9,8.000,1,1300.000,20,1410.000,1,0.000,0,0.000,0,0.000,0,0,0,
91644417000,0.000,0,1250.000,20,1240.000,5,1080.000,1,8.100,9,8.000,1,1290.000,20,1410.000,1,0.000,0,0.000,0,0.000,0,0,0,
91645416000,0.000,0,1260.000,20,1240.000,5,1080.000,1,8.100,9,8.000,1,1300.000,20,1410.000,1,0.000,0,0.000,0,0.000,0,0,0,
91657793000,0.000,0,1270.000,20,1240.000,5,1080.000,1,8.100,9,8.000,1,1310.000,20,1410.000,1,0.000,0,0.000,0,0.000,0,0,0,
91704917000,0.000,0,1260.000,20,1240.000,5,1080.000,1,8.100,9,8.000,1,1300.000,20,1410.000,1,0.000,0,0.000,0,0.000,0,0,0,
91727791000,0.000,0,1250.000,20,1080.000,1,8.100,9,8.000,1,2.200,10,1290.000,25,1410.000,1,0.000,0,0.000,0,0.000,0,0,0,
91750544000,0.000,0,1240.000,20,1080.000,1,8.100,9,8.000,1,2.200,10,1280.000,20,1290.000,5,1410.000,1,0.000,0,0.000,0,0,0,
91759667000,0.000,0,1250.000,5,1240.000,20,1080.000,1,8.100,9,8.000,1,1280.000,20,1290.000,5,1410.000,1,0.000,0,0.000,0,0,0,
91759791000,0.000,0,1260.000,20,1250.000,5,1080.000,1,8.100,9,8.000,1,1280.000,20,1290.000,5,1410.000,1,0.000,0,0.000,0,0,0,
91800668000,0.000,0,1250.000,5,1080.000,1,8.100,9,8.000,1,2.200,10,1290.000,5,1410.000,1,0.000,0,0.000,0,0.000,0,0,0,
91801666000,0.000,0,1250.000,25,1080.000,1,8.100,9,8.000,1,2.200,10,1280.000,20,1290.000,5,1410.000,1,0.000,0,0.000,0,0,0,
91804292000,0.000,0,1250.000,20,1080.000,1,8.100,9,8.000,1,2.200,10,1280.000,20,1290.000,5,1410.000,1,0.000,0,0.000,0,0,0,
91804791000,0.000,0,1240.000,20,1080.000,1,8.100,9,8.000,1,2.200,10,1280.000,20,1290.000,5,1410.000,1,0.000,0,0.000,0,0,0,
91834916000,0.000,0,1240.000,25,1080.000,1,8.100,9,8.000,1,2.200,10,1280.000,20,1290.000,5,1410.000,1,0.000,0,0.000,0,0,0,
91905791000,0.000,0,1240.000,20,1080.000,1,8.100,9,8.000,1,2.200,10,1280.000,20,1290.000,5,1410.000,1,0.000,0,0.000,0,0,0,
91906916000,0.000,0,1260.000,20,1250.000,5,1080.000,1,8.100,9,8.000,1,1280.000,20,1290.000,5,1410.000,1,0.000,0,0.000,0,0,0,
91911416000,0.000,0,1260.000,20,1250.000,5,1080.000,1,8.100,9,8.000,1,1280.000,20,1290.000,5,1410.000,1,0.000,0,0.000,0,0,0,
91933920000,0.000,0,1260.000,20,1250.000,5,1080.000,1,8.100,9,8.000,1,1290.000,25,1410.000,1,0.000,0,0.000,0,0.000,0,0,0,
91948916000,0.000,0,1260.000,20,1250.000,5,1080.000,1,8.100,9,8.000,1,1280.000,20,1290.000,5,1410.000,1,0.000,0,0.000,0,0,0,
91949791000,0.000,0,1260.000,20,1250.000,5,1080.000,1,8.100,9,8.000,1,1290.000,25,1410.000,1,0.000,0,0.000,0,0.000,0,0,0,
91950793000,0.000,0,1260.000,20,1250.000,5,1080.000,1,8.100,9,8.000,1,1280.000,20,1290.000,5,1410.000,1,0.000,0,0.000,0,0,0,
91952167000,0.000,0,1250.000,5,1080.000,1,8.100,9,8.000,1,2.300,25,1290.000,5,1410.000,1,0.000,0,0.000,0,0.000,0,0,0,
91953166000,0.000,0,1260.000,20,1250.000,5,1080.000,1,8.100,9,8.000,1,1290.000,25,1410.000,1,0.000,0,0.000,0,0.000,0,0,0,
91956047000,0.000,0,1270.000,20,1250.000,5,1080.000,1,8.100,9,8.000,1,1310.000,20,1410.000,1,0.000,0,0.000,0,0.000,0,0,0,
91957917000,0.000,0,1260.000,20,1250.000,5,1080.000,1,8.100,9,8.000,1,1300.000,20,1410.000,1,0.000,0,0.000,0,0.000,0,0,0,
91958916000,0.000,0,1270.000,20,1250.000,5,1080.000,1,8.100,9,8.000,1,1310.000,20,1410.000,1,0.000,0,0.000,0,0.000,0,0,0,
92002792000,0.000,0,1260.000,20,1250.000,5,1080.000,1,8.100,9,8.000,1,1300.000,20,1410.000,1,0.000,0,0.000,0,0.000,0,0,0,
92029416000,0.000,0,1260.000,20,1080.000,1,8.100,9,8.000,1,2.300,25,1300.000,20,1410.000,1,0.000,0,0.000,0,0.000,0,0,0,
92032044000,0.000,0,1270.000,20,1080.000,1,8.100,9,8.000,1,2.300,25,1310.000,20,1410.000,1,0.000,0,0.000,0,0.000,0,0,0,
92036041000,0.000,0,1260.000,20,1080.000,1,8.100,9,8.000,1,2.300,25,1300.000,20,1410.000,1,0.000,0,0.000,0,0.000,0,0,0,
92037791000,0.000,0,1270.000,20,1080.000,1,8.100,9,8.000,1,2.300,25,1310.000,20,1410.000,1,0.000,0,0.000,0,0.000,0,0,0,
92041792000,0.000,0,1260.000,20,1080.000,1,8.100,9,8.000,1,2.300,25,1300.000,20,1410.000,1,0.000,0,0.000,0,0.000,0,0,0,
92042791000,0.000,0,1270.000,20,1080.000,1,8.100,9,8.000,1,2.300,25,1310.000,20,1410.000,1,0.000,0,0.000,0,0.000,0,0,0,
92043791000,0.000,0,1260.000,20,1080.000,1,8.100,9,8.000,1,2.300,25,1300.000,20,1410.000,1,0.000,0,0.000,0,0.000,0,0,0,
92045916000,0.000,0,1270.000,20,1080.000,1,8.100,9,8.000,1,2.300,25,1310.000,20,1410.000,1,0.000,0,0.000,0,0.000,0,0,0,
92057917000,0.000,0,1260.000,20,1080.000,1,8.100,9,8.000,1,2.300,25,1300.000,20,1410.000,1,0.000,0,0.000,0,0.000,0,0,0,
92103916000,0.000,0,1270.000,20,1080.000,1,8.100,9,8.000,1,2.300,25,1310.000,20,1410.000,1,0.000,0,0.000,0,0.000,0,0,0,
92108918000,0.000,0,1260.000,20,1080.000,1,8.100,9,8.000,1,2.300,25,1300.000,20,1410.000,1,0.000,0,0.000,0,0.000,0,0,0,
92109916000,0.000,0,1270.000,20,1080.000,1,8.100,9,8.000,1,2.300,25,1310.000,20,1410.000,1,0.000,0,0.000,0,0.000,0,0,0,
92110917000,0.000,0,1260.000,20,1080.000,1,8.100,9,8.000,1,2.300,25,1300.000,20,1410.000,1,0.000,0,0.000,0,0.000,0,0,0,
92129917000,0.000,0,1270.000,20,1080.000,1,8.100,9,8.000,1,2.300,25,1310.000,20,1410.000,1,0.000,0,0.000,0,0.000,0,0,0,
92149041000,0.000,0,1260.000,20,1080.000,1,8.100,9,8.000,1,2.300,25,1300.000,20,1410.000,1,0.000,0,0.000,0,0.000,0,0,0,
92155042000,0.000,0,1270.000,20,1080.000,1,8.100,9,8.000,1,2.300,25,1310.000,20,1410.000,1,0.000,0,0.000,0,0.000,0,0,0,
92204666000,0.000,0,1260.000,20,1080.000,1,8.100,9,8.000,1,2.300,25,1300.000,20,1410.000,1,0.000,0,0.000,0,0.000,0,0,0,
92225668000,0.000,0,1270.000,20,1080.000,1,8.100,9,8.000,1,2.300,25,1310.000,20,1410.000,1,0.000,0,0.000,0,0.000,0,0,0,
92309793000,0.000,0,1280.000,20,1080.000,1,8.100,9,8.000,1,2.300,25,1320.000,20,1410.000,1,0.000,0,0.000,0,0.000,0,0,0,
92312044000,0.000,0,1270.000,20,1080.000,1,8.100,9,8.000,1,2.300,25,1310.000,20,1410.000,1,0.000,0,0.000,0,0.000,0,0,0,
92341044000,0.000,0,1280.000,20,1080.000,1,8.100,9,8.000,1,2.300,25,1320.000,20,1410.000,1,0.000,0,0.000,0,0.000,0,0,0,
92346167000,0.000,0,1270.000,20,1080.000,1,8.100,9,8.000,1,2.300,25,1310.000,20,1410.000,1,0.000,0,0.000,0,0.000,0,0,0,
92406043000,0.000,0,1260.000,20,1080.000,1,8.100,9,8.000,1,2.300,25,1300.000,20,1410.000,1,0.000,0,0.000,0,0.000,0,0,0,
92416042000,0.000,0,1270.000,20,1080.000,1,8.100,9,8.000,1,2.300,25,1310.000,20,1410.000,1,0.000,0,0.000,0,0.000,0,0,0,
92432917000,0.000,0,1260.000,20,1080.000,1,8.100,9,8.000,1,2.300,25,1300.000,20,1410.000,1,0.000,0,0.000,0,0.000,0,0,0,
92442043000,0.000,0,1270.000,20,1080.000,1,8.100,9,8.000,1,2.300,25,1310.000,20,1410.000,1,0.000,0,0.000,0,0.000,0,0,0,
92444041000,0.000,0,1260.000,20,1080.000,1,8.100,9,8.000,1,2.300,25,1300.000,20,1410.000,1,0.000,0,0.000,0,0.000,0,0,0,
92510166000,0.000,0,1270.000,20,1080.000,1,8.100,9,8.000,1,2.300,25,1310.000,20,1410.000,1,0.000,0,0.000,0,0.000,0,0,0,
92516166000,0.000,0,1260.000,20,1080.000,1,8.100,9,8.000,1,2.300,25,1300.000,20,1410.000,1,0.000,0,0.000,0,0.000,0,0,0,
92524168000,0.000,0,1270.000,20,1080.000,1,8.100,9,8.000,1,2.300,25,1310.000,20,1410.000,1,0.000,0,0.000,0,0.000,0,0,0,
92529167000,0.000,0,1260.000,20,1080.000,1,8.100,9,8.000,1,2.300,25,1300.000,20,1410.000,1,0.000,0,0.000,0,0.000,0,0,0,
92539042000,0.000,0,1270.000,20,1080.000,1,8.100,9,8.000,1,2.300,25,1310.000,20,1410.000,1,0.000,0,0.000,0,0.000,0,0,0,
92542166000,0.000,0,1260.000,20,1080.000,1,8.100,9,8.000,1,2.300,25,1300.000,20,1410.000,1,0.000,0,0.000,0,0.000,0,0,0,
92549170000,0.000,0,1250.000,20,1080.000,1,8.100,9,8.000,1,2.300,25,1290.000,20,1410.000,1,0.000,0,0.000,0,0.000,0,0,0,
92554168000,0.000,0,1260.000,20,1080.000,1,8.100,9,8.000,1,2.300,25,1300.000,20,1410.000,1,0.000,0,0.000,0,0.000,0,0,0,
92602168000,0.000,0,1250.000,20,1080.000,1,8.100,9,8.000,1,2.300,25,1290.000,20,1410.000,1,0.000,0,0.000,0,0.000,0,0,0,
92626167000,0.000,0,1260.000,20,1080.000,1,8.100,9,8.000,1,2.300,25,1300.000,20,1410.000,1,0.000,0,0.000,0,0.000,0,0,0,
92704167000,0.000,0,1270.000,20,1080.000,1,8.100,9,8.000,1,2.300,25,1310.000,20,1410.000,1,0.000,0,0.000,0,0.000,0,0,0,
92712167000,0.000,0,1260.000,20,1080.000,1,8.100,9,8.000,1,2.300,25,1300.000,20,1410.000,1,0.000,0,0.000,0,0.000,0,0,0,
92823791000,0.000,0,1260.000,25,1080.000,1,8.100,9,8.000,1,2.300,25,1300.000,20,1410.000,1,0.000,0,0.000,0,0.000,0,0,0,
92854541000,0.000,0,1260.000,25,1080.000,1,8.100,9,8.000,1,2.300,25,1290.000,5,1300.000,20,1410.000,1,0.000,0,0.000,0,0,0,
92855041000,0.000,0,1260.000,25,1080.000,1,8.100,9,8.000,1,2.300,25,1280.000,20,1290.000,5,1410.000,1,0.000,0,0.000,0,0,0,
92904418000,0.000,0,1260.000,25,1080.000,1,8.100,9,8.000,1,2.300,25,1290.000,25,1410.000,1,0.000,0,0.000,0,0.000,0,0,0,
92908293000,0.000,0,1260.000,25,1080.000,1,8.100,9,8.000,1,2.300,25,1290.000,20,1410.000,1,0.000,0,0.000,0,0.000,0,0,0,
92909293000,0.000,0,1270.000,20,1260.000,5,1080.000,1,8.100,9,8.000,1,1310.000,20,1410.000,1,0.000,0,0.000,0,0.000,0,0,0,
92935419000,0.000,0,1260.000,25,1080.000,1,8.100,9,8.000,1,2.300,25,1300.000,20,1410.000,1,0.000,0,0.000,0,0.000,0,0,0,
92947919000,0.000,0,1250.000,20,1080.000,1,8.100,9,8.000,1,2.300,25,1290.000,20,1410.000,1,0.000,0,0.000,0,0.000,0,0,0,
92957292000,0.000,0,1260.000,20,1080.000,1,8.100,9,8.000,1,2.300,25,1300.000,20,1410.000,1,0.000,0,0.000,0,0.000,0,0,0,
93000293000,0.000,0,1250.000,20,1080.000,1,8.100,9,8.000,1,2.300,25,1290.000,20,1410.000,1,0.000,0,0.000,0,0.000,0,0,0,
93011169000,0.000,0,1240.000,20,1080.000,1,8.100,9,8.000,1,2.300,25,1280.000,20,1410.000,1,0.000,0,0.000,0,0.000,0,0,0,
93022792000,0.000,0,1250.000,20,1080.000,1,8.100,9,8.000,1,2.300,25,1290.000,20,1410.000,1,0.000,0,0.000,0,0.000,0,0,0,
93023792000,0.000,0,1240.000,20,1080.000,1,8.100,9,8.000,1,2.300,25,1280.000,20,1410.000,1,0.000,0,0.000,0,0.000,0,0,0,
93034667000,0.000,0,1250.000,20,1080.000,1,8.100,9,8.000,1,2.300,25,1290.000,20,1410.000,1,0.000,0,0.000,0,0.000,0,0,0,
93035666000,0.000,0,1240.000,20,1080.000,1,8.100,9,8.000,1,2.300,25,1280.000,20,1410.000,1,0.000,0,0.000,0,0.000,0,0,0,
93036666000,0.000,0,1250.000,20,1080.000,1,8.100,9,8.000,1,2.300,25,1290.000,20,1410.000,1,0.000,0,0.000,0,0.000,0,0,0,
93040792000,0.000,0,1240.000,20,1080.000,1,8.100,9,8.000,1,2.300,25,1280.000,20,1410.000,1,0.000,0,0.000,0,0.000,0,0,0,
93041791000,0.000,0,1250.000,20,1080.000,1,8.100,9,8.000,1,2.300,25,1290.000,20,1410.000,1,0.000,0,0.000,0,0.000,0,0,0,
93042791000,0.000,0,1240.000,20,1080.000,1,8.100,9,8.000,1,2.300,25,1280.000,20,1410.000,1,0.000,0,0.000,0,0.000,0,0,0,
93052294000,0.000,0,1250.000,20,1080.000,1,8.100,9,8.000,1,2.300,25,1290.000,20,1410.000,1,0.000,0,0.000,0,0.000,0,0,0,
93053418000,0.000,0,1240.000,20,1080.000,1,8.100,9,8.000,1,2.300,25,1280.000,20,1410.000,1,0.000,0,0.000,0,0.000,0,0,0,
93054417000,0.000,0,1250.000,20,1080.000,1,8.100,9,8.000,1,2.300,25,1290.000,20,1410.000,1,0.000,0,0.000,0,0.000,0,0,0,
93059295000,0.000,0,1240.000,20,1080.000,1,8.100,9,8.000,1,2.300,25,1280.000,20,1410.000,1,0.000,0,0.000,0,0.000,0,0,0,
93146292000,0.000,0,1250.000,20,1080.000,1,8.100,9,8.000,1,2.300,25,1290.000,20,1410.000,1,0.000,0,0.000,0,0.000,0,0,0,
93150292000,0.000,0,1240.000,20,1080.000,1,8.100,9,8.000,1,2.300,25,1280.000,20,1410.000,1,0.000,0,0.000,0,0.000,0,0,0,
93155291000,0.000,0,1250.000,20,1080.000,1,8.100,9,8.000,1,2.300,25,1290.000,20,1410.000,1,0.000,0,0.000,0,0.000,0,0,0,
93156292000,0.000,0,1240.000,20,1080.000,1,8.100,9,8.000,1,2.300,25,1280.000,20,1410.000,1,0.000,0,0.000,0,0.000,0,0,0,
93157917000,0.000,0,1250.000,20,1080.000,1,8.100,9,8.000,1,2.300,25,1290.000,20,1410.000,1,0.000,0,0.000,0,0.000,0,0,0,
93209292000,0.000,0,1240.000,20,1080.000,1,8.100,9,8.000,1,2.300,25,1280.000,20,1410.000,1,0.000,0,0.000,0,0.000,0,0,0,
93212292000,0.000,0,1250.000,20,1080.000,1,8.100,9,8.000,1,2.300,25,1290.000,20,1410.000,1,0.000,0,0.000,0,0.000,0,0,0,
93215291000,0.000,0,1240.000,20,1080.000,1,8.100,9,8.000,1,2.300,25,1280.000,20,1410.000,1,0.000,0,0.000,0,0.000,0,0,0,
93217042000,0.000,0,1240.000,25,1080.000,1,8.100,9,8.000,1,2.300,25,1280.000,20,1410.000,1,0.000,0,0.000,0,0.000,0,0,0,
93247916000,0.000,0,1240.000,25,1080.000,1,8.100,9,8.000,1,2.300,25,1270.000,5,1280.000,20,1410.000,1,0.000,0,0.000,0,0,0,
93248166000,0.000,0,1240.000,25,1080.000,1,8.100,9,8.000,1,2.300,25,1270.000,25,1410.000,1,0.000,0,0.000,0,0.000,0,0,0,
93305291000,0.000,0,1240.000,25,1080.000,1,8.100,9,8.000,1,2.300,25,1260.000,20,1270.000,5,1410.000,1,0.000,0,0.000,0,0,0,
93305917000,0.000,0,1240.000,5,1080.000,1,8.100,9,8.000,1,2.300,25,1270.000,5,1410.000,1,0.000,0,0.000,0,0.000,0,0,0,
93306916000,0.000,0,1250.000,20,1240.000,5,1080.000,1,8.100,9,8.000,1,1270.000,25,1410.000,1,0.000,0,0.000,0,0.000,0,0,0,
93307916000,0.000,0,1250.000,20,1240.000,5,1080.000,1,8.100,9,8.000,1,1260.000,20,1270.000,5,1410.000,1,0.000,0,0.000,0,0,0,
93308916000,0.000,0,1240.000,25,1080.000,1,8.100,9,8.000,1,2.300,25,1260.000,20,1270.000,5,1410.000,1,0.000,0,0.000,0,0,0,
93321417000,0.000,0,1250.000,20,1240.000,5,1080.000,1,8.100,9,8.000,1,1260.000,20,1270.000,5,1410.000,1,0.000,0,0.000,0,0,0,
93324293000,0.000,0,1240.000,5,1080.000,1,8.100,9,8.000,1,2.300,25,1270.000,5,1410.000,1,0.000,0,0.000,0,0.000,0,0,0,
93325417000,0.000,0,1250.000,20,1240.000,5,1080.000,1,8.100,9,8.000,1,1270.000,25,1410.000,1,0.000,0,0.000,0,0.000,0,0,0,
93326417000,0.000,0,1250.000,20,1240.000,5,1080.000,1,8.100,9,8.000,1,1260.000,20,1270.000,5,1410.000,1,0.000,0,0.000,0,0,0,
93327416000,0.000,0,1240.000,25,1080.000,1,8.100,9,8.000,1,2.300,25,1260.000,20,1270.000,5,1410.000,1,0.000,0,0.000,0,0,0,
93328542000,0.000,0,1250.000,20,1240.000,5,1080.000,1,8.100,9,8.000,1,1260.000,20,1270.000,5,1410.000,1,0.000,0,0.000,0,0,0,
93329541000,0.000,0,1240.000,25,1080.000,1,8.100,9,8.000,1,2.300,25,1260.000,20,1270.000,5,1410.000,1,0.000,0,0.000,0,0,0,
93330541000,0.000,0,1250.000,20,1240.000,5,1080.000,1,8.100,9,8.000,1,1260.000,20,1270.000,5,1410.000,1,0.000,0,0.000,0,0,0,
93331541000,0.000,0,1250.000,20,1240.000,5,1080.000,1,8.100,9,8.000,1,1270.000,25,1410.000,1,0.000,0,0.000,0,0.000,0,0,0,
93332541000,0.000,0,1250.000,20,1240.000,5,1080.000,1,8.100,9,8.000,1,1260.000,20,1270.000,5,1410.000,1,0.000,0,0.000,0,0,0,
93340416000,0.000,0,1250.000,20,1240.000,5,1080.000,1,8.100,9,8.000,1,1270.000,25,1410.000,1,0.000,0,0.000,0,0.000,0,0,0,
93350416000,0.000,0,1250.000,20,1240.000,5,1080.000,1,8.100,9,8.000,1,1260.000,20,1270.000,5,1410.000,1,0.000,0,0.000,0,0,0,
93357416000,0.000,0,1240.000,25,1080.000,1,8.100,9,8.000,1,2.300,25,1260.000,20,1270.000,5,1410.000,1,0.000,0,0.000,0,0,0,
93414417000,0.000,0,1250.000,20,1240.000,5,1080.000,1,8.100,9,8.000,1,1260.000,20,1270.000,5,1410.000,1,0.000,0,0.000,0,0,0,
93417791000,0.000,0,1240.000,25,1080.000,1,8.100,9,8.000,1,2.300,25,1260.000,20,1270.000,5,1410.000,1,0.000,0,0.000,0,0,0,
93435792000,0.000,0,1250.000,20,1240.000,5,1080.000,1,8.100,9,8.000,1,1260.000,20,1270.000,5,1410.000,1,0.000,0,0.000,0,0,0,
93436292000,0.000,0,1240.000,25,1080.000,1,8.100,9,8.000,1,2.300,25,1260.000,20,1270.000,5,1410.000,1,0.000,0,0.000,0,0,0,
93440417000,0.000,0,1250.000,20,1240.000,5,1080.000,1,8.100,9,8.000,1,1260.000,20,1270.000,5,1410.000,1,0.000,0,0.000,0,0,0,
93456416000,0.000,0,1250.000,20,1240.000,5,1080.000,1,8.100,9,8.000,1,1270.000,25,1410.000,1,0.000,0,0.000,0,0.000,0,0,0,
93457791000,0.000,0,1250.000,20,1240.000,5,1080.000,1,8.100,9,8.000,1,1260.000,20,1270.000,5,1410.000,1,0.000,0,0.000,0,0,0,
93459419000,0.000,0,1240.000,5,1080.000,1,8.100,9,8.000,1,2.300,25,1270.000,5,1410.000,1,0.000,0,0.000,0,0.000,0,0,0,
93500417000,0.000,0,1250.000,20,1240.000,5,1080.000,1,8.100,9,8.000,1,1260.000,20,1270.000,5,1410.000,1,0.000,0,0.000,0,0,0,
93500667000,0.000,0,1240.000,5,1080.000,1,8.100,9,8.000,1,2.300,25,1270.000,5,1410.000,1,0.000,0,0.000,0,0.000,0,0,0,
93501667000,0.000,0,1240.000,25,1080.000,1,8.100,9,8.000,1,2.300,25,1260.000,20,1270.000,5,1410.000,1,0.000,0,0.000,0,0,0,
93504044000,0.000,0,1250.000,20,1240.000,5,1080.000,1,8.100,9,8.000,1,1260.000,20,1270.000,5,1410.000,1,0.000,0,0.000,0,0,0,
93505042000,0.000,0,1240.000,5,1080.000,1,8.100,9,8.000,1,2.300,25,1270.000,5,1410.000,1,0.000,0,0.000,0,0.000,0,0,0,
93506043000,0.000,0,1250.000,20,1240.000,5,1080.000,1,8.100,9,8.000,1,1260.000,20,1270.000,5,1410.000,1,0.000,0,0.000,0,0,0,
93506917000,0.000,0,1240.000,5,1080.000,1,8.100,9,8.000,1,2.300,25,1270.000,5,1410.000,1,0.000,0,0.000,0,0.000,0,0,0,
93507916000,0.000,0,1250.000,20,1240.000,5,1080.000,1,8.100,9,8.000,1,1270.000,25,1410.000,1,0.000,0,0.000,0,0.000,0,0,0,
93515794000,0.000,0,1250.000,20,1240.000,5,1080.000,1,8.100,9,8.000,1,1270.000,20,1410.000,1,0.000,0,0.000,0,0.000,0,0,0,
93516293000,0.000,0,1250.000,20,1240.000,5,1080.000,1,8.100,9,8.000,1,1290.000,20,1410.000,1,0.000,0,0.000,0,0.000,0,0,0,
93530042000,0.000,0,1240.000,5,1080.000,1,8.100,9,8.000,1,2.300,25,1410.000,1,0.000,0,0.000,0,0.000,0,0.000,0,0,0,
93531041000,0.000,0,1240.000,25,1080.000,1,8.100,9,8.000,1,2.300,25,1280.000,20,1410.000,1,0.000,0,0.000,0,0.000,0,0,0,
93532043000,0.000,0,1250.000,20,1240.000,5,1080.000,1,8.100,9,8.000,1,1290.000,20,1410.000,1,0.000,0,0.000,0,0.000,0,0,0,
93536917000,0.000,0,1240.000,5,1080.000,1,8.100,9,8.000,1,2.300,25,1410.000,1,0.000,0,0.000,0,0.000,0,0.000,0,0,0,
93537916000,0.000,0,1240.000,25,1080.000,1,8.100,9,8.000,1,2.300,25,1280.000,20,1410.000,1,0.000,0,0.000,0,0.000,0,0,0,
93548916000,0.000,0,1240.000,25,1080.000,1,8.100,9,8.000,1,2.300,25,1270.000,5,1280.000,20,1410.000,1,0.000,0,0.000,0,0,0,
93549292000,0.000,0,1240.000,25,1080.000,1,8.100,9,8.000,1,2.300,25,1260.000,20,1270.000,5,1410.000,1,0.000,0,0.000,0,0,0,
93556292000,0.000,0,1250.000,20,1240.000,5,1080.000,1,8.100,9,8.000,1,1260.000,20,1270.000,5,1410.000,1,0.000,0,0.000,0,0,0,
93558416000,0.000,0,1250.000,20,1240.000,5,1080.000,1,8.100,9,8.000,1,1270.000,25,1410.000,1,0.000,0,0.000,0,0.000,0,0,0,
93600042000,0.000,0,1250.000,20,1240.000,5,1080.000,1,8.100,9,8.000,1,1260.000,20,1270.000,5,1410.000,1,0.000,0,0.000,0,0,0,
93601041000,0.000,0,1240.000,25,1080.000,1,8.100,9,8.000,1,2.300,25,1260.000,20,1270.000,5,1410.000,1,0.000,0,0.000,0,0,0,
93642544000,0.000,0,1240.000,20,1080.000,1,8.100,9,8.000,1,2.300,25,1260.000,20,1270.000,5,1410.000,1,0.000,0,0.000,0,0,0,
93642792000,0.000,0,1220.000,20,1080.000,1,8.100,9,8.000,1,2.300,25,1260.000,20,1270.000,5,1410.000,1,0.000,0,0.000,0,0,0,
93754544000,0.000,0,1230.000,20,1080.000,1,8.100,9,8.000,1,2.300,25,1270.000,25,1410.000,1,0.000,0,0.000,0,0.000,0,0,0,
93815543000,0.000,0,1250.000,20,1080.000,1,8.100,9,8.000,1,2.300,25,1290.000,20,1410.000,1,0.000,0,0.000,0,0.000,0,0,0,
93817791000,0.000,0,1240.000,20,1080.000,1,8.100,9,8.000,1,2.300,25,1280.000,20,1410.000,1,0.000,0,0.000,0,0.000,0,0,0,
93818791000,0.000,0,1250.000,20,1080.000,1,8.100,9,8.000,1,2.300,25,1290.000,20,1410.000,1,0.000,0,0.000,0,0.000,0,0,0,
93909041000,0.000,0,1250.000,25,1080.000,1,8.100,9,8.000,1,2.300,25,1290.000,20,1410.000,1,0.000,0,0.000,0,0.000,0,0,0,
93939666000,0.000,0,1250.000,25,1080.000,1,8.100,9,8.000,1,2.300,25,1280.000,5,1290.000,20,1410.000,1,0.000,0,0.000,0,0,0,
93940416000,0.000,0,1250.000,25,1080.000,1,8.100,9,8.000,1,2.300,25,1270.000,20,1280.000,5,1410.000,1,0.000,0,0.000,0,0,0,
93944541000,0.000,0,1250.000,25,1080.000,1,8.100,9,8.000,1,2.300,25,1280.000,25,1410.000,1,0.000,0,0.000,0,0.000,0,0,0,
94001918000,0.000,0,1250.000,25,1080.000,1,8.100,9,8.000,1,2.300,25,1280.000,20,1410.000,1,0.000,0,0.000,0,0.000,0,0,0,
94002420000,0.000,0,1260.000,20,1250.000,5,1080.000,1,8.100,9,8.000,1,1300.000,20,1410.000,1,0.000,0,0.000,0,0.000,0,0,0,
94031795000,0.000,0,1250.000,5,1080.000,1,8.100,9,8.000,1,2.300,25,1410.000,1,0.000,0,0.000,0,0.000,0,0.000,0,0,0,
94032793000,0.000,0,1250.000,25,1080.000,1,8.100,9,8.000,1,2.300,25,1290.000,20,1410.000,1,0.000,0,0.000,0,0.000,0,0,0,
94044667000,0.000,0,1260.000,20,1250.000,5,1080.000,1,8.100,9,8.000,1,1300.000,20,1410.000,1,0.000,0,0.000,0,0.000,0,0,0,
94048041000,0.000,0,1260.000,20,1250.000,5,1080.000,1,8.100,9,8.000,1,1290.000,5,1300.000,20,1410.000,1,0.000,0,0.000,0,0,0,
94048416000,0.000,0,1250.000,25,1080.000,1,8.100,9,8.000,1,2.300,25,1280.000,20,1290.000,5,1410.000,1,0.000,0,0.000,0,0,0,
94049416000,0.000,0,1260.000,20,1250.000,5,1080.000,1,8.100,9,8.000,1,1280.000,20,1290.000,5,1410.000,1,0.000,0,0.000,0,0,0,
94050416000,0.000,0,1250.000,25,1080.000,1,8.100,9,8.000,1,2.300,25,1280.000,20,1290.000,5,1410.000,1,0.000,0,0.000,0,0,0,
94051416000,0.000,0,1260.000,20,1250.000,5,1080.000,1,8.100,9,8.000,1,1280.000,20,1290.000,5,1410.000,1,0.000,0,0.000,0,0,0,
94052416000,0.000,0,1250.000,25,1080.000,1,8.100,9,8.000,1,2.300,25,1280.000,20,1290.000,5,1410.000,1,0.000,0,0.000,0,0,0,
94106543000,0.000,0,1260.000,20,1250.000,5,1080.000,1,8.100,9,8.000,1,1280.000,20,1290.000,5,1410.000,1,0.000,0,0.000,0,0,0,
94107417000,0.000,0,1250.000,25,1080.000,1,8.100,9,8.000,1,2.300,25,1280.000,20,1290.000,5,1410.000,1,0.000,0,0.000,0,0,0,
94111668000,0.000,0,1260.000,20,1250.000,5,1080.000,1,8.100,9,8.000,1,1280.000,20,1290.000,5,1410.000,1,0.000,0,0.000,0,0,0,
94118668000,0.000,0,1250.000,5,1080.000,1,8.100,9,8.000,1,2.300,25,1290.000,5,1410.000,1,0.000,0,0.000,0,0.000,0,0,0,
94119667000,0.000,0,1250.000,25,1080.000,1,8.100,9,8.000,1,2.300,25,1280.000,20,1290.000,5,1410.000,1,0.000,0,0.000,0,0,0,
94120916000,0.000,0,1250.000,25,1080.000,1,8.100,9,8.000,1,2.300,25,1280.000,20,1410.000,1,0.000,0,0.000,0,0.000,0,0,0,
94121041000,0.000,0,1250.000,25,1080.000,1,8.100,9,8.000,1,2.300,25,1280.000,25,1410.000,1,0.000,0,0.000,0,0.000,0,0,0,
94140542000,0.000,0,1260.000,20,1250.000,5,1080.000,1,8.100,9,8.000,1,1280.000,25,1410.000,1,0.000,0,0.000,0,0.000,0,0,0,
94147418000,0.000,0,1260.000,20,1250.000,5,1080.000,1,8.100,9,8.000,1,1300.000,20,1410.000,1,0.000,0,0.000,0,0.000,0,0,0,
94221543000,0.000,0,1250.000,5,1080.000,1,8.100,9,8.000,1,2.300,25,1410.000,1,0.000,0,0.000,0,0.000,0,0.000,0,0,0,
94222541000,0.000,0,1250.000,25,1080.000,1,8.100,9,8.000,1,2.300,25,1290.000,20,1410.000,1,0.000,0,0.000,0,0.000,0,0,0,
94225792000,0.000,0,1260.000,20,1250.000,5,1080.000,1,8.100,9,8.000,1,1300.000,20,1410.000,1,0.000,0,0.000,0,0.000,0,0,0,
94229041000,0.000,0,1260.000,20,1250.000,5,1080.000,1,8.100,9,8.000,1,1290.000,5,1300.000,20,1410.000,1,0.000,0,0.000,0,0,0,
94229541000,0.000,0,1250.000,25,1080.000,1,8.100,9,8.000,1,2.300,25,1280.000,20,1290.000,5,1410.000,1,0.000,0,0.000,0,0,0,
94230666000,0.000,0,1260.000,20,1250.000,5,1080.000,1,8.100,9,8.000,1,1280.000,20,1290.000,5,1410.000,1,0.000,0,0.000,0,0,0,
94231417000,0.000,0,1250.000,5,1080.000,1,8.100,9,8.000,1,2.300,25,1290.000,5,1410.000,1,0.000,0,0.000,0,0.000,0,0,0,
94232416000,0.000,0,1250.000,25,1080.000,1,8.100,9,8.000,1,2.300,25,1280.000,20,1290.000,5,1410.000,1,0.000,0,0.000,0,0,0,
94243541000,0.000,0,1260.000,20,1250.000,5,1080.000,1,8.100,9,8.000,1,1280.000,20,1290.000,5,1410.000,1,0.000,0,0.000,0,0,0,
94401416000,0.000,0,1260.000,20,1250.000,5,1080.000,1,8.100,9,8.000,1,1280.000,20,1410.000,1,0.000,0,0.000,0,0.000,0,0,0,
94401541000,0.000,0,1260.000,20,1250.000,5,1080.000,1,8.100,9,8.000,1,1300.000,20,1410.000,1,0.000,0,0.000,0,0.000,0,0,0,
94401916000,0.000,0,1260.000,20,1250.000,5,1080.000,1,8.100,9,8.000,1,1290.000,5,1300.000,20,1410.000,1,0.000,0,0.000,0,0,0,
94402541000,0.000,0,1260.000,20,1250.000,5,1080.000,1,8.100,9,8.000,1,1280.000,20,1290.000,5,1410.000,1,0.000,0,0.000,0,0,0,
94405293000,0.000,0,1250.000,25,1080.000,1,8.100,9,8.000,1,2.300,25,1280.000,20,1290.000,5,1410.000,1,0.000,0,0.000,0,0,0,
94406416000,0.000,0,1260.000,20,1250.000,5,1080.000,1,8.100,9,8.000,1,1280.000,20,1290.000,5,1410.000,1,0.000,0,0.000,0,0,0,
94407417000,0.000,0,1250.000,25,1080.000,1,8.100,9,8.000,1,2.300,25,1280.000,20,1290.000,5,1410.000,1,0.000,0,0.000,0,0,0,
94410666000,0.000,0,1260.000,20,1250.000,5,1080.000,1,8.100,9,8.000,1,1280.000,20,1290.000,5,1410.000,1,0.000,0,0.000,0,0,0,
94431666000,0.000,0,1250.000,25,1080.000,1,8.100,9,8.000,1,2.300,25,1280.000,20,1290.000,5,1410.000,1,0.000,0,0.000,0,0,0,
94436420000,0.000,0,1260.000,20,1250.000,5,1080.000,1,8.100,9,8.000,1,1280.000,20,1290.000,5,1410.000,1,0.000,0,0.000,0,0,0,
94448791000,0.000,0,1260.000,20,1250.000,5,1080.000,1,8.100,9,8.000,1,1280.000,25,1410.000,1,0.000,0,0.000,0,0.000,0,0,0,
94459669000,0.000,0,1250.000,25,1080.000,1,8.100,9,8.000,1,2.300,25,1280.000,25,1410.000,1,0.000,0,0.000,0,0.000,0,0,0,
94511420000,0.000,0,1240.000,20,1080.000,1,8.100,9,8.000,1,2.300,25,1280.000,25,1410.000,1,0.000,0,0.000,0,0.000,0,0,0,
94650416000,0.000,0,1240.000,25,1080.000,1,8.100,9,8.000,1,2.300,25,1280.000,25,1410.000,1,0.000,0,0.000,0,0.000,0,0,0,
94704793000,0.000,0,1230.000,20,1080.000,1,8.100,9,8.000,1,2.300,25,1270.000,20,1280.000,5,1410.000,1,0.000,0,0.000,0,0,0,
94753916000,0.000,0,1240.000,5,1230.000,20,1080.000,1,8.100,9,8.000,1,1270.000,20,1280.000,5,1410.000,1,0.000,0,0.000,0,0,0,
94754666000,0.000,0,1240.000,25,1080.000,1,8.100,9,8.000,1,2.300,25,1270.000,20,1280.000,5,1410.000,1,0.000,0,0.000,0,0,0,
94802292000,0.000,0,1240.000,20,1080.000,1,8.100,9,8.000,1,2.300,25,1270.000,20,1280.000,5,1410.000,1,0.000,0,0.000,0,0,0,
94802792000,0.000,0,1230.000,20,1080.000,1,8.100,9,8.000,1,2.300,25,1270.000,20,1280.000,5,1410.000,1,0.000,0,0.000,0,0,0,
94840791000,0.000,0,1220.000,20,1080.000,1,8.100,9,8.000,1,2.300,25,1260.000,20,1280.000,5,1410.000,1,0.000,0,0.000,0,0,0,
94841791000,0.000,0,1230.000,20,1080.000,1,8.100,9,8.000,1,2.300,25,1270.000,20,1280.000,5,1410.000,1,0.000,0,0.000,0,0,0,
94842791000,0.000,0,1220.000,20,1080.000,1,8.100,9,8.000,1,2.300,25,1260.000,20,1280.000,5,1410.000,1,0.000,0,0.000,0,0,0,
95006168000,0.000,0,1210.000,20,1080.000,1,8.100,9,8.000,1,2.300,25,1250.000,20,1280.000,5,1410.000,1,0.000,0,0.000,0,0,0,
95008918000,0.000,0,1220.000,20,1080.000,1,8.100,9,8.000,1,2.300,25,1260.000,20,1280.000,5,1410.000,1,0.000,0,0.000,0,0,0,
95009918000,0.000,0,1210.000,20,1080.000,1,8.100,9,8.000,1,2.300,25,1250.000,20,1280.000,5,1410.000,1,0.000,0,0.000,0,0,0,
95028919000,0.000,0,1220.000,20,1080.000,1,8.100,9,8.000,1,2.300,25,1260.000,20,1280.000,5,1410.000,1,0.000,0,0.000,0,0,0,
95036041000,0.000,0,1220.000,20,1210.000,5,1080.000,1,8.100,9,8.000,1,1260.000,20,1280.000,5,1410.000,1,0.000,0,0.000,0,0,0,
95037166000,0.000,0,1220.000,20,1210.000,5,1080.000,1,8.100,9,8.000,1,1260.000,20,1410.000,1,0.000,0,0.000,0,0.000,0,0,0,
95037916000,0.000,0,1220.000,20,1210.000,5,1080.000,1,8.100,9,8.000,1,1240.000,20,1250.000,5,1410.000,1,0.000,0,0.000,0,0,0,
95233791000,0.000,0,1220.000,20,1210.000,5,1080.000,1,8.100,9,8.000,1,1260.000,20,1410.000,1,0.000,0,0.000,0,0.000,0,0,0,
95234916000,0.000,0,1220.000,20,1210.000,5,1080.000,1,8.100,9,8.000,1,1250.000,5,1260.000,20,1410.000,1,0.000,0,0.000,0,0,0,
95235791000,0.000,0,1220.000,20,1210.000,5,1080.000,1,8.100,9,8.000,1,1240.000,20,1250.000,5,1410.000,1,0.000,0,0.000,0,0,0,
95301167000,0.000,0,1210.000,25,1080.000,1,8.100,9,8.000,1,2.300,25,1240.000,20,1250.000,5,1410.000,1,0.000,0,0.000,0,0,0,
95307544000,0.000,0,1200.000,20,1080.000,1,8.100,9,8.000,1,2.300,25,1240.000,20,1250.000,5,1410.000,1,0.000,0,0.000,0,0,0,
95308295000,0.000,0,1080.000,1,8.100,9,8.000,1,2.300,25,2.200,10,1250.000,5,1410.000,1,0.000,0,0.000,0,0.000,0,0,0,
95312668000,0.000,0,1170.000,20,1080.000,1,8.100,9,8.000,1,2.300,25,1210.000,20,1250.000,5,1410.000,1,0.000,0,0.000,0,0,0,
95316917000,0.000,0,1180.000,20,1080.000,1,8.100,9,8.000,1,2.300,25,1220.000,20,1250.000,5,1410.000,1,0.000,0,0.000,0,0,0,
95317917000,0.000,0,1170.000,20,1080.000,1,8.100,9,8.000,1,2.300,25,1210.000,20,1250.000,5,1410.000,1,0.000,0,0.000,0,0,0,
95323167000,0.000,0,1180.000,20,1080.000,1,8.100,9,8.000,1,2.300,25,1220.000,20,1250.000,5,1410.000,1,0.000,0,0.000,0,0,0,
95327047000,0.000,0,1170.000,20,1080.000,1,8.100,9,8.000,1,2.300,25,1210.000,20,1250.000,5,1410.000,1,0.000,0,0.000,0,0,0,
95331042000,0.000,0,1180.000,20,1080.000,1,8.100,9,8.000,1,2.300,25,1220.000,20,1250.000,5,1410.000,1,0.000,0,0.000,0,0,0,
95332046000,0.000,0,1170.000,20,1080.000,1,8.100,9,8.000,1,2.300,25,1210.000,20,1250.000,5,1410.000,1,0.000,0,0.000,0,0,0,
95333542000,0.000,0,1180.000,20,1080.000,1,8.100,9,8.000,1,2.300,25,1220.000,20,1250.000,5,1410.000,1,0.000,0,0.000,0,0,0,
95336042000,0.000,0,1170.000,20,1080.000,1,8.100,9,8.000,1,2.300,25,1210.000,20,1250.000,5,1410.000,1,0.000,0,0.000,0,0,0,
95341042000,0.000,0,1180.000,20,1080.000,1,8.100,9,8.000,1,2.300,25,1220.000,20,1250.000,5,1410.000,1,0.000,0,0.000,0,0,0,
95342045000,0.000,0,1170.000,20,1080.000,1,8.100,9,8.000,1,2.300,25,1210.000,20,1250.000,5,1410.000,1,0.000,0,0.000,0,0,0,
95356044000,0.000,0,1160.000,20,1080.000,1,8.100,9,8.000,1,2.300,25,1200.000,20,1250.000,5,1410.000,1,0.000,0,0.000,0,0,0,
95357419000,0.000,0,1160.000,20,1010.000,1,8.100,9,8.000,1,2.300,25,1200.000,20,1250.000,5,1330.000,1,0.000,0,0.000,0,0,0,
95415418000,0.000,0,1170.000,20,1010.000,1,8.100,9,8.000,1,2.300,25,1210.000,20,1250.000,5,1330.000,1,0.000,0,0.000,0,0,0,
95417793000,0.000,0,1160.000,20,1010.000,1,8.100,9,8.000,1,2.300,25,1200.000,20,1250.000,5,1330.000,1,0.000,0,0.000,0,0,0,
95418791000,0.000,0,1170.000,20,1010.000,1,8.100,9,8.000,1,2.300,25,1210.000,20,1250.000,5,1330.000,1,0.000,0,0.000,0,0,0,
95439794000,0.000,0,1180.000,20,1010.000,1,8.100,9,8.000,1,2.300,25,1220.000,20,1250.000,5,1330.000,1,0.000,0,0.000,0,0,0,
95442792000,0.000,0,1170.000,20,1010.000,1,8.100,9,8.000,1,2.300,25,1210.000,20,1250.000,5,1330.000,1,0.000,0,0.000,0,0,0,
95454918000,0.000,0,1160.000,20,1010.000,1,8.100,9,8.000,1,2.300,25,1200.000,20,1250.000,5,1330.000,1,0.000,0,0.000,0,0,0,
95500669000,0.000,0,1150.000,20,1010.000,1,8.100,9,8.000,1,2.300,25,1190.000,20,1250.000,5,1330.000,1,0.000,0,0.000,0,0,0,
95505293000,0.000,0,1140.000,20,1010.000,1,8.100,9,8.000,1,2.300,25,1180.000,20,1250.000,5,1330.000,1,0.000,0,0.000,0,0,0,
95511043000,0.000,0,1150.000,20,1010.000,1,8.100,9,8.000,1,2.300,25,1190.000,20,1250.000,5,1330.000,1,0.000,0,0.000,0,0,0,
95514168000,0.000,0,1140.000,20,1010.000,1,8.100,9,8.000,1,2.300,25,1180.000,20,1250.000,5,1330.000,1,0.000,0,0.000,0,0,0,
95515168000,0.000,0,1150.000,20,1010.000,1,8.100,9,8.000,1,2.300,25,1190.000,20,1250.000,5,1330.000,1,0.000,0,0.000,0,0,0,
95529042000,0.000,0,1140.000,20,1010.000,1,8.100,9,8.000,1,2.300,25,1180.000,20,1250.000,5,1330.000,1,0.000,0,0.000,0,0,0,
95532046000,0.000,0,1150.000,20,1010.000,1,8.100,9,8.000,1,2.300,25,1190.000,20,1250.000,5,1330.000,1,0.000,0,0.000,0,0,0,
95538042000,0.000,0,1140.000,20,1010.000,1,8.100,9,8.000,1,2.300,25,1180.000,20,1250.000,5,1330.000,1,0.000,0,0.000,0,0,0,
95541042000,0.000,0,1150.000,20,1010.000,1,8.100,9,8.000,1,2.300,25,1190.000,20,1250.000,5,1330.000,1,0.000,0,0.000,0,0,0,
95552168000,0.000,0,1160.000,20,1010.000,1,8.100,9,8.000,1,2.300,25,1200.000,20,1250.000,5,1330.000,1,0.000,0,0.000,0,0,0,
95553167000,0.000,0,1150.000,20,1010.000,1,8.100,9,8.000,1,2.300,25,1190.000,20,1250.000,5,1330.000,1,0.000,0,0.000,0,0,0,
95652792000,0.000,0,1140.000,20,1010.000,1,8.100,9,8.000,1,2.300,25,1180.000,20,1250.000,5,1330.000,1,0.000,0,0.000,0,0,0,
95653791000,0.000,0,1150.000,20,1010.000,1,8.100,9,8.000,1,2.300,25,1190.000,20,1250.000,5,1330.000,1,0.000,0,0.000,0,0,0,
95654791000,0.000,0,1140.000,20,1010.000,1,8.100,9,8.000,1,2.300,25,1180.000,20,1250.000,5,1330.000,1,0.000,0,0.000,0,0,0,
95656166000,0.000,0,1150.000,20,1010.000,1,8.100,9,8.000,1,2.300,25,1190.000,20,1250.000,5,1330.000,1,0.000,0,0.000,0,0,0,
95657167000,0.000,0,1140.000,20,1010.000,1,8.100,9,8.000,1,2.300,25,1180.000,20,1250.000,5,1330.000,1,0.000,0,0.000,0,0,0,
95701294000,0.000,0,1130.000,20,1010.000,1,8.100,9,8.000,1,2.300,25,1170.000,20,1250.000,5,1330.000,1,0.000,0,0.000,0,0,0,
95702295000,0.000,0,1010.000,1,8.100,9,8.000,1,2.300,25,2.200,10,1250.000,5,1330.000,1,0.000,0,0.000,0,0.000,0,0,0,
95703544000,0.000,0,1120.000,20,1010.000,1,8.100,9,8.000,1,2.300,25,1160.000,20,1250.000,5,1330.000,1,0.000,0,0.000,0,0,0,
95705542000,0.000,0,1130.000,20,1010.000,1,8.100,9,8.000,1,2.300,25,1170.000,20,1250.000,5,1330.000,1,0.000,0,0.000,0,0,0,
95707793000,0.000,0,1120.000,20,1010.000,1,8.100,9,8.000,1,2.300,25,1160.000,20,1250.000,5,1330.000,1,0.000,0,0.000,0,0,0,
95709168000,0.000,0,1130.000,20,1010.000,1,8.100,9,8.000,1,2.300,25,1170.000,20,1250.000,5,1330.000,1,0.000,0,0.000,0,0,0,
95720168000,0.000,0,1120.000,20,1010.000,1,8.100,9,8.000,1,2.300,25,1160.000,20,1250.000,5,1330.000,1,0.000,0,0.000,0,0,0,
95722169000,0.000,0,1130.000,20,1010.000,1,8.100,9,8.000,1,2.300,25,1170.000,20,1250.000,5,1330.000,1,0.000,0,0.000,0,0,0,
95727793000,0.000,0,1120.000,20,1010.000,1,8.100,9,8.000,1,2.300,25,1160.000,20,1250.000,5,1330.000,1,0.000,0,0.000,0,0,0,
95729420000,0.000,0,1130.000,20,1010.000,1,8.100,9,8.000,1,2.300,25,1170.000,20,1250.000,5,1330.000,1,0.000,0,0.000,0,0,0,
95731167000,0.000,0,1120.000,20,1010.000,1,8.100,9,8.000,1,2.300,25,1160.000,20,1250.000,5,1330.000,1,0.000,0,0.000,0,0,0,
95732167000,0.000,0,1130.000,20,1010.000,1,8.100,9,8.000,1,2.300,25,1170.000,20,1250.000,5,1330.000,1,0.000,0,0.000,0,0,0,
95740544000,0.000,0,1140.000,20,1010.000,1,8.100,9,8.000,1,2.300,25,1180.000,20,1250.000,5,1330.000,1,0.000,0,0.000,0,0,0,
95741543000,0.000,0,1130.000,20,1010.000,1,8.100,9,8.000,1,2.300,25,1170.000,20,1250.000,5,1330.000,1,0.000,0,0.000,0,0,0,
95757167000,0.000,0,1140.000,20,1010.000,1,8.100,9,8.000,1,2.300,25,1180.000,20,1250.000,5,1330.000,1,0.000,0,0.000,0,0,0,
95758167000,0.000,0,1130.000,20,1010.000,1,8.100,9,8.000,1,2.300,25,1170.000,20,1250.000,5,1330.000,1,0.000,0,0.000,0,0,0,
95814169000,0.000,0,1140.000,20,1010.000,1,8.100,9,8.000,1,2.300,25,1180.000,20,1250.000,5,1330.000,1,0.000,0,0.000,0,0,0,
95816167000,0.000,0,1130.000,20,1010.000,1,8.100,9,8.000,1,2.300,25,1170.000,20,1250.000,5,1330.000,1,0.000,0,0.000,0,0,0,
95816791000,0.000,0,1130.000,25,1010.000,1,8.100,9,8.000,1,2.300,25,1170.000,20,1250.000,5,1330.000,1,0.000,0,0.000,0,0,0,
95819167000,0.000,0,1140.000,20,1130.000,5,1010.000,1,8.100,9,8.000,1,1180.000,20,1250.000,5,1330.000,1,0.000,0,0.000,0,0,0,
95847292000,0.000,0,1140.000,20,1130.000,5,1010.000,1,8.100,9,8.000,1,1180.000,20,1330.000,1,0.000,0,0.000,0,0.000,0,0,0,
95847541000,0.000,0,1140.000,20,1130.000,5,1010.000,1,8.100,9,8.000,1,1170.000,5,1180.000,20,1330.000,1,0.000,0,0.000,0,0,0,
95847792000,0.000,0,1140.000,20,1130.000,5,1010.000,1,8.100,9,8.000,1,1160.000,20,1170.000,5,1330.000,1,0.000,0,0.000,0,0,0,
95918919000,0.000,0,1140.000,20,1130.000,5,1010.000,1,8.100,9,8.000,1,1170.000,25,1330.000,1,0.000,0,0.000,0,0.000,0,0,0,
95922919000,0.000,0,1150.000,20,1130.000,5,1010.000,1,8.100,9,8.000,1,1190.000,20,1330.000,1,0.000,0,0.000,0,0.000,0,0,0,
95924294000,0.000,0,1160.000,20,1130.000,5,1010.000,1,8.100,9,8.000,1,1200.000,20,1330.000,1,0.000,0,0.000,0,0.000,0,0,0,
95925418000,0.000,0,1150.000,20,1130.000,5,1010.000,1,8.100,9,8.000,1,1190.000,20,1330.000,1,0.000,0,0.000,0,0.000,0,0,0,
95933168000,0.000,0,1140.000,20,1130.000,5,1010.000,1,8.100,9,8.000,1,1180.000,20,1330.000,1,0.000,0,0.000,0,0.000,0,0,0,
95937166000,0.000,0,1150.000,20,1130.000,5,1010.000,1,8.100,9,8.000,1,1190.000,20,1330.000,1,0.000,0,0.000,0,0.000,0,0,0,
95938167000,0.000,0,1140.000,20,1130.000,5,1010.000,1,8.100,9,8.000,1,1180.000,20,1330.000,1,0.000,0,0.000,0,0.000,0,0,0,
95939166000,0.000,0,1150.000,20,1130.000,5,1010.000,1,8.100,9,8.000,1,1190.000,20,1330.000,1,0.000,0,0.000,0,0.000,0,0,0,
95944168000,0.000,0,1140.000,20,1130.000,5,1010.000,1,8.100,9,8.000,1,1180.000,20,1330.000,1,0.000,0,0.000,0,0.000,0,0,0,
95945168000,0.000,0,1150.000,20,1130.000,5,1010.000,1,8.100,9,8.000,1,1190.000,20,1330.000,1,0.000,0,0.000,0,0.000,0,0,0,
95946166000,0.000,0,1140.000,20,1130.000,5,1010.000,1,8.100,9,8.000,1,1180.000,20,1330.000,1,0.000,0,0.000,0,0.000,0,0,0,
100004293000,0.000,0,1150.000,20,1130.000,5,1010.000,1,8.100,9,8.000,1,1190.000,20,1330.000,1,0.000,0,0.000,0,0.000,0,0,0,
100010167000,0.000,0,1140.000,20,1130.000,5,1010.000,1,8.100,9,8.000,1,1180.000,20,1330.000,1,0.000,0,0.000,0,0.000,0,0,0,
100012168000,0.000,0,1150.000,20,1130.000,5,1010.000,1,8.100,9,8.000,1,1190.000,20,1330.000,1,0.000,0,0.000,0,0.000,0,0,0,
100028044000,0.000,0,1140.000,20,1130.000,5,1010.000,1,8.100,9,8.000,1,1180.000,20,1330.000,1,0.000,0,0.000,0,0.000,0,0,0,
100029417000,0.000,0,1150.000,20,1130.000,5,1010.000,1,8.100,9,8.000,1,1190.000,20,1330.000,1,0.000,0,0.000,0,0.000,0,0,0,
100030418000,0.000,0,1140.000,20,1130.000,5,1010.000,1,8.100,9,8.000,1,1180.000,20,1330.000,1,0.000,0,0.000,0,0.000,0,0,0,
100059667000,0.000,0,1140.000,20,1010.000,1,8.100,9,8.000,1,2.300,25,1170.000,5,1180.000,20,1330.000,1,0.000,0,0.000,0,0,0,
100100041000,0.000,0,1130.000,20,1010.000,1,8.100,9,8.000,1,2.300,25,1170.000,25,1330.000,1,0.000,0,0.000,0,0.000,0,0,0,
100101042000,0.000,0,1120.000,20,1010.000,1,8.100,9,8.000,1,2.300,25,1160.000,20,1170.000,5,1330.000,1,0.000,0,0.000,0,0,0,
100103669000,0.000,0,1010.000,1,8.100,9,8.000,1,2.300,25,2.200,10,1170.000,5,1330.000,1,0.000,0,0.000,0,0.000,0,0,0,
100104041000,0.000,0,1020.000,5,1010.000,1,8.100,9,8.000,1,2.300,25,1170.000,5,1330.000,1,0.000,0,0.000,0,0.000,0,0,0,
100104666000,0.000,0,1130.000,20,1020.000,5,1010.000,1,8.100,9,8.000,1,1170.000,25,1330.000,1,0.000,0,0.000,0,0.000,0,0,0,
100105667000,0.000,0,1120.000,20,1020.000,5,1010.000,1,8.100,9,8.000,1,1160.000,20,1170.000,5,1330.000,1,0.000,0,0.000,0,0,0,
100106667000,0.000,0,1130.000,20,1020.000,5,1010.000,1,8.100,9,8.000,1,1170.000,25,1330.000,1,0.000,0,0.000,0,0.000,0,0,0,
100107666000,0.000,0,1120.000,20,1020.000,5,1010.000,1,8.100,9,8.000,1,1160.000,20,1170.000,5,1330.000,1,0.000,0,0.000,0,0,0,
100112291000,0.000,0,1130.000,20,1020.000,5,1010.000,1,8.100,9,8.000,1,1170.000,25,1330.000,1,0.000,0,0.000,0,0.000,0,0,0,
100120550000,0.000,0,1120.000,20,1020.000,5,1010.000,1,8.100,9,8.000,1,1160.000,20,1170.000,5,1330.000,1,0.000,0,0.000,0,0,0,
100124167000,0.000,0,1020.000,5,1010.000,1,8.100,9,8.000,1,2.300,25,1170.000,5,1330.000,1,0.000,0,0.000,0,0.000,0,0,0,
100125167000,0.000,0,1120.000,20,1020.000,5,1010.000,1,8.100,9,8.000,1,1160.000,20,1170.000,5,1330.000,1,0.000,0,0.000,0,0,0,
100125417000,0.000,0,1130.000,20,1020.000,5,1010.000,1,8.100,9,8.000,1,1170.000,25,1330.000,1,0.000,0,0.000,0,0.000,0,0,0,
100127791000,0.000,0,1120.000,20,1020.000,5,1010.000,1,8.100,9,8.000,1,1160.000,20,1170.000,5,1330.000,1,0.000,0,0.000,0,0,0,
100130042000,0.000,0,1020.000,5,1010.000,1,8.100,9,8.000,1,2.300,25,1170.000,5,1330.000,1,0.000,0,0.000,0,0.000,0,0,0,
100130167000,0.000,0,1020.000,5,1010.000,1,8.100,9,8.000,1,2.300,25,1330.000,1,0.000,0,0.000,0,0.000,0,0.000,0,0,0,
100130542000,0.000,0,1020.000,5,1010.000,1,8.100,9,8.000,1,2.300,25,1290.000,5,1330.000,1,0.000,0,0.000,0,0.000,0,0,0,
100131041000,0.000,0,1140.000,20,1020.000,5,1010.000,1,8.100,9,8.000,1,1180.000,20,1290.000,5,1330.000,1,0.000,0,0.000,0,0,0,
100201919000,0.000,0,1130.000,20,1020.000,5,1010.000,1,8.100,9,8.000,1,1170.000,20,1290.000,5,1330.000,1,0.000,0,0.000,0,0,0,
100206793000,0.000,0,1140.000,20,1020.000,5,1010.000,1,8.100,9,8.000,1,1180.000,20,1290.000,5,1330.000,1,0.000,0,0.000,0,0,0,
100207791000,0.000,0,1130.000,20,1020.000,5,1010.000,1,8.100,9,8.000,1,1170.000,20,1290.000,5,1330.000,1,0.000,0,0.000,0,0,0,
100215291000,0.000,0,1140.000,20,1020.000,5,1010.000,1,8.100,9,8.000,1,1180.000,20,1290.000,5,1330.000,1,0.000,0,0.000,0,0,0,
100216292000,0.000,0,1130.000,20,1020.000,5,1010.000,1,8.100,9,8.000,1,1170.000,20,1290.000,5,1330.000,1,0.000,0,0.000,0,0,0,
100251044000,0.000,0,1140.000,20,1020.000,5,1010.000,1,8.100,9,8.000,1,1180.000,20,1290.000,5,1330.000,1,0.000,0,0.000,0,0,0,
100256292000,0.000,0,1130.000,20,1020.000,5,1010.000,1,8.100,9,8.000,1,1170.000,20,1290.000,5,1330.000,1,0.000,0,0.000,0,0,0,
100306292000,0.000,0,1120.000,20,1020.000,5,1010.000,1,8.100,9,8.000,1,1160.000,20,1290.000,5,1330.000,1,0.000,0,0.000,0,0,0,
100307291000,0.000,0,1130.000,20,1020.000,5,1010.000,1,8.100,9,8.000,1,1170.000,20,1290.000,5,1330.000,1,0.000,0,0.000,0,0,0,
100308291000,0.000,0,1120.000,20,1020.000,5,1010.000,1,8.100,9,8.000,1,1160.000,20,1290.000,5,1330.000,1,0.000,0,0.000,0,0,0,
100309542000,0.000,0,1130.000,20,1020.000,5,1010.000,1,8.100,9,8.000,1,1170.000,20,1290.000,5,1330.000,1,0.000,0,0.000,0,0,0,
100320541000,0.000,0,1130.000,20,1010.000,1,8.100,9,8.000,1,2.300,25,1170.000,20,1330.000,1,0.000,0,0.000,0,0.000,0,0,0,
100341418000,0.000,0,1140.000,20,1010.000,1,8.100,9,8.000,1,2.300,25,1180.000,20,1330.000,1,0.000,0,0.000,0,0.000,0,0,0,
100351292000,0.000,0,1130.000,20,1010.000,1,8.100,9,8.000,1,2.300,25,1170.000,20,1330.000,1,0.000,0,0.000,0,0.000,0,0,0,
100355291000,0.000,0,1140.000,20,1010.000,1,8.100,9,8.000,1,2.300,25,1180.000,20,1330.000,1,0.000,0,0.000,0,0.000,0,0,0,
100357792000,0.000,0,1130.000,20,1010.000,1,8.100,9,8.000,1,2.300,25,1170.000,20,1330.000,1,0.000,0,0.000,0,0.000,0,0,0,
100358791000,0.000,0,1140.000,20,1010.000,1,8.100,9,8.000,1,2.300,25,1180.000,20,1330.000,1,0.000,0,0.000,0,0.000,0,0,0,
100359791000,0.000,0,1130.000,20,1010.000,1,8.100,9,8.000,1,2.300,25,1170.000,20,1330.000,1,0.000,0,0.000,0,0.000,0,0,0,
100418291000,0.000,0,1140.000,20,1010.000,1,8.100,9,8.000,1,2.300,25,1180.000,20,1330.000,1,0.000,0,0.000,0,0.000,0,0,0,
100459418000,0.000,0,1130.000,20,1010.000,1,8.100,9,8.000,1,2.300,25,1170.000,20,1330.000,1,0.000,0,0.000,0,0.000,0,0,0,
100500420000,0.000,0,1140.000,20,1010.000,1,8.100,9,8.000,1,2.300,25,1180.000,20,1330.000,1,0.000,0,0.000,0,0.000,0,0,0,
100500546000,0.000,0,1010.000,1,8.100,9,8.000,1,2.300,25,2.200,10,1330.000,1,0.000,0,0.000,0,0.000,0,0.000,0,0,0,
100502668000,0.000,0,1130.000,20,1010.000,1,8.100,9,8.000,1,2.300,25,1170.000,20,1330.000,1,0.000,0,0.000,0,0.000,0,0,0,
100642541000,0.000,0,1140.000,20,1010.000,1,8.100,9,8.000,1,2.300,25,1180.000,20,1330.000,1,0.000,0,0.000,0,0.000,0,0,0,
100651416000,0.000,0,1130.000,20,1010.000,1,8.100,9,8.000,1,2.300,25,1170.000,20,1330.000,1,0.000,0,0.000,0,0.000,0,0,0,
100657791000,0.000,0,1140.000,20,1010.000,1,8.100,9,8.000,1,2.300,25,1180.000,20,1330.000,1,0.000,0,0.000,0,0.000,0,0,0,
100700792000,0.000,0,1130.000,20,1010.000,1,8.100,9,8.000,1,2.300,25,1170.000,20,1330.000,1,0.000,0,0.000,0,0.000,0,0,0,
100709418000,0.000,0,1140.000,20,1010.000,1,8.100,9,8.000,1,2.300,25,1180.000,20,1330.000,1,0.000,0,0.000,0,0.000,0,0,0,
100711417000,0.000,0,1130.000,20,1010.000,1,8.100,9,8.000,1,2.300,25,1170.000,20,1330.000,1,0.000,0,0.000,0,0.000,0,0,0,
100722793000,0.000,0,1120.000,20,1010.000,1,8.100,9,8.000,1,2.300,25,1160.000,20,1330.000,1,0.000,0,0.000,0,0.000,0,0,0,
100726291000,0.000,0,1130.000,20,1010.000,1,8.100,9,8.000,1,2.300,25,1170.000,20,1330.000,1,0.000,0,0.000,0,0.000,0,0,0,
100740918000,0.000,0,1140.000,20,1010.000,1,8.100,9,8.000,1,2.300,25,1180.000,20,1330.000,1,0.000,0,0.000,0,0.000,0,0,0,
100742418000,0.000,0,1130.000,20,1010.000,1,8.100,9,8.000,1,2.300,25,1170.000,20,1330.000,1,0.000,0,0.000,0,0.000,0,0,0,
100802919000,0.000,0,1140.000,20,1010.000,1,8.100,9,8.000,1,2.300,25,1180.000,20,1330.000,1,0.000,0,0.000,0,0.000,0,0,0,
100805416000,0.000,0,1130.000,20,1010.000,1,8.100,9,8.000,1,2.300,25,1170.000,20,1330.000,1,0.000,0,0.000,0,0.000,0,0,0,
100808916000,0.000,0,1130.000,25,1010.000,1,8.100,9,8.000,1,2.300,25,1170.000,20,1330.000,1,0.000,0,0.000,0,0.000,0,0,0,
100820417000,0.000,0,1140.000,20,1130.000,5,1010.000,1,8.100,9,8.000,1,1180.000,20,1330.000,1,0.000,0,0.000,0,0.000,0,0,0,
100840041000,0.000,0,1140.000,20,1130.000,5,1010.000,1,8.100,9,8.000,1,1170.000,5,1180.000,20,1330.000,1,0.000,0,0.000,0,0,0,
100840291000,0.000,0,1140.000,20,1130.000,5,1010.000,1,8.100,9,8.000,1,1160.000,20,1170.000,5,1330.000,1,0.000,0,0.000,0,0,0,
100900419000,0.000,0,1130.000,5,1010.000,1,8.100,9,8.000,1,2.300,25,1170.000,5,1330.000,1,0.000,0,0.000,0,0.000,0,0,0,
100901419000,0.000,0,1130.000,25,1010.000,1,8.100,9,8.000,1,2.300,25,1160.000,20,1170.000,5,1330.000,1,0.000,0,0.000,0,0,0,
100901670000,0.000,0,1130.000,20,1010.000,1,8.100,9,8.000,1,2.300,25,1160.000,20,1170.000,5,1330.000,1,0.000,0,0.000,0,0,0,
100902170000,0.000,0,1010.000,1,8.100,9,8.000,1,2.300,25,2.200,10,1170.000,5,1330.000,1,0.000,0,0.000,0,0.000,0,0,0,
100903668000,0.000,0,1120.000,20,1010.000,1,8.100,9,8.000,1,2.300,25,1160.000,20,1170.000,5,1330.000,1,0.000,0,0.000,0,0,0,
100951921000,0.000,0,1110.000,20,1010.000,1,8.100,9,8.000,1,2.300,25,1150.000,20,1170.000,5,1330.000,1,0.000,0,0.000,0,0,0,
101005542000,0.000,0,1120.000,20,1010.000,1,8.100,9,8.000,1,2.300,25,1160.000,20,1170.000,5,1330.000,1,0.000,0,0.000,0,0,0,
101006667000,0.000,0,1110.000,20,1010.000,1,8.100,9,8.000,1,2.300,25,1150.000,20,1170.000,5,1330.000,1,0.000,0,0.000,0,0,0,
101018667000,0.000,0,1120.000,20,1010.000,1,8.100,9,8.000,1,2.300,25,1160.000,20,1170.000,5,1330.000,1,0.000,0,0.000,0,0,0,
101019666000,0.000,0,1110.000,20,1010.000,1,8.100,9,8.000,1,2.300,25,1150.000,20,1170.000,5,1330.000,1,0.000,0,0.000,0,0,0,
101022792000,0.000,0,1120.000,20,1010.000,1,8.100,9,8.000,1,2.300,25,1160.000,20,1170.000,5,1330.000,1,0.000,0,0.000,0,0,0,
101025542000,0.000,0,1110.000,20,1010.000,1,8.100,9,8.000,1,2.300,25,1150.000,20,1170.000,5,1330.000,1,0.000,0,0.000,0,0,0,
101030794000,0.000,0,1120.000,20,1010.000,1,8.100,9,8.000,1,2.300,25,1160.000,20,1170.000,5,1330.000,1,0.000,0,0.000,0,0,0,
101033416000,0.000,0,1110.000,20,1010.000,1,8.100,9,8.000,1,2.300,25,1150.000,20,1170.000,5,1330.000,1,0.000,0,0.000,0,0,0,
101034416000,0.000,0,1120.000,20,1010.000,1,8.100,9,8.000,1,2.300,25,1160.000,20,1170.000,5,1330.000,1,0.000,0,0.000,0,0,0,
101038042000,0.000,0,1110.000,20,1010.000,1,8.100,9,8.000,1,2.300,25,1150.000,20,1170.000,5,1330.000,1,0.000,0,0.000,0,0,0,
101039041000,0.000,0,1120.000,20,1010.000,1,8.100,9,8.000,1,2.300,25,1160.000,20,1170.000,5,1330.000,1,0.000,0,0.000,0,0,0,
101055543000,0.000,0,1110.000,20,1010.000,1,8.100,9,8.000,1,2.300,25,1150.000,20,1170.000,5,1330.000,1,0.000,0,0.000,0,0,0,
101114667000,0.000,0,1120.000,20,1010.000,1,8.100,9,8.000,1,2.300,25,1160.000,20,1170.000,5,1330.000,1,0.000,0,0.000,0,0,0,
101117542000,0.000,0,1110.000,20,1010.000,1,8.100,9,8.000,1,2.300,25,1150.000,20,1170.000,5,1330.000,1,0.000,0,0.000,0,0,0,
101119542000,0.000,0,1120.000,20,1010.000,1,8.100,9,8.000,1,2.300,25,1160.000,20,1170.000,5,1330.000,1,0.000,0,0.000,0,0,0,
101120543000,0.000,0,1110.000,20,1010.000,1,8.100,9,8.000,1,2.300,25,1150.000,20,1170.000,5,1330.000,1,0.000,0,0.000,0,0,0,
101152170000,0.000,0,1120.000,20,1010.000,1,8.100,9,8.000,1,2.300,25,1160.000,20,1170.000,5,1330.000,1,0.000,0,0.000,0,0,0,
101153167000,0.000,0,1110.000,20,1010.000,1,8.100,9,8.000,1,2.300,25,1150.000,20,1170.000,5,1330.000,1,0.000,0,0.000,0,0,0,
101207291000,0.000,0,1110.000,25,1010.000,1,8.100,9,8.000,1,2.300,25,1150.000,20,1170.000,5,1330.000,1,0.000,0,0.000,0,0,0,
101213918000,0.000,0,1120.000,20,1110.000,5,1010.000,1,8.100,9,8.000,1,1160.000,20,1170.000,5,1330.000,1,0.000,0,0.000,0,0,0,
101238166000,0.000,0,1120.000,20,1110.000,5,1010.000,1,8.100,9,8.000,1,1160.000,20,1330.000,1,0.000,0,0.000,0,0.000,0,0,0,
101239291000,0.000,0,1120.000,20,1110.000,5,1010.000,1,8.100,9,8.000,1,1140.000,20,1150.000,5,1330.000,1,0.000,0,0.000,0,0,0,
101247667000,0.000,0,1120.000,20,1110.000,5,1010.000,1,8.100,9,8.000,1,1150.000,25,1330.000,1,0.000,0,0.000,0,0.000,0,0,0,
101250166000,0.000,0,1120.000,20,1110.000,5,1010.000,1,8.100,9,8.000,1,1140.000,20,1150.000,5,1330.000,1,0.000,0,0.000,0,0,0,
101316666000,0.000,0,1120.000,25,1010.000,1,8.100,9,8.000,1,2.300,25,1140.000,20,1150.000,5,1330.000,1,0.000,0,0.000,0,0,0,
101317419000,0.000,0,1120.000,25,1010.000,1,8.100,9,8.000,1,2.300,25,1150.000,25,1330.000,1,0.000,0,0.000,0,0.000,0,0,0,
101355043000,0.000,0,1120.000,25,1010.000,1,8.100,9,8.000,1,2.300,25,1150.000,20,1330.000,1,0.000,0,0.000,0,0.000,0,0,0,
101355417000,0.000,0,1130.000,20,1120.000,5,1010.000,1,8.100,9,8.000,1,1170.000,20,1330.000,1,0.000,0,0.000,0,0.000,0,0,0,
101438171000,0.000,0,1120.000,5,1010.000,1,8.100,9,8.000,1,2.300,25,1160.000,5,1330.000,1,0.000,0,0.000,0,0.000,0,0,0,
101439293000,0.000,0,1130.000,20,1120.000,5,1010.000,1,8.100,9,8.000,1,1150.000,20,1160.000,5,1330.000,1,0.000,0,0.000,0,0,0,
101440418000,0.000,0,1120.000,5,1010.000,1,8.100,9,8.000,1,2.300,25,1160.000,5,1330.000,1,0.000,0,0.000,0,0.000,0,0,0,
101441418000,0.000,0,1120.000,25,1010.000,1,8.100,9,8.000,1,2.300,25,1150.000,20,1160.000,5,1330.000,1,0.000,0,0.000,0,0,0,
101442417000,0.000,0,1130.000,20,1120.000,5,1010.000,1,8.100,9,8.000,1,1150.000,20,1160.000,5,1330.000,1,0.000,0,0.000,0,0,0,
101451667000,0.000,0,1120.000,25,1010.000,1,8.100,9,8.000,1,2.300,25,1150.000,20,1160.000,5,1330.000,1,0.000,0,0.000,0,0,0,
101452667000,0.000,0,1130.000,20,1120.000,5,1010.000,1,8.100,9,8.000,1,1150.000,20,1160.000,5,1330.000,1,0.000,0,0.000,0,0,0,
101455667000,0.000,0,1120.000,25,1010.000,1,8.100,9,8.000,1,2.300,25,1150.000,20,1160.000,5,1330.000,1,0.000,0,0.000,0,0,0,
101500297000,0.000,0,1120.000,20,1010.000,1,8.100,9,8.000,1,2.300,25,1150.000,20,1160.000,5,1330.000,1,0.000,0,0.000,0,0,0,
101500424000,0.000,0,1010.000,1,8.100,9,8.000,1,2.300,25,2.200,10,1160.000,5,1330.000,1,0.000,0,0.000,0,0.000,0,0,0,
101502545000,0.000,0,1110.000,20,1010.000,1,8.100,9,8.000,1,2.300,25,1150.000,20,1160.000,5,1330.000,1,0.000,0,0.000,0,0,0,
101531919000,0.000,0,1100.000,20,1010.000,1,8.100,9,8.000,1,2.300,25,1140.000,20,1160.000,5,1330.000,1,0.000,0,0.000,0,0,0,
101532918000,0.000,0,1110.000,20,1010.000,1,8.100,9,8.000,1,2.300,25,1150.000,20,1160.000,5,1330.000,1,0.000,0,0.000,0,0,0,
101553041000,0.000,0,1110.000,25,1010.000,1,8.100,9,8.000,1,2.300,25,1150.000,20,1330.000,1,0.000,0,0.000,0,0.000,0,0,0,
101600418000,0.000,0,1110.000,20,1010.000,1,8.100,9,8.000,1,2.300,25,1150.000,20,1330.000,1,0.000,0,0.000,0,0.000,0,0,0,
101601043000,0.000,0,1100.000,20,1010.000,1,8.100,9,8.000,1,2.300,25,1140.000,20,1330.000,1,0.000,0,0.000,0,0.000,0,0,0,
101644666000,0.000,0,1100.000,25,1010.000,1,8.100,9,8.000,1,2.300,25,1140.000,20,1330.000,1,0.000,0,0.000,0,0.000,0,0,0,
101707543000,0.000,0,1110.000,20,1100.000,5,1010.000,1,8.100,9,8.000,1,1150.000,20,1330.000,1,0.000,0,0.000,0,0.000,0,0,0,
101720792000,0.000,0,1120.000,20,1100.000,5,1010.000,1,8.100,9,8.000,1,1160.000,20,1330.000,1,0.000,0,0.000,0,0.000,0,0,0,
101721792000,0.000,0,1110.000,20,1100.000,5,1010.000,1,8.100,9,8.000,1,1150.000,20,1330.000,1,0.000,0,0.000,0,0.000,0,0,0,
101740916000,0.000,0,1110.000,20,1010.000,1,8.100,9,8.000,1,2.300,25,1140.000,5,1150.000,20,1330.000,1,0.000,0,0.000,0,0,0,
101741541000,0.000,0,1100.000,20,1010.000,1,8.100,9,8.000,1,2.300,25,1140.000,25,1330.000,1,0.000,0,0.000,0,0.000,0,0,0,
101811418000,0.000,0,1090.000,20,1010.000,1,8.100,9,8.000,1,2.300,25,1130.000,20,1140.000,5,1330.000,1,0.000,0,0.000,0,0,0,
101818292000,0.000,0,1100.000,5,1090.000,20,1010.000,1,8.100,9,8.000,1,1130.000,20,1140.000,5,1330.000,1,0.000,0,0.000,0,0,0,
101818543000,0.000,0,1110.000,20,1100.000,5,1010.000,1,8.100,9,8.000,1,1130.000,20,1140.000,5,1330.000,1,0.000,0,0.000,0,0,0,
101929791000,0.000,0,1110.000,20,1100.000,5,1010.000,1,8.100,9,8.000,1,1130.000,20,1330.000,1,0.000,0,0.000,0,0.000,0,0,0,
101930166000,0.000,0,1110.000,20,1100.000,5,1010.000,1,8.100,9,8.000,1,1150.000,20,1330.000,1,0.000,0,0.000,0,0.000,0,0,0,
101930916000,0.000,0,1110.000,20,1100.000,5,1010.000,1,8.100,9,8.000,1,1140.000,5,1150.000,20,1330.000,1,0.000,0,0.000,0,0,0,
101931169000,0.000,0,1110.000,20,1100.000,5,1010.000,1,8.100,9,8.000,1,1130.000,20,1140.000,5,1330.000,1,0.000,0,0.000,0,0,0,
101942791000,0.000,0,1100.000,25,1010.000,1,8.100,9,8.000,1,2.300,25,1130.000,20,1140.000,5,1330.000,1,0.000,0,0.000,0,0,0,
101943792000,0.000,0,1110.000,20,1100.000,5,1010.000,1,8.100,9,8.000,1,1130.000,20,1140.000,5,1330.000,1,0.000,0,0.000,0,0,0,
101945916000,0.000,0,1100.000,25,1010.000,1,8.100,9,8.000,1,2.300,25,1130.000,20,1140.000,5,1330.000,1,0.000,0,0.000,0,0,0,
102001167000,0.000,0,1100.000,20,1010.000,1,8.100,9,8.000,1,2.300,25,1130.000,20,1140.000,5,1330.000,1,0.000,0,0.000,0,0,0,
102001417000,0.000,0,1090.000,20,1010.000,1,8.100,9,8.000,1,2.300,25,1130.000,20,1140.000,5,1330.000,1,0.000,0,0.000,0,0,0,
102127667000,0.000,0,1090.000,25,1010.000,1,8.100,9,8.000,1,2.300,25,1130.000,20,1140.000,5,1330.000,1,0.000,0,0.000,0,0,0,
102157666000,0.000,0,1090.000,25,1010.000,1,8.100,9,8.000,1,2.300,25,1130.000,25,1330.000,1,0.000,0,0.000,0,0.000,0,0,0,
102327168000,0.000,0,1080.000,20,1010.000,1,8.100,9,8.000,1,2.300,25,1120.000,20,1130.000,5,1330.000,1,0.000,0,0.000,0,0,0,
102438044000,0.000,0,1080.000,20,930.000,1,8.100,9,8.000,1,2.300,25,1120.000,20,1130.000,5,1260.000,1,0.000,0,0.000,0,0,0,
102541667000,0.000,0,1080.000,25,930.000,1,8.100,9,8.000,1,2.300,25,1120.000,20,1260.000,1,0.000,0,0.000,0,0.000,0,0,0,
102543041000,0.000,0,1090.000,20,1080.000,5,930.000,1,8.100,9,8.000,1,1130.000,20,1260.000,1,0.000,0,0.000,0,0.000,0,0,0,
102629416000,0.000,0,1090.000,20,930.000,1,8.100,9,8.000,1,2.300,25,1130.000,20,1260.000,1,0.000,0,0.000,0,0.000,0,0,0,
102713042000,0.000,0,1090.000,25,930.000,1,8.100,9,8.000,1,2.300,25,1130.000,20,1260.000,1,0.000,0,0.000,0,0.000,0,0,0,
102743291000,0.000,0,1090.000,25,930.000,1,8.100,9,8.000,1,2.300,25,1120.000,5,1130.000,20,1260.000,1,0.000,0,0.000,0,0,0,
102743792000,0.000,0,1090.000,25,930.000,1,8.100,9,8.000,1,2.300,25,1120.000,25,1260.000,1,0.000,0,0.000,0,0.000,0,0,0,
102744668000,0.000,0,1090.000,25,930.000,1,8.100,9,8.000,1,2.300,25,1120.000,20,1260.000,1,0.000,0,0.000,0,0.000,0,0,0,
102744794000,0.000,0,1100.000,20,1090.000,5,930.000,1,8.100,9,8.000,1,1140.000,20,1260.000,1,0.000,0,0.000,0,0.000,0,0,0,
102824543000,0.000,0,1110.000,20,1090.000,5,930.000,1,8.100,9,8.000,1,1150.000,20,1260.000,1,0.000,0,0.000,0,0.000,0,0,0,
102826168000,0.000,0,1100.000,20,1090.000,5,930.000,1,8.100,9,8.000,1,1140.000,20,1260.000,1,0.000,0,0.000,0,0.000,0,0,0,
102836168000,0.000,0,1110.000,20,1090.000,5,930.000,1,8.100,9,8.000,1,1150.000,20,1260.000,1,0.000,0,0.000,0,0.000,0,0,0,
102842669000,0.000,0,1100.000,20,1090.000,5,930.000,1,8.100,9,8.000,1,1140.000,20,1260.000,1,0.000,0,0.000,0,0.000,0,0,0,
102843667000,0.000,0,1110.000,20,1090.000,5,930.000,1,8.100,9,8.000,1,1150.000,20,1260.000,1,0.000,0,0.000,0,0.000,0,0,0,
102846167000,0.000,0,1100.000,20,1090.000,5,930.000,1,8.100,9,8.000,1,1140.000,20,1260.000,1,0.000,0,0.000,0,0.000,0,0,0,
102914541000,0.000,0,1100.000,20,930.000,1,8.100,9,8.000,1,2.300,25,1140.000,20,1260.000,1,0.000,0,0.000,0,0.000,0,0,0,
102917168000,0.000,0,1090.000,20,930.000,1,8.100,9,8.000,1,2.300,25,1130.000,20,1260.000,1,0.000,0,0.000,0,0.000,0,0,0,
102918292000,0.000,0,1100.000,20,930.000,1,8.100,9,8.000,1,2.300,25,1140.000,20,1260.000,1,0.000,0,0.000,0,0.000,0,0,0,
102952791000,0.000,0,1090.000,20,930.000,1,8.100,9,8.000,1,2.300,25,1130.000,20,1260.000,1,0.000,0,0.000,0,0.000,0,0,0,
102957791000,0.000,0,1100.000,20,930.000,1,8.100,9,8.000,1,2.300,25,1140.000,20,1260.000,1,0.000,0,0.000,0,0.000,0,0,0,
103033791000,0.000,0,1100.000,25,930.000,1,8.100,9,8.000,1,2.300,25,1140.000,20,1260.000,1,0.000,0,0.000,0,0.000,0,0,0,
103045170000,0.000,0,1110.000,20,1100.000,5,930.000,1,8.100,9,8.000,1,1150.000,20,1260.000,1,0.000,0,0.000,0,0.000,0,0,0,
103104046000,0.000,0,1120.000,20,1100.000,5,930.000,1,8.100,9,8.000,1,1160.000,20,1260.000,1,0.000,0,0.000,0,0.000,0,0,0,
103107167000,0.000,0,1110.000,20,1100.000,5,930.000,1,8.100,9,8.000,1,1150.000,20,1260.000,1,0.000,0,0.000,0,0.000,0,0,0,
103108166000,0.000,0,1120.000,20,1100.000,5,930.000,1,8.100,9,8.000,1,1160.000,20,1260.000,1,0.000,0,0.000,0,0.000,0,0,0,
103109167000,0.000,0,1110.000,20,1100.000,5,930.000,1,8.100,9,8.000,1,1150.000,20,1260.000,1,0.000,0,0.000,0,0.000,0,0,0,
103147417000,0.000,0,1110.000,20,930.000,1,8.100,9,8.000,1,2.300,25,1150.000,20,1260.000,1,0.000,0,0.000,0,0.000,0,0,0,
103225669000,0.000,0,1100.000,20,930.000,1,8.100,9,8.000,1,2.300,25,1140.000,20,1260.000,1,0.000,0,0.000,0,0.000,0,0,0,
103226668000,0.000,0,1110.000,20,930.000,1,8.100,9,8.000,1,2.300,25,1150.000,20,1260.000,1,0.000,0,0.000,0,0.000,0,0,0,
103228291000,0.000,0,1100.000,20,930.000,1,8.100,9,8.000,1,2.300,25,1140.000,20,1260.000,1,0.000,0,0.000,0,0.000,0,0,0,
103229291000,0.000,0,1110.000,20,930.000,1,8.100,9,8.000,1,2.300,25,1150.000,20,1260.000,1,0.000,0,0.000,0,0.000,0,0,0,
103234291000,0.000,0,1100.000,20,930.000,1,8.100,9,8.000,1,2.300,25,1140.000,20,1260.000,1,0.000,0,0.000,0,0.000,0,0,0,
103235291000,0.000,0,1110.000,20,930.000,1,8.100,9,8.000,1,2.300,25,1150.000,20,1260.000,1,0.000,0,0.000,0,0.000,0,0,0,
103239292000,0.000,0,1100.000,20,930.000,1,8.100,9,8.000,1,2.300,25,1140.000,20,1260.000,1,0.000,0,0.000,0,0.000,0,0,0,
103240291000,0.000,0,1110.000,20,930.000,1,8.100,9,8.000,1,2.300,25,1150.000,20,1260.000,1,0.000,0,0.000,0,0.000,0,0,0,
103241291000,0.000,0,1100.000,20,930.000,1,8.100,9,8.000,1,2.300,25,1140.000,20,1260.000,1,0.000,0,0.000,0,0.000,0,0,0,
103306666000,0.000,0,1100.000,25,930.000,1,8.100,9,8.000,1,2.300,25,1140.000,20,1260.000,1,0.000,0,0.000,0,0.000,0,0,0,
103315292000,0.000,0,1110.000,20,1100.000,5,930.000,1,8.100,9,8.000,1,1150.000,20,1260.000,1,0.000,0,0.000,0,0.000,0,0,0,
103337541000,0.000,0,1110.000,20,1100.000,5,930.000,1,8.100,9,8.000,1,1130.000,20,1140.000,5,1260.000,1,0.000,0,0.000,0,0,0,
103446046000,0.000,0,1100.000,5,930.000,1,8.100,9,8.000,1,2.300,25,1140.000,5,1260.000,1,0.000,0,0.000,0,0.000,0,0,0,
103447169000,0.000,0,1100.000,25,930.000,1,8.100,9,8.000,1,2.300,25,1130.000,20,1140.000,5,1260.000,1,0.000,0,0.000,0,0,0,
103449420000,0.000,0,1100.000,20,930.000,1,8.100,9,8.000,1,2.300,25,1130.000,20,1140.000,5,1260.000,1,0.000,0,0.000,0,0,0,
103450042000,0.000,0,1090.000,20,930.000,1,8.100,9,8.000,1,2.300,25,1130.000,20,1140.000,5,1260.000,1,0.000,0,0.000,0,0,0,
103628041000,0.000,0,1110.000,20,1100.000,5,930.000,1,8.100,9,8.000,1,1130.000,20,1140.000,5,1260.000,1,0.000,0,0.000,0,0,0,
103701919000,0.000,0,1100.000,25,930.000,1,8.100,9,8.000,1,2.300,25,1130.000,20,1140.000,5,1260.000,1,0.000,0,0.000,0,0,0,
103712417000,0.000,0,1110.000,20,1100.000,5,930.000,1,8.100,9,8.000,1,1130.000,20,1140.000,5,1260.000,1,0.000,0,0.000,0,0,0,
103712543000,0.000,0,1100.000,5,930.000,1,8.100,9,8.000,1,2.300,25,1140.000,5,1260.000,1,0.000,0,0.000,0,0.000,0,0,0,
103713541000,0.000,0,1100.000,25,930.000,1,8.100,9,8.000,1,2.300,25,1130.000,20,1140.000,5,1260.000,1,0.000,0,0.000,0,0,0,
103715416000,0.000,0,1100.000,25,930.000,1,8.100,9,8.000,1,2.300,25,1130.000,20,1260.000,1,0.000,0,0.000,0,0.000,0,0,0,
103716041000,0.000,0,1100.000,25,930.000,1,8.100,9,8.000,1,2.300,25,1140.000,20,1260.000,1,0.000,0,0.000,0,0.000,0,0,0,
103716416000,0.000,0,1100.000,25,930.000,1,8.100,9,8.000,1,2.300,25,1130.000,5,1140.000,20,1260.000,1,0.000,0,0.000,0,0,0,
103717043000,0.000,0,1100.000,25,930.000,1,8.100,9,8.000,1,2.300,25,1120.000,20,1130.000,5,1260.000,1,0.000,0,0.000,0,0,0,
103721668000,0.000,0,1110.000,20,1100.000,5,930.000,1,8.100,9,8.000,1,1120.000,20,1130.000,5,1260.000,1,0.000,0,0.000,0,0,0,
103727418000,0.000,0,1110.000,20,1100.000,5,930.000,1,8.100,9,8.000,1,1130.000,25,1260.000,1,0.000,0,0.000,0,0.000,0,0,0,
103728293000,0.000,0,1100.000,25,930.000,1,8.100,9,8.000,1,2.300,25,1130.000,25,1260.000,1,0.000,0,0.000,0,0.000,0,0,0,
103729291000,0.000,0,1100.000,25,930.000,1,8.100,9,8.000,1,2.300,25,1120.000,20,1130.000,5,1260.000,1,0.000,0,0.000,0,0,0,
103730291000,0.000,0,1110.000,20,1100.000,5,930.000,1,8.100,9,8.000,1,1120.000,20,1130.000,5,1260.000,1,0.000,0,0.000,0,0,0,
103731291000,0.000,0,1110.000,20,1100.000,5,930.000,1,8.100,9,8.000,1,1130.000,25,1260.000,1,0.000,0,0.000,0,0.000,0,0,0,
103742046000,0.000,0,1110.000,20,1100.000,5,930.000,1,8.100,9,8.000,1,1150.000,20,1260.000,1,0.000,0,0.000,0,0.000,0,0,0,
103818045000,0.000,0,1120.000,20,1100.000,5,930.000,1,8.100,9,8.000,1,1160.000,20,1260.000,1,0.000,0,0.000,0,0.000,0,0,0,
103829418000,0.000,0,1130.000,20,1100.000,5,930.000,1,8.100,9,8.000,1,1170.000,20,1260.000,1,0.000,0,0.000,0,0.000,0,0,0,
103830418000,0.000,0,1120.000,20,1100.000,5,930.000,1,8.100,9,8.000,1,1160.000,20,1260.000,1,0.000,0,0.000,0,0.000,0,0,0,
103832418000,0.000,0,1130.000,20,1100.000,5,930.000,1,8.100,9,8.000,1,1170.000,20,1260.000,1,0.000,0,0.000,0,0.000,0,0,0,
103834169000,0.000,0,1120.000,20,1100.000,5,930.000,1,8.100,9,8.000,1,1160.000,20,1260.000,1,0.000,0,0.000,0,0.000,0,0,0,
103857418000,0.000,0,1130.000,20,1100.000,5,930.000,1,8.100,9,8.000,1,1170.000,20,1260.000,1,0.000,0,0.000,0,0.000,0,0,0,
103901547000,0.000,0,1140.000,20,1100.000,5,930.000,1,8.100,9,8.000,1,1180.000,20,1260.000,1,0.000,0,0.000,0,0.000,0,0,0,
103902545000,0.000,0,1150.000,20,1100.000,5,930.000,1,8.100,9,8.000,1,1190.000,20,1260.000,1,0.000,0,0.000,0,0.000,0,0,0,
103904668000,0.000,0,1140.000,20,1100.000,5,930.000,1,8.100,9,8.000,1,1180.000,20,1260.000,1,0.000,0,0.000,0,0.000,0,0,0,
103905668000,0.000,0,1150.000,20,1100.000,5,930.000,1,8.100,9,8.000,1,1190.000,20,1260.000,1,0.000,0,0.000,0,0.000,0,0,0,
103909542000,0.000,0,1140.000,20,1100.000,5,930.000,1,8.100,9,8.000,1,1180.000,20,1260.000,1,0.000,0,0.000,0,0.000,0,0,0,
103911417000,0.000,0,1150.000,20,1100.000,5,930.000,1,8.100,9,8.000,1,1190.000,20,1260.000,1,0.000,0,0.000,0,0.000,0,0,0,
103923166000,0.000,0,1150.000,20,930.000,1,8.100,9,8.000,1,2.300,25,1190.000,20,1260.000,1,0.000,0,0.000,0,0.000,0,0,0,
103923792000,0.000,0,1140.000,20,930.000,1,8.100,9,8.000,1,2.300,25,1180.000,20,1260.000,1,0.000,0,0.000,0,0.000,0,0,0,
103930418000,0.000,0,1150.000,20,930.000,1,8.100,9,8.000,1,2.300,25,1190.000,20,1260.000,1,0.000,0,0.000,0,0.000,0,0,0,
103932541000,0.000,0,1140.000,20,930.000,1,8.100,9,8.000,1,2.300,25,1180.000,20,1260.000,1,0.000,0,0.000,0,0.000,0,0,0,
103959294000,0.000,0,1150.000,20,930.000,1,8.100,9,8.000,1,2.300,25,1190.000,20,1260.000,1,0.000,0,0.000,0,0.000,0,0,0,
104003294000,0.000,0,1140.000,20,930.000,1,8.100,9,8.000,1,2.300,25,1180.000,20,1260.000,1,0.000,0,0.000,0,0.000,0,0,0,
104018294000,0.000,0,1150.000,20,930.000,1,8.100,9,8.000,1,2.300,25,1190.000,20,1260.000,1,0.000,0,0.000,0,0.000,0,0,0,
104026668000,0.000,0,1140.000,20,930.000,1,8.100,9,8.000,1,2.300,25,1180.000,20,1260.000,1,0.000,0,0.000,0,0.000,0,0,0,
104027667000,0.000,0,1150.000,20,930.000,1,8.100,9,8.000,1,2.300,25,1190.000,20,1260.000,1,0.000,0,0.000,0,0.000,0,0,0,
104046543000,0.000,0,1140.000,20,930.000,1,8.100,9,8.000,1,2.300,25,1180.000,20,1260.000,1,0.000,0,0.000,0,0.000,0,0,0,
104102045000,0.000,0,1150.000,20,930.000,1,8.100,9,8.000,1,2.300,25,1190.000,20,1260.000,1,0.000,0,0.000,0,0.000,0,0,0,
104105666000,0.000,0,1140.000,20,930.000,1,8.100,9,8.000,1,2.300,25,1180.000,20,1260.000,1,0.000,0,0.000,0,0.000,0,0,0,
104113166000,0.000,0,1140.000,25,930.000,1,8.100,9,8.000,1,2.300,25,1180.000,20,1260.000,1,0.000,0,0.000,0,0.000,0,0,0,
104124543000,0.000,0,1150.000,20,1140.000,5,930.000,1,8.100,9,8.000,1,1190.000,20,1260.000,1,0.000,0,0.000,0,0.000,0,0,0,
104144041000,0.000,0,1150.000,20,1140.000,5,930.000,1,8.100,9,8.000,1,1180.000,5,1190.000,20,1260.000,1,0.000,0,0.000,0,0,0,
104144166000,0.000,0,1150.000,20,1140.000,5,930.000,1,8.100,9,8.000,1,1170.000,20,1180.000,5,1260.000,1,0.000,0,0.000,0,0,0,
104202422000,0.000,0,1140.000,5,930.000,1,8.100,9,8.000,1,2.300,25,1180.000,5,1260.000,1,0.000,0,0.000,0,0.000,0,0,0,
104202670000,0.000,0,1140.000,5,930.000,1,8.100,9,8.000,1,2.300,25,1260.000,1,0.000,0,0.000,0,0.000,0,0.000,0,0,0,
104205420000,0.000,0,1140.000,5,1010.000,1,8.100,9,8.000,1,2.300,25,1340.000,1,0.000,0,0.000,0,0.000,0,0.000,0,0,0,
104205543000,0.000,0,1180.000,20,1140.000,5,1010.000,1,8.100,9,8.000,1,1220.000,20,1340.000,1,0.000,0,0.000,0,0.000,0,0,0,
104211920000,0.000,0,1190.000,20,1140.000,5,1010.000,1,8.100,9,8.000,1,1230.000,20,1340.000,1,0.000,0,0.000,0,0.000,0,0,0,
104212923000,0.000,0,1210.000,20,1140.000,5,1010.000,1,8.100,9,8.000,1,1250.000,20,1340.000,1,0.000,0,0.000,0,0.000,0,0,0,
104213296000,0.000,0,1140.000,5,1010.000,1,8.100,9,8.000,1,2.300,25,1340.000,1,0.000,0,0.000,0,0.000,0,0.000,0,0,0,
104214918000,0.000,0,1230.000,20,1140.000,5,1010.000,1,8.100,9,8.000,1,1270.000,20,1340.000,1,0.000,0,0.000,0,0.000,0,0,0,
104216543000,0.000,0,1140.000,5,1010.000,1,8.100,9,8.000,1,2.300,25,1340.000,1,0.000,0,0.000,0,0.000,0,0.000,0,0,0,
104217169000,0.000,0,1140.000,5,1080.000,1,8.100,9,8.000,1,2.300,25,1410.000,1,0.000,0,0.000,0,0.000,0,0.000,0,0,0,
104217543000,0.000,0,1220.000,20,1140.000,5,1080.000,1,8.100,9,8.000,1,1260.000,20,1410.000,1,0.000,0,0.000,0,0.000,0,0,0,
104218543000,0.000,0,1230.000,20,1140.000,5,1080.000,1,8.100,9,8.000,1,1270.000,20,1410.000,1,0.000,0,0.000,0,0.000,0,0,0,
104219668000,0.000,0,1240.000,20,1140.000,5,1080.000,1,8.100,9,8.000,1,1280.000,20,1410.000,1,0.000,0,0.000,0,0.000,0,0,0,
104221542000,0.000,0,1230.000,20,1140.000,5,1080.000,1,8.100,9,8.000,1,1270.000,20,1410.000,1,0.000,0,0.000,0,0.000,0,0,0,
104224922000,0.000,0,1140.000,5,1080.000,1,8.100,9,8.000,1,2.300,25,1410.000,1,0.000,0,0.000,0,0.000,0,0.000,0,0,0,
104225918000,0.000,0,1220.000,20,1140.000,5,1080.000,1,8.100,9,8.000,1,1260.000,20,1410.000,1,0.000,0,0.000,0,0.000,0,0,0,
104229543000,0.000,0,1210.000,20,1140.000,5,1080.000,1,8.100,9,8.000,1,1250.000,20,1410.000,1,0.000,0,0.000,0,0.000,0,0,0,
104233542000,0.000,0,1220.000,20,1140.000,5,1080.000,1,8.100,9,8.000,1,1260.000,20,1410.000,1,0.000,0,0.000,0,0.000,0,0,0,
104234542000,0.000,0,1210.000,20,1140.000,5,1080.000,1,8.100,9,8.000,1,1250.000,20,1410.000,1,0.000,0,0.000,0,0.000,0,0,0,
104236042000,0.000,0,1220.000,20,1140.000,5,1080.000,1,8.100,9,8.000,1,1260.000,20,1410.000,1,0.000,0,0.000,0,0.000,0,0,0,
104238544000,0.000,0,1210.000,20,1140.000,5,1080.000,1,8.100,9,8.000,1,1250.000,20,1410.000,1,0.000,0,0.000,0,0.000,0,0,0,
104242542000,0.000,0,1220.000,20,1140.000,5,1080.000,1,8.100,9,8.000,1,1260.000,20,1410.000,1,0.000,0,0.000,0,0.000,0,0,0,
104243542000,0.000,0,1210.000,20,1140.000,5,1080.000,1,8.100,9,8.000,1,1250.000,20,1410.000,1,0.000,0,0.000,0,0.000,0,0,0,
104257048000,0.000,0,1220.000,20,1140.000,5,1080.000,1,8.100,9,8.000,1,1260.000,20,1410.000,1,0.000,0,0.000,0,0.000,0,0,0,
104300667000,0.000,0,1230.000,20,1140.000,5,1080.000,1,8.100,9,8.000,1,1270.000,20,1410.000,1,0.000,0,0.000,0,0.000,0,0,0,
104302417000,0.000,0,1240.000,20,1140.000,5,1080.000,1,8.100,9,8.000,1,1280.000,20,1410.000,1,0.000,0,0.000,0,0.000,0,0,0,
104303668000,0.000,0,1230.000,20,1140.000,5,1080.000,1,8.100,9,8.000,1,1270.000,20,1410.000,1,0.000,0,0.000,0,0.000,0,0,0,
104307417000,0.000,0,1240.000,20,1140.000,5,1080.000,1,8.100,9,8.000,1,1280.000,20,1410.000,1,0.000,0,0.000,0,0.000,0,0,0,
104307917000,0.000,0,1140.000,5,1080.000,1,8.100,9,8.000,1,2.300,25,1410.000,1,0.000,0,0.000,0,0.000,0,0.000,0,0,0,
104310042000,0.000,0,1230.000,20,1140.000,5,1080.000,1,8.100,9,8.000,1,1270.000,20,1410.000,1,0.000,0,0.000,0,0.000,0,0,0,
104312542000,0.000,0,1220.000,20,1140.000,5,1080.000,1,8.100,9,8.000,1,1260.000,20,1410.000,1,0.000,0,0.000,0,0.000,0,0,0,
104316542000,0.000,0,1230.000,20,1140.000,5,1080.000,1,8.100,9,8.000,1,1270.000,20,1410.000,1,0.000,0,0.000,0,0.000,0,0,0,
104320420000,0.000,0,1140.000,5,1080.000,1,8.100,9,8.000,1,2.300,25,1410.000,1,0.000,0,0.000,0,0.000,0,0.000,0,0,0,
104321416000,0.000,0,1220.000,20,1140.000,5,1080.000,1,8.100,9,8.000,1,1260.000,20,1410.000,1,0.000,0,0.000,0,0.000,0,0,0,
104326668000,0.000,0,1210.000,20,1140.000,5,1080.000,1,8.100,9,8.000,1,1250.000,20,1410.000,1,0.000,0,0.000,0,0.000,0,0,0,
104327668000,0.000,0,1220.000,20,1140.000,5,1080.000,1,8.100,9,8.000,1,1260.000,20,1410.000,1,0.000,0,0.000,0,0.000,0,0,0,
104329668000,0.000,0,1210.000,20,1140.000,5,1080.000,1,8.100,9,8.000,1,1250.000,20,1410.000,1,0.000,0,0.000,0,0.000,0,0,0,
104330669000,0.000,0,1220.000,20,1140.000,5,1080.000,1,8.100,9,8.000,1,1260.000,20,1410.000,1,0.000,0,0.000,0,0.000,0,0,0,
104331669000,0.000,0,1210.000,20,1140.000,5,1080.000,1,8.100,9,8.000,1,1250.000,20,1410.000,1,0.000,0,0.000,0,0.000,0,0,0,
104337418000,0.000,0,1220.000,20,1140.000,5,1080.000,1,8.100,9,8.000,1,1260.000,20,1410.000,1,0.000,0,0.000,0,0.000,0,0,0,
104338418000,0.000,0,1210.000,20,1140.000,5,1080.000,1,8.100,9,8.000,1,1250.000,20,1410.000,1,0.000,0,0.000,0,0.000,0,0,0,
104401673000,0.000,0,1220.000,20,1140.000,5,1080.000,1,8.100,9,8.000,1,1260.000,20,1410.000,1,0.000,0,0.000,0,0.000,0,0,0,
104404918000,0.000,0,1230.000,20,1140.000,5,1080.000,1,8.100,9,8.000,1,1270.000,20,1410.000,1,0.000,0,0.000,0,0.000,0,0,0,
104406667000,0.000,0,1220.000,20,1140.000,5,1080.000,1,8.100,9,8.000,1,1260.000,20,1410.000,1,0.000,0,0.000,0,0.000,0,0,0,
104423418000,0.000,0,1220.000,20,1080.000,1,8.100,9,8.000,1,2.300,25,1250.000,5,1260.000,20,1410.000,1,0.000,0,0.000,0,0,0,
104423667000,0.000,0,1200.000,20,1080.000,1,8.100,9,8.000,1,2.300,25,1240.000,20,1250.000,5,1410.000,1,0.000,0,0.000,0,0,0,
104454168000,0.000,0,1210.000,5,1200.000,20,1080.000,1,8.100,9,8.000,1,1240.000,20,1250.000,5,1410.000,1,0.000,0,0.000,0,0,0,
104454291000,0.000,0,1220.000,20,1210.000,5,1080.000,1,8.100,9,8.000,1,1240.000,20,1250.000,5,1410.000,1,0.000,0,0.000,0,0,0,
104457417000,0.000,0,1220.000,20,1210.000,5,1080.000,1,8.100,9,8.000,1,1250.000,25,1410.000,1,0.000,0,0.000,0,0.000,0,0,0,
104458417000,0.000,0,1220.000,20,1210.000,5,1080.000,1,8.100,9,8.000,1,1240.000,20,1250.000,5,1410.000,1,0.000,0,0.000,0,0,0,
104459418000,0.000,0,1220.000,20,1210.000,5,1080.000,1,8.100,9,8.000,1,1250.000,25,1410.000,1,0.000,0,0.000,0,0.000,0,0,0,
104500422000,0.000,0,1220.000,20,1210.000,5,1080.000,1,8.100,9,8.000,1,1250.000,20,1410.000,1,0.000,0,0.000,0,0.000,0,0,0,
104500793000,0.000,0,1230.000,20,1210.000,5,1080.000,1,8.100,9,8.000,1,1270.000,20,1410.000,1,0.000,0,0.000,0,0.000,0,0,0,
104504295000,0.000,0,1240.000,20,1210.000,5,1080.000,1,8.100,9,8.000,1,1280.000,20,1410.000,1,0.000,0,0.000,0,0.000,0,0,0,
104505418000,0.000,0,1230.000,20,1210.000,5,1080.000,1,8.100,9,8.000,1,1270.000,20,1410.000,1,0.000,0,0.000,0,0.000,0,0,0,
104506796000,0.000,0,1240.000,20,1210.000,5,1080.000,1,8.100,9,8.000,1,1280.000,20,1410.000,1,0.000,0,0.000,0,0.000,0,0,0,
104507922000,0.000,0,1250.000,20,1210.000,5,1080.000,1,8.100,9,8.000,1,1290.000,20,1410.000,1,0.000,0,0.000,0,0.000,0,0,0,
104508669000,0.000,0,1210.000,5,1080.000,1,8.100,9,8.000,1,2.300,25,1410.000,1,0.000,0,0.000,0,0.000,0,0.000,0,0,0,
104509793000,0.000,0,1260.000,20,1210.000,5,1080.000,1,8.100,9,8.000,1,1300.000,20,1410.000,1,0.000,0,0.000,0,0.000,0,0,0,
104510793000,0.000,0,1250.000,20,1210.000,5,1080.000,1,8.100,9,8.000,1,1290.000,20,1410.000,1,0.000,0,0.000,0,0.000,0,0,0,
104511544000,0.000,0,1250.000,20,1210.000,5,8.100,9,8.000,1,2.300,25,1290.000,20,0.000,0,0.000,0,0.000,0,0.000,0,0,0,
104511920000,0.000,0,1260.000,20,1210.000,5,8.100,9,8.000,1,2.300,25,1300.000,20,0.000,0,0.000,0,0.000,0,0.000,0,0,0,
104514668000,0.000,0,1250.000,20,1210.000,5,8.100,9,8.000,1,2.300,25,1290.000,20,0.000,0,0.000,0,0.000,0,0.000,0,0,0,
104517794000,0.000,0,1240.000,20,1210.000,5,8.100,9,8.000,1,2.300,25,1280.000,20,0.000,0,0.000,0,0.000,0,0.000,0,0,0,
104522667000,0.000,0,1250.000,20,1210.000,5,8.100,9,8.000,1,2.300,25,1290.000,20,0.000,0,0.000,0,0.000,0,0.000,0,0,0,
104523542000,0.000,0,1250.000,20,8.100,9,8.000,1,2.300,25,2.200,10,1290.000,20,0.000,0,0.000,0,0.000,0,0.000,0,0,0,
104523668000,0.000,0,1240.000,20,8.100,9,8.000,1,2.300,25,2.200,10,1280.000,20,0.000,0,0.000,0,0.000,0,0.000,0,0,0,
104525793000,0.000,0,1250.000,20,8.100,9,8.000,1,2.300,25,2.200,10,1290.000,20,0.000,0,0.000,0,0.000,0,0.000,0,0,0,
104526919000,0.000,0,1240.000,20,8.100,9,8.000,1,2.300,25,2.200,10,1280.000,20,0.000,0,0.000,0,0.000,0,0.000,0,0,0,
104532792000,0.000,0,1250.000,20,8.100,9,8.000,1,2.300,25,2.200,10,1290.000,20,0.000,0,0.000,0,0.000,0,0.000,0,0,0,
104534791000,0.000,0,1240.000,20,8.100,9,8.000,1,2.300,25,2.200,10,1280.000,20,0.000,0,0.000,0,0.000,0,0.000,0,0,0,
104537049000,0.000,0,1250.000,20,8.100,9,8.000,1,2.300,25,2.200,10,1290.000,20,0.000,0,0.000,0,0.000,0,0.000,0,0,0,
104538168000,0.000,0,1240.000,20,8.100,9,8.000,1,2.300,25,2.200,10,1280.000,20,0.000,0,0.000,0,0.000,0,0.000,0,0,0,
104545417000,0.000,0,1230.000,20,8.100,9,8.000,1,2.300,25,2.200,10,1270.000,20,0.000,0,0.000,0,0.000,0,0.000,0,0,0,
104548917000,0.000,0,1240.000,20,8.100,9,8.000,1,2.300,25,2.200,10,1280.000,20,0.000,0,0.000,0,0.000,0,0.000,0,0,0,
104601793000,0.000,0,1230.000,20,8.100,9,8.000,1,2.300,25,2.200,10,1270.000,20,0.000,0,0.000,0,0.000,0,0.000,0,0,0,
104607667000,0.000,0,1240.000,20,8.100,9,8.000,1,2.300,25,2.200,10,1280.000,20,0.000,0,0.000,0,0.000,0,0.000,0,0,0,
104611792000,0.000,0,1230.000,20,8.100,9,8.000,1,2.300,25,2.200,10,1270.000,20,0.000,0,0.000,0,0.000,0,0.000,0,0,0,
104621294000,0.000,0,1230.000,20,1080.000,1,8.100,9,8.000,1,2.300,25,1270.000,20,1410.000,1,0.000,0,0.000,0,0.000,0,0,0,
104626792000,0.000,0,1240.000,20,1080.000,1,8.100,9,8.000,1,2.300,25,1280.000,20,1410.000,1,0.000,0,0.000,0,0.000,0,0,0,
104629793000,0.000,0,1230.000,20,1080.000,1,8.100,9,8.000,1,2.300,25,1270.000,20,1410.000,1,0.000,0,0.000,0,0.000,0,0,0,
104632918000,0.000,0,1240.000,20,1080.000,1,8.100,9,8.000,1,2.300,25,1280.000,20,1410.000,1,0.000,0,0.000,0,0.000,0,0,0,
104633917000,0.000,0,1230.000,20,1080.000,1,8.100,9,8.000,1,2.300,25,1270.000,20,1410.000,1,0.000,0,0.000,0,0.000,0,0,0,
104634919000,0.000,0,1240.000,20,1080.000,1,8.100,9,8.000,1,2.300,25,1280.000,20,1410.000,1,0.000,0,0.000,0,0.000,0,0,0,
104642673000,0.000,0,1250.000,20,1080.000,1,8.100,9,8.000,1,2.300,25,1290.000,20,1410.000,1,0.000,0,0.000,0,0.000,0,0,0,
104643668000,0.000,0,1240.000,20,1080.000,1,8.100,9,8.000,1,2.300,25,1280.000,20,1410.000,1,0.000,0,0.000,0,0.000,0,0,0,
104645668000,0.000,0,1250.000,20,1080.000,1,8.100,9,8.000,1,2.300,25,1290.000,20,1410.000,1,0.000,0,0.000,0,0.000,0,0,0,
104646667000,0.000,0,1240.000,20,1080.000,1,8.100,9,8.000,1,2.300,25,1280.000,20,1410.000,1,0.000,0,0.000,0,0.000,0,0,0,
104652917000,0.000,0,1230.000,20,1080.000,1,8.100,9,8.000,1,2.300,25,1270.000,20,1410.000,1,0.000,0,0.000,0,0.000,0,0,0,
104701042000,0.000,0,1240.000,20,1080.000,1,8.100,9,8.000,1,2.300,25,1280.000,20,1410.000,1,0.000,0,0.000,0,0.000,0,0,0,
104707793000,0.000,0,1230.000,20,1080.000,1,8.100,9,8.000,1,2.300,25,1270.000,20,1410.000,1,0.000,0,0.000,0,0.000,0,0,0,
104728792000,0.000,0,1220.000,20,1080.000,1,8.100,9,8.000,1,2.300,25,1260.000,20,1410.000,1,0.000,0,0.000,0,0.000,0,0,0,
104730793000,0.000,0,1230.000,20,1080.000,1,8.100,9,8.000,1,2.300,25,1270.000,20,1410.000,1,0.000,0,0.000,0,0.000,0,0,0,
104740793000,0.000,0,1220.000,20,1080.000,1,8.100,9,8.000,1,2.300,25,1260.000,20,1410.000,1,0.000,0,0.000,0,0.000,0,0,0,
104749667000,0.000,0,1230.000,20,1080.000,1,8.100,9,8.000,1,2.300,25,1270.000,20,1410.000,1,0.000,0,0.000,0,0.000,0,0,0,
104751917000,0.000,0,1220.000,20,1080.000,1,8.100,9,8.000,1,2.300,25,1260.000,20,1410.000,1,0.000,0,0.000,0,0.000,0,0,0,
104758792000,0.000,0,1230.000,20,1080.000,1,8.100,9,8.000,1,2.300,25,1270.000,20,1410.000,1,0.000,0,0.000,0,0.000,0,0,0,
104803918000,0.000,0,1240.000,20,1080.000,1,8.100,9,8.000,1,2.300,25,1280.000,20,1410.000,1,0.000,0,0.000,0,0.000,0,0,0,
104806668000,0.000,0,1230.000,20,1080.000,1,8.100,9,8.000,1,2.300,25,1270.000,20,1410.000,1,0.000,0,0.000,0,0.000,0,0,0,
104827291000,0.000,0,1230.000,25,1080.000,1,8.100,9,8.000,1,2.300,25,1270.000,20,1410.000,1,0.000,0,0.000,0,0.000,0,0,0,
104842167000,0.000,0,1230.000,20,1080.000,1,8.100,9,8.000,1,2.300,25,1270.000,20,1410.000,1,0.000,0,0.000,0,0.000,0,0,0,
104842417000,0.000,0,1220.000,20,1080.000,1,8.100,9,8.000,1,2.300,25,1260.000,20,1410.000,1,0.000,0,0.000,0,0.000,0,0,0,
104908419000,0.000,0,1210.000,20,1080.000,1,8.100,9,8.000,1,2.300,25,1250.000,20,1410.000,1,0.000,0,0.000,0,0.000,0,0,0,
105019795000,0.000,0,1220.000,20,1080.000,1,8.100,9,8.000,1,2.300,25,1260.000,20,1410.000,1,0.000,0,0.000,0,0.000,0,0,0,
105037166000,0.000,0,1220.000,20,1210.000,5,1080.000,1,8.100,9,8.000,1,1250.000,5,1260.000,20,1410.000,1,0.000,0,0.000,0,0,0,
105037416000,0.000,0,1220.000,20,1210.000,5,1080.000,1,8.100,9,8.000,1,1240.000,20,1250.000,5,1410.000,1,0.000,0,0.000,0,0,0,
105101796000,0.000,0,1210.000,5,1080.000,1,8.100,9,8.000,1,2.300,25,1250.000,5,1410.000,1,0.000,0,0.000,0,0.000,0,0,0,
105103668000,0.000,0,1220.000,20,1210.000,5,1080.000,1,8.100,9,8.000,1,1250.000,25,1410.000,1,0.000,0,0.000,0,0.000,0,0,0,
105103795000,0.000,0,1220.000,20,1210.000,5,1080.000,1,8.100,9,8.000,1,1250.000,20,1410.000,1,0.000,0,0.000,0,0.000,0,0,0,
105104793000,0.000,0,1230.000,20,1210.000,5,1080.000,1,8.100,9,8.000,1,1270.000,20,1410.000,1,0.000,0,0.000,0,0.000,0,0,0,
105107049000,0.000,0,1220.000,20,1210.000,5,1080.000,1,8.100,9,8.000,1,1260.000,20,1410.000,1,0.000,0,0.000,0,0.000,0,0,0,
105142166000,0.000,0,1220.000,20,1080.000,1,8.100,9,8.000,1,2.300,25,1260.000,20,1410.000,1,0.000,0,0.000,0,0.000,0,0,0,
105147667000,0.000,0,1220.000,25,1080.000,1,8.100,9,8.000,1,2.300,25,1250.000,5,1260.000,20,1410.000,1,0.000,0,0.000,0,0,0,
105147791000,0.000,0,1220.000,25,1080.000,1,8.100,9,8.000,1,2.300,25,1240.000,20,1250.000,5,1410.000,1,0.000,0,0.000,0,0,0,
105158042000,0.000,0,1220.000,20,1080.000,1,8.100,9,8.000,1,2.300,25,1240.000,20,1250.000,5,1410.000,1,0.000,0,0.000,0,0,0,
105158541000,0.000,0,1200.000,20,1080.000,1,8.100,9,8.000,1,2.300,25,1240.000,20,1250.000,5,1410.000,1,0.000,0,0.000,0,0,0,
105228292000,0.000,0,1210.000,5,1200.000,20,1080.000,1,8.100,9,8.000,1,1240.000,20,1250.000,5,1410.000,1,0.000,0,0.000,0,0,0,
105228542000,0.000,0,1220.000,20,1210.000,5,1080.000,1,8.100,9,8.000,1,1240.000,20,1250.000,5,1410.000,1,0.000,0,0.000,0,0,0,
105402549000,0.000,0,1210.000,5,1080.000,1,8.100,9,8.000,1,2.300,25,1250.000,5,1410.000,1,0.000,0,0.000,0,0.000,0,0,0,
105402920000,0.000,0,1210.000,5,1080.000,1,8.100,9,8.000,1,2.300,25,1410.000,1,0.000,0,0.000,0,0.000,0,0.000,0,0,0,
105403792000,0.000,0,1230.000,20,1210.000,5,1080.000,1,8.100,9,8.000,1,1270.000,20,1410.000,1,0.000,0,0.000,0,0.000,0,0,0,
105409918000,0.000,0,1220.000,20,1210.000,5,1080.000,1,8.100,9,8.000,1,1260.000,20,1410.000,1,0.000,0,0.000,0,0.000,0,0,0,
105433044000,0.000,0,1230.000,20,1210.000,5,1080.000,1,8.100,9,8.000,1,1270.000,20,1410.000,1,0.000,0,0.000,0,0.000,0,0,0,
105437918000,0.000,0,1220.000,20,1210.000,5,1080.000,1,8.100,9,8.000,1,1260.000,20,1410.000,1,0.000,0,0.000,0,0.000,0,0,0,
105500416000,0.000,0,1230.000,20,1210.000,5,1080.000,1,8.100,9,8.000,1,1270.000,20,1410.000,1,0.000,0,0.000,0,0.000,0,0,0,
105502053000,0.000,0,1240.000,20,1210.000,5,1080.000,1,8.100,9,8.000,1,1280.000,20,1410.000,1,0.000,0,0.000,0,0.000,0,0,0,
105504044000,0.000,0,1230.000,20,1210.000,5,1080.000,1,8.100,9,8.000,1,1270.000,20,1410.000,1,0.000,0,0.000,0,0.000,0,0,0,
105507792000,0.000,0,1220.000,20,1210.000,5,1080.000,1,8.100,9,8.000,1,1260.000,20,1410.000,1,0.000,0,0.000,0,0.000,0,0,0,
105615166000,0.000,0,1220.000,20,1210.000,5,1080.000,1,8.100,9,8.000,1,1250.000,5,1260.000,20,1410.000,1,0.000,0,0.000,0,0,0,
105615666000,0.000,0,1220.000,20,1210.000,5,1080.000,1,8.100,9,8.000,1,1240.000,20,1250.000,5,1410.000,1,0.000,0,0.000,0,0,0,
105653667000,0.000,0,1220.000,20,1080.000,1,8.100,9,8.000,1,2.300,25,1240.000,20,1250.000,5,1410.000,1,0.000,0,0.000,0,0,0,
105654045000,0.000,0,1210.000,20,1080.000,1,8.100,9,8.000,1,2.300,25,1250.000,25,1410.000,1,0.000,0,0.000,0,0.000,0,0,0,
105656418000,0.000,0,1200.000,20,1080.000,1,8.100,9,8.000,1,2.300,25,1240.000,20,1250.000,5,1410.000,1,0.000,0,0.000,0,0,0,
105658042000,0.000,0,1210.000,20,1080.000,1,8.100,9,8.000,1,2.300,25,1250.000,25,1410.000,1,0.000,0,0.000,0,0.000,0,0,0,
105659042000,0.000,0,1200.000,20,1080.000,1,8.100,9,8.000,1,2.300,25,1240.000,20,1250.000,5,1410.000,1,0.000,0,0.000,0,0,0,
105701418000,0.000,0,1080.000,1,8.100,9,8.000,1,2.300,25,2.200,10,1250.000,5,1410.000,1,0.000,0,0.000,0,0.000,0,0,0,
105702543000,0.000,0,1210.000,20,1080.000,1,8.100,9,8.000,1,2.300,25,1250.000,25,1410.000,1,0.000,0,0.000,0,0.000,0,0,0,
105712791000,0.000,0,1200.000,20,1080.000,1,8.100,9,8.000,1,2.300,25,1240.000,20,1250.000,5,1410.000,1,0.000,0,0.000,0,0,0,
105713791000,0.000,0,1210.000,20,1080.000,1,8.100,9,8.000,1,2.300,25,1250.000,25,1410.000,1,0.000,0,0.000,0,0.000,0,0,0,
105714541000,0.000,0,1220.000,5,1210.000,20,1080.000,1,8.100,9,8.000,1,1250.000,25,1410.000,1,0.000,0,0.000,0,0.000,0,0,0,
105714791000,0.000,0,1230.000,20,1220.000,5,1080.000,1,8.100,9,8.000,1,1250.000,25,1410.000,1,0.000,0,0.000,0,0.000,0,0,0,
105742044000,0.000,0,1230.000,20,1220.000,5,1080.000,1,8.100,9,8.000,1,1240.000,20,1250.000,5,1410.000,1,0.000,0,0.000,0,0,0,
105749042000,0.000,0,1220.000,25,1080.000,1,8.100,9,8.000,1,2.300,25,1240.000,20,1250.000,5,1410.000,1,0.000,0,0.000,0,0,0,
105756542000,0.000,0,1230.000,20,1220.000,5,1080.000,1,8.100,9,8.000,1,1240.000,20,1250.000,5,1410.000,1,0.000,0,0.000,0,0,0,
105757541000,0.000,0,1230.000,20,1220.000,5,1080.000,1,8.100,9,8.000,1,1250.000,25,1410.000,1,0.000,0,0.000,0,0.000,0,0,0,
105758541000,0.000,0,1230.000,20,1220.000,5,1080.000,1,8.100,9,8.000,1,1240.000,20,1250.000,5,1410.000,1,0.000,0,0.000,0,0,0,
105801168000,0.000,0,1220.000,5,1080.000,1,8.100,9,8.000,1,2.300,25,1250.000,5,1410.000,1,0.000,0,0.000,0,0.000,0,0,0,
105802167000,0.000,0,1230.000,20,1220.000,5,1080.000,1,8.100,9,8.000,1,1250.000,25,1410.000,1,0.000,0,0.000,0,0.000,0,0,0,
105808922000,0.000,0,1230.000,20,1220.000,5,1080.000,1,8.100,9,8.000,1,1270.000,20,1410.000,1,0.000,0,0.000,0,0.000,0,0,0,
105822169000,0.000,0,1240.000,20,1220.000,5,1080.000,1,8.100,9,8.000,1,1280.000,20,1410.000,1,0.000,0,0.000,0,0.000,0,0,0,
105828543000,0.000,0,1230.000,20,1220.000,5,1080.000,1,8.100,9,8.000,1,1270.000,20,1410.000,1,0.000,0,0.000,0,0.000,0,0,0,
105829543000,0.000,0,1240.000,20,1220.000,5,1080.000,1,8.100,9,8.000,1,1280.000,20,1410.000,1,0.000,0,0.000,0,0.000,0,0,0,
105836167000,0.000,0,1230.000,20,1220.000,5,1080.000,1,8.100,9,8.000,1,1270.000,20,1410.000,1,0.000,0,0.000,0,0.000,0,0,0,
105837166000,0.000,0,1240.000,20,1220.000,5,1080.000,1,8.100,9,8.000,1,1280.000,20,1410.000,1,0.000,0,0.000,0,0.000,0,0,0,
105838166000,0.000,0,1230.000,20,1220.000,5,1080.000,1,8.100,9,8.000,1,1270.000,20,1410.000,1,0.000,0,0.000,0,0.000,0,0,0,
105842044000,0.000,0,1240.000,20,1220.000,5,1080.000,1,8.100,9,8.000,1,1280.000,20,1410.000,1,0.000,0,0.000,0,0.000,0,0,0,
105851042000,0.000,0,1230.000,20,1220.000,5,1080.000,1,8.100,9,8.000,1,1270.000,20,1410.000,1,0.000,0,0.000,0,0.000,0,0,0,
105852044000,0.000,0,1240.000,20,1220.000,5,1080.000,1,8.100,9,8.000,1,1280.000,20,1410.000,1,0.000,0,0.000,0,0.000,0,0,0,
105853042000,0.000,0,1230.000,20,1220.000,5,1080.000,1,8.100,9,8.000,1,1270.000,20,1410.000,1,0.000,0,0.000,0,0.000,0,0,0,
105854166000,0.000,0,1240.000,20,1220.000,5,1080.000,1,8.100,9,8.000,1,1280.000,20,1410.000,1,0.000,0,0.000,0,0.000,0,0,0,
105935416000,0.000,0,1240.000,20,1080.000,1,8.100,9,8.000,1,2.300,25,1270.000,5,1280.000,20,1410.000,1,0.000,0,0.000,0,0,0,
105935667000,0.000,0,1230.000,20,1080.000,1,8.100,9,8.000,1,2.300,25,1270.000,25,1410.000,1,0.000,0,0.000,0,0.000,0,0,0,
110000043000,0.000,0,1220.000,20,1080.000,1,8.100,9,8.000,1,2.300,25,1260.000,20,1270.000,5,1410.000,1,0.000,0,0.000,0,0,0,
110000418000,0.000,0,1230.000,20,1080.000,1,8.100,9,8.000,1,2.300,25,1270.000,25,1410.000,1,0.000,0,0.000,0,0.000,0,0,0,
110001921000,0.000,0,1220.000,20,1080.000,1,8.100,9,8.000,1,2.300,25,1260.000,20,1270.000,5,1410.000,1,0.000,0,0.000,0,0,0,
110017167000,0.000,0,1230.000,20,1080.000,1,8.100,9,8.000,1,2.300,25,1270.000,25,1410.000,1,0.000,0,0.000,0,0.000,0,0,0,
110018168000,0.000,0,1220.000,20,1080.000,1,8.100,9,8.000,1,2.300,25,1260.000,20,1270.000,5,1410.000,1,0.000,0,0.000,0,0,0,
110019041000,0.000,0,1080.000,1,8.100,9,8.000,1,2.300,25,2.200,10,1270.000,5,1410.000,1,0.000,0,0.000,0,0.000,0,0,0,
110020042000,0.000,0,1220.000,20,1080.000,1,8.100,9,8.000,1,2.300,25,1260.000,20,1270.000,5,1410.000,1,0.000,0,0.000,0,0,0,
110020542000,0.000,0,1230.000,5,1220.000,20,1080.000,1,8.100,9,8.000,1,1260.000,20,1270.000,5,1410.000,1,0.000,0,0.000,0,0,0,
110021041000,0.000,0,1240.000,20,1230.000,5,1080.000,1,8.100,9,8.000,1,1270.000,25,1410.000,1,0.000,0,0.000,0,0.000,0,0,0,
110024421000,0.000,0,1250.000,20,1230.000,5,1080.000,1,8.100,9,8.000,1,1290.000,20,1410.000,1,0.000,0,0.000,0,0.000,0,0,0,
110027167000,0.000,0,1240.000,20,1230.000,5,1080.000,1,8.100,9,8.000,1,1280.000,20,1410.000,1,0.000,0,0.000,0,0.000,0,0,0,
110050043000,0.000,0,1230.000,25,1080.000,1,8.100,9,8.000,1,2.300,25,1270.000,20,1410.000,1,0.000,0,0.000,0,0.000,0,0,0,
110053668000,0.000,0,1230.000,20,1080.000,1,8.100,9,8.000,1,2.300,25,1270.000,20,1410.000,1,0.000,0,0.000,0,0.000,0,0,0,
110053793000,0.000,0,1220.000,20,1080.000,1,8.100,9,8.000,1,2.300,25,1260.000,20,1410.000,1,0.000,0,0.000,0,0.000,0,0,0,
110100168000,0.000,0,1230.000,20,1080.000,1,8.100,9,8.000,1,2.300,25,1270.000,20,1410.000,1,0.000,0,0.000,0,0.000,0,0,0,
110105167000,0.000,0,1220.000,20,1080.000,1,8.100,9,8.000,1,2.300,25,1260.000,20,1410.000,1,0.000,0,0.000,0,0.000,0,0,0,
110106167000,0.000,0,1230.000,20,1080.000,1,8.100,9,8.000,1,2.300,25,1270.000,20,1410.000,1,0.000,0,0.000,0,0.000,0,0,0,
110107791000,0.000,0,1220.000,20,1080.000,1,8.100,9,8.000,1,2.300,25,1260.000,20,1410.000,1,0.000,0,0.000,0,0.000,0,0,0,
110108792000,0.000,0,1230.000,20,1080.000,1,8.100,9,8.000,1,2.300,25,1270.000,20,1410.000,1,0.000,0,0.000,0,0.000,0,0,0,
110119167000,0.000,0,1220.000,20,1080.000,1,8.100,9,8.000,1,2.300,25,1260.000,20,1410.000,1,0.000,0,0.000,0,0.000,0,0,0,
110126167000,0.000,0,1230.000,20,1080.000,1,8.100,9,8.000,1,2.300,25,1270.000,20,1410.000,1,0.000,0,0.000,0,0.000,0,0,0,
110127792000,0.000,0,1220.000,20,1080.000,1,8.100,9,8.000,1,2.300,25,1260.000,20,1410.000,1,0.000,0,0.000,0,0.000,0,0,0,
110146168000,0.000,0,1210.000,20,1080.000,1,8.100,9,8.000,1,2.300,25,1250.000,20,1410.000,1,0.000,0,0.000,0,0.000,0,0,0,
110149917000,0.000,0,1220.000,20,1080.000,1,8.100,9,8.000,1,2.300,25,1260.000,20,1410.000,1,0.000,0,0.000,0,0.000,0,0,0,
110226167000,0.000,0,1210.000,20,1080.000,1,8.100,9,8.000,1,2.300,25,1250.000,20,1410.000,1,0.000,0,0.000,0,0.000,0,0,0,
110227167000,0.000,0,1220.000,20,1080.000,1,8.100,9,8.000,1,2.300,25,1260.000,20,1410.000,1,0.000,0,0.000,0,0.000,0,0,0,
110234916000,0.000,0,1220.000,25,1080.000,1,8.100,9,8.000,1,2.300,25,1260.000,20,1410.000,1,0.000,0,0.000,0,0.000,0,0,0,
110235543000,0.000,0,1220.000,20,1080.000,1,8.100,9,8.000,1,2.300,25,1260.000,20,1410.000,1,0.000,0,0.000,0,0.000,0,0,0,
110235670000,0.000,0,1210.000,20,1080.000,1,8.100,9,8.000,1,2.300,25,1250.000,20,1410.000,1,0.000,0,0.000,0,0.000,0,0,0,
110243168000,0.000,0,1220.000,20,1080.000,1,8.100,9,8.000,1,2.300,25,1260.000,20,1410.000,1,0.000,0,0.000,0,0.000,0,0,0,
110247792000,0.000,0,1210.000,20,1080.000,1,8.100,9,8.000,1,2.300,25,1250.000,20,1410.000,1,0.000,0,0.000,0,0.000,0,0,0,
110449166000,0.000,0,1210.000,25,1080.000,1,8.100,9,8.000,1,2.300,25,1250.000,20,1410.000,1,0.000,0,0.000,0,0.000,0,0,0,
110520291000,0.000,0,1220.000,20,1210.000,5,1080.000,1,8.100,9,8.000,1,1260.000,20,1410.000,1,0.000,0,0.000,0,0.000,0,0,0,
110527918000,0.000,0,1210.000,5,1080.000,1,8.100,9,8.000,1,2.300,25,1410.000,1,0.000,0,0.000,0,0.000,0,0.000,0,0,0,
110528917000,0.000,0,1210.000,25,1080.000,1,8.100,9,8.000,1,2.300,25,1250.000,20,1410.000,1,0.000,0,0.000,0,0.000,0,0,0,
110537292000,0.000,0,1220.000,20,1210.000,5,1080.000,1,8.100,9,8.000,1,1260.000,20,1410.000,1,0.000,0,0.000,0,0.000,0,0,0,
110541167000,0.000,0,1210.000,25,1080.000,1,8.100,9,8.000,1,2.300,25,1250.000,20,1410.000,1,0.000,0,0.000,0,0.000,0,0,0,
110541541000,0.000,0,1210.000,25,1080.000,1,8.100,9,8.000,1,2.300,25,1240.000,5,1250.000,20,1410.000,1,0.000,0,0.000,0,0,0,
110542167000,0.000,0,1220.000,20,1210.000,5,1080.000,1,8.100,9,8.000,1,1240.000,25,1410.000,1,0.000,0,0.000,0,0.000,0,0,0,
110543166000,0.000,0,1220.000,20,1210.000,5,1080.000,1,8.100,9,8.000,1,1230.000,20,1240.000,5,1410.000,1,0.000,0,0.000,0,0,0,
110544166000,0.000,0,1210.000,25,1080.000,1,8.100,9,8.000,1,2.300,25,1230.000,20,1240.000,5,1410.000,1,0.000,0,0.000,0,0,0,
110551291000,0.000,0,1220.000,20,1210.000,5,1080.000,1,8.100,9,8.000,1,1230.000,20,1240.000,5,1410.000,1,0.000,0,0.000,0,0,0,
110551420000,0.000,0,1210.000,5,1080.000,1,8.100,9,8.000,1,2.300,25,1240.000,5,1410.000,1,0.000,0,0.000,0,0.000,0,0,0,
110552417000,0.000,0,1220.000,20,1210.000,5,1080.000,1,8.100,9,8.000,1,1240.000,25,1410.000,1,0.000,0,0.000,0,0.000,0,0,0,
110556292000,0.000,0,1220.000,20,1210.000,5,1080.000,1,8.100,9,8.000,1,1230.000,20,1240.000,5,1410.000,1,0.000,0,0.000,0,0,0,
110557291000,0.000,0,1210.000,25,1080.000,1,8.100,9,8.000,1,2.300,25,1230.000,20,1240.000,5,1410.000,1,0.000,0,0.000,0,0,0,
110616169000,0.000,0,1210.000,20,1080.000,1,8.100,9,8.000,1,2.300,25,1230.000,20,1240.000,5,1410.000,1,0.000,0,0.000,0,0,0,
110616295000,0.000,0,1190.000,20,1080.000,1,8.100,9,8.000,1,2.300,25,1230.000,20,1240.000,5,1410.000,1,0.000,0,0.000,0,0,0,
110902044000,0.000,0,1190.000,25,1080.000,1,8.100,9,8.000,1,2.300,25,1230.000,20,1240.000,5,1410.000,1,0.000,0,0.000,0,0,0,
110932541000,0.000,0,1190.000,25,1080.000,1,8.100,9,8.000,1,2.300,25,1230.000,20,1410.000,1,0.000,0,0.000,0,0.000,0,0,0,
110933041000,0.000,0,1200.000,20,1190.000,5,1080.000,1,8.100,9,8.000,1,1240.000,20,1410.000,1,0.000,0,0.000,0,0.000,0,0,0,
110934166000,0.000,0,1200.000,20,1190.000,5,1080.000,1,8.100,9,8.000,1,1230.000,5,1240.000,20,1410.000,1,0.000,0,0.000,0,0,0,
110934417000,0.000,0,1200.000,20,1190.000,5,1080.000,1,8.100,9,8.000,1,1220.000,20,1230.000,5,1410.000,1,0.000,0,0.000,0,0,0,
111057792000,0.000,0,1190.000,25,1080.000,1,8.100,9,8.000,1,2.300,25,1220.000,20,1230.000,5,1410.000,1,0.000,0,0.000,0,0,0,
111101541000,0.000,0,1200.000,20,1190.000,5,1080.000,1,8.100,9,8.000,1,1220.000,20,1230.000,5,1410.000,1,0.000,0,0.000,0,0,0,
111102791000,0.000,0,1190.000,25,1080.000,1,8.100,9,8.000,1,2.300,25,1220.000,20,1230.000,5,1410.000,1,0.000,0,0.000,0,0,0,
111103792000,0.000,0,1200.000,20,1190.000,5,1080.000,1,8.100,9,8.000,1,1220.000,20,1230.000,5,1410.000,1,0.000,0,0.000,0,0,0,
111124917000,0.000,0,1200.000,20,1190.000,5,1080.000,1,8.100,9,8.000,1,1220.000,20,1410.000,1,0.000,0,0.000,0,0.000,0,0,0,
111125041000,0.000,0,1200.000,20,1190.000,5,1080.000,1,8.100,9,8.000,1,1240.000,20,1410.000,1,0.000,0,0.000,0,0.000,0,0,0,
111126041000,0.000,0,1200.000,20,1190.000,5,1080.000,1,8.100,9,8.000,1,1230.000,5,1240.000,20,1410.000,1,0.000,0,0.000,0,0,0,
111126416000,0.000,0,1200.000,20,1190.000,5,1080.000,1,8.100,9,8.000,1,1220.000,20,1230.000,5,1410.000,1,0.000,0,0.000,0,0,0,
111243791000,0.000,0,1200.000,20,1080.000,1,8.100,9,8.000,1,2.300,25,1220.000,20,1230.000,5,1410.000,1,0.000,0,0.000,0,0,0,
111243916000,0.000,0,1200.000,25,1080.000,1,8.100,9,8.000,1,2.300,25,1220.000,20,1230.000,5,1410.000,1,0.000,0,0.000,0,0,0,
111248670000,0.000,0,1200.000,25,1080.000,1,8.100,9,8.000,1,2.300,25,1230.000,25,1410.000,1,0.000,0,0.000,0,0.000,0,0,0,
111300669000,0.000,0,1200.000,25,1080.000,1,8.100,9,8.000,1,2.300,25,1220.000,20,1230.000,5,1410.000,1,0.000,0,0.000,0,0,0,
111301792000,0.000,0,1200.000,25,1080.000,1,8.100,9,8.000,1,2.300,25,1230.000,25,1410.000,1,0.000,0,0.000,0,0.000,0,0,0,
111309542000,0.000,0,1200.000,25,1080.000,1,8.100,9,8.000,1,2.300,25,1220.000,20,1230.000,5,1410.000,1,0.000,0,0.000,0,0,0,
111312791000,0.000,0,1200.000,25,1080.000,1,8.100,9,8.000,1,2.300,25,1230.000,25,1410.000,1,0.000,0,0.000,0,0.000,0,0,0,
111329292000,0.000,0,1200.000,25,1080.000,1,8.100,9,8.000,1,2.300,25,1220.000,20,1230.000,5,1410.000,1,0.000,0,0.000,0,0,0,
111331541000,0.000,0,1200.000,25,1080.000,1,8.100,9,8.000,1,2.300,25,1230.000,25,1410.000,1,0.000,0,0.000,0,0.000,0,0,0,
111339792000,0.000,0,1200.000,25,1080.000,1,8.100,9,8.000,1,2.300,25,1220.000,20,1230.000,5,1410.000,1,0.000,0,0.000,0,0,0,
111352793000,0.000,0,1200.000,25,1080.000,1,8.100,9,8.000,1,2.300,25,1230.000,25,1410.000,1,0.000,0,0.000,0,0.000,0,0,0,
111356542000,0.000,0,1200.000,25,1080.000,1,8.100,9,8.000,1,2.300,25,1220.000,20,1230.000,5,1410.000,1,0.000,0,0.000,0,0,0,
111359666000,0.000,0,1200.000,25,1080.000,1,8.100,9,8.000,1,2.300,25,1230.000,25,1410.000,1,0.000,0,0.000,0,0.000,0,0,0,
111428043000,0.000,0,1210.000,20,1200.000,5,1080.000,1,8.100,9,8.000,1,1250.000,20,1410.000,1,0.000,0,0.000,0,0.000,0,0,0,
111511791000,0.000,0,1210.000,20,1200.000,5,1080.000,1,8.100,9,8.000,1,1240.000,5,1250.000,20,1410.000,1,0.000,0,0.000,0,0,0,
111512166000,0.000,0,1210.000,20,1200.000,5,1080.000,1,8.100,9,8.000,1,1230.000,20,1240.000,5,1410.000,1,0.000,0,0.000,0,0,0,
111558668000,0.000,0,1200.000,25,1080.000,1,8.100,9,8.000,1,2.300,25,1230.000,20,1240.000,5,1410.000,1,0.000,0,0.000,0,0,0,
111619795000,0.000,0,1190.000,20,1080.000,1,8.100,9,8.000,1,2.300,25,1230.000,20,1240.000,5,1410.000,1,0.000,0,0.000,0,0,0,
111715542000,0.000,0,1190.000,25,1080.000,1,8.100,9,8.000,1,2.300,25,1230.000,20,1240.000,5,1410.000,1,0.000,0,0.000,0,0,0,
111804541000,0.000,0,1190.000,25,1080.000,1,8.100,9,8.000,1,2.300,25,1230.000,20,1410.000,1,0.000,0,0.000,0,0.000,0,0,0,
111804666000,0.000,0,1190.000,25,1080.000,1,8.100,9,8.000,1,2.300,25,1230.000,25,1410.000,1,0.000,0,0.000,0,0.000,0,0,0,
111959916000,0.000,0,1190.000,20,1080.000,1,8.100,9,8.000,1,2.300,25,1230.000,25,1410.000,1,0.000,0,0.000,0,0.000,0,0,0,
112000166000,0.000,0,1200.000,5,1190.000,20,1080.000,1,8.100,9,8.000,1,1230.000,25,1410.000,1,0.000,0,0.000,0,0.000,0,0,0,
112000291000,0.000,0,1200.000,25,1080.000,1,8.100,9,8.000,1,2.300,25,1230.000,25,1410.000,1,0.000,0,0.000,0,0.000,0,0,0,
112008544000,0.000,0,1200.000,20,1080.000,1,8.100,9,8.000,1,2.300,25,1230.000,25,1410.000,1,0.000,0,0.000,0,0.000,0,0,0,
112008793000,0.000,0,1190.000,20,1080.000,1,8.100,9,8.000,1,2.300,25,1230.000,25,1410.000,1,0.000,0,0.000,0,0.000,0,0,0,
112038541000,0.000,0,1190.000,25,1080.000,1,8.100,9,8.000,1,2.300,25,1230.000,25,1410.000,1,0.000,0,0.000,0,0.000,0,0,0,
112115166000,0.000,0,1190.000,25,1080.000,1,8.100,9,8.000,1,2.300,25,1220.000,5,1230.000,20,1410.000,1,0.000,0,0.000,0,0,0,
112115291000,0.000,0,1190.000,25,1080.000,1,8.100,9,8.000,1,2.300,25,1220.000,25,1410.000,1,0.000,0,0.000,0,0.000,0,0,0,
112135417000,0.000,0,1190.000,25,1080.000,1,8.100,9,8.000,1,2.300,25,1220.000,20,1410.000,1,0.000,0,0.000,0,0.000,0,0,0,
112136291000,0.000,0,1200.000,20,1190.000,5,1080.000,1,8.100,9,8.000,1,1240.000,20,1410.000,1,0.000,0,0.000,0,0.000,0,0,0,
112206166000,0.000,0,1200.000,20,1190.000,5,1080.000,1,8.100,9,8.000,1,1230.000,5,1240.000,20,1410.000,1,0.000,0,0.000,0,0,0,
112206416000,0.000,0,1200.000,20,1190.000,5,1080.000,1,8.100,9,8.000,1,1220.000,20,1230.000,5,1410.000,1,0.000,0,0.000,0,0,0,
112218543000,0.000,0,1190.000,5,1080.000,1,8.100,9,8.000,1,2.300,25,1230.000,5,1410.000,1,0.000,0,0.000,0,0.000,0,0,0,
112219542000,0.000,0,1190.000,25,1080.000,1,8.100,9,8.000,1,2.300,25,1220.000,20,1230.000,5,1410.000,1,0.000,0,0.000,0,0,0,
112220541000,0.000,0,1200.000,20,1190.000,5,1080.000,1,8.100,9,8.000,1,1220.000,20,1230.000,5,1410.000,1,0.000,0,0.000,0,0,0,
112227292000,0.000,0,1190.000,25,1080.000,1,8.100,9,8.000,1,2.300,25,1220.000,20,1230.000,5,1410.000,1,0.000,0,0.000,0,0,0,
112237792000,0.000,0,1200.000,20,1190.000,5,1080.000,1,8.100,9,8.000,1,1220.000,20,1230.000,5,1410.000,1,0.000,0,0.000,0,0,0,
112245292000,0.000,0,1190.000,25,1080.000,1,8.100,9,8.000,1,2.300,25,1220.000,20,1230.000,5,1410.000,1,0.000,0,0.000,0,0,0,
112257166000,0.000,0,1190.000,25,1080.000,1,8.100,9,8.000,1,2.300,25,1220.000,25,1410.000,1,0.000,0,0.000,0,0.000,0,0,0,
112428544000,0.000,0,1190.000,20,1080.000,1,8.100,9,8.000,1,2.300,25,1220.000,25,1410.000,1,0.000,0,0.000,0,0.000,0,0,0,
112428669000,0.000,0,1180.000,20,1080.000,1,8.100,9,8.000,1,2.300,25,1220.000,25,1410.000,1,0.000,0,0.000,0,0.000,0,0,0,
112500041000,0.000,0,1180.000,25,1080.000,1,8.100,9,8.000,1,2.300,25,1220.000,25,1410.000,1,0.000,0,0.000,0,0.000,0,0,0,
112555541000,0.000,0,1180.000,20,1080.000,1,8.100,9,8.000,1,2.300,25,1220.000,25,1410.000,1,0.000,0,0.000,0,0.000,0,0,0,
112556666000,0.000,0,1190.000,5,1180.000,20,1080.000,1,8.100,9,8.000,1,1220.000,25,1410.000,1,0.000,0,0.000,0,0.000,0,0,0,
112556917000,0.000,0,1190.000,25,1080.000,1,8.100,9,8.000,1,2.300,25,1220.000,25,1410.000,1,0.000,0,0.000,0,0.000,0,0,0,
112602791000,0.000,0,1200.000,20,1190.000,5,1080.000,1,8.100,9,8.000,1,1220.000,25,1410.000,1,0.000,0,0.000,0,0.000,0,0,0,
112603416000,0.000,0,1190.000,25,1080.000,1,8.100,9,8.000,1,2.300,25,1220.000,25,1410.000,1,0.000,0,0.000,0,0.000,0,0,0,
112607792000,0.000,0,1200.000,20,1190.000,5,1080.000,1,8.100,9,8.000,1,1220.000,25,1410.000,1,0.000,0,0.000,0,0.000,0,0,0,
112648917000,0.000,0,1190.000,25,1080.000,1,8.100,9,8.000,1,2.300,25,1220.000,25,1410.000,1,0.000,0,0.000,0,0.000,0,0,0,
112650917000,0.000,0,1200.000,20,1190.000,5,1080.000,1,8.100,9,8.000,1,1220.000,25,1410.000,1,0.000,0,0.000,0,0.000,0,0,0,
112659667000,0.000,0,1190.000,25,1080.000,1,8.100,9,8.000,1,2.300,25,1220.000,25,1410.000,1,0.000,0,0.000,0,0.000,0,0,0,
112703916000,0.000,0,1200.000,20,1190.000,5,1080.000,1,8.100,9,8.000,1,1220.000,25,1410.000,1,0.000,0,0.000,0,0.000,0,0,0,
112710917000,0.000,0,1190.000,25,1080.000,1,8.100,9,8.000,1,2.300,25,1220.000,25,1410.000,1,0.000,0,0.000,0,0.000,0,0,0,
112712917000,0.000,0,1200.000,20,1190.000,5,1080.000,1,8.100,9,8.000,1,1220.000,25,1410.000,1,0.000,0,0.000,0,0.000,0,0,0,
112720792000,0.000,0,1190.000,5,1080.000,1,8.100,9,8.000,1,2.300,25,1220.000,5,1410.000,1,0.000,0,0.000,0,0.000,0,0,0,
112721791000,0.000,0,1190.000,25,1080.000,1,8.100,9,8.000,1,2.300,25,1210.000,20,1220.000,5,1410.000,1,0.000,0,0.000,0,0,0,
112727544000,0.000,0,1190.000,5,1080.000,1,8.100,9,8.000,1,2.300,25,1220.000,5,1410.000,1,0.000,0,0.000,0,0.000,0,0,0,
112728542000,0.000,0,1200.000,20,1190.000,5,1080.000,1,8.100,9,8.000,1,1220.000,25,1410.000,1,0.000,0,0.000,0,0.000,0,0,0,
112839668000,0.000,0,1190.000,25,1080.000,1,8.100,9,8.000,1,2.300,25,1210.000,20,1220.000,5,1410.000,1,0.000,0,0.000,0,0,0,
112850042000,0.000,0,1200.000,20,1190.000,5,1080.000,1,8.100,9,8.000,1,1220.000,25,1410.000,1,0.000,0,0.000,0,0.000,0,0,0,
112851041000,0.000,0,1190.000,25,1080.000,1,8.100,9,8.000,1,2.300,25,1210.000,20,1220.000,5,1410.000,1,0.000,0,0.000,0,0,0,
112857792000,0.000,0,1200.000,20,1190.000,5,1080.000,1,8.100,9,8.000,1,1210.000,20,1220.000,5,1410.000,1,0.000,0,0.000,0,0,0,
112900917000,0.000,0,1200.000,20,1190.000,5,1080.000,1,8.100,9,8.000,1,1220.000,25,1410.000,1,0.000,0,0.000,0,0.000,0,0,0,
112919795000,0.000,0,1200.000,20,1190.000,5,1080.000,1,8.100,9,8.000,1,1220.000,20,1410.000,1,0.000,0,0.000,0,0.000,0,0,0,
112920046000,0.000,0,1200.000,20,1190.000,5,1080.000,1,8.100,9,8.000,1,1240.000,20,1410.000,1,0.000,0,0.000,0,0.000,0,0,0,
113013544000,0.000,0,1200.000,20,1080.000,1,8.100,9,8.000,1,2.300,25,1240.000,20,1410.000,1,0.000,0,0.000,0,0.000,0,0,0,
113032291000,0.000,0,1200.000,25,1080.000,1,8.100,9,8.000,1,2.300,25,1230.000,5,1240.000,20,1410.000,1,0.000,0,0.000,0,0,0,
113032541000,0.000,0,1200.000,25,1080.000,1,8.100,9,8.000,1,2.300,25,1230.000,25,1410.000,1,0.000,0,0.000,0,0.000,0,0,0,
113047045000,0.000,0,1200.000,25,1080.000,1,8.100,9,8.000,1,2.300,25,1220.000,20,1230.000,5,1410.000,1,0.000,0,0.000,0,0,0,
113057045000,0.000,0,1200.000,25,1080.000,1,8.100,9,8.000,1,2.300,25,1230.000,25,1410.000,1,0.000,0,0.000,0,0.000,0,0,0,
113103418000,0.000,0,1210.000,20,1200.000,5,1080.000,1,8.100,9,8.000,1,1250.000,20,1410.000,1,0.000,0,0.000,0,0.000,0,0,0,
113138291000,0.000,0,1210.000,20,1200.000,5,1080.000,1,8.100,9,8.000,1,1240.000,5,1250.000,20,1410.000,1,0.000,0,0.000,0,0,0,
113138666000,0.000,0,1210.000,20,1200.000,5,1080.000,1,8.100,9,8.000,1,1230.000,20,1240.000,5,1410.000,1,0.000,0,0.000,0,0,0,
113206918000,0.000,0,1210.000,20,1200.000,5,1080.000,1,8.100,9,8.000,1,1240.000,25,1410.000,1,0.000,0,0.000,0,0.000,0,0,0,
113208792000,0.000,0,1210.000,20,1200.000,5,1080.000,1,8.100,9,8.000,1,1230.000,20,1240.000,5,1410.000,1,0.000,0,0.000,0,0,0,
113224041000,0.000,0,1210.000,20,1200.000,5,1080.000,1,8.100,9,8.000,1,1240.000,25,1410.000,1,0.000,0,0.000,0,0.000,0,0,0,
113226044000,0.000,0,1210.000,20,1200.000,5,1080.000,1,8.100,9,8.000,1,1230.000,20,1240.000,5,1410.000,1,0.000,0,0.000,0,0,0,
113232668000,0.000,0,1200.000,5,1080.000,1,8.100,9,8.000,1,2.300,25,1240.000,5,1410.000,1,0.000,0,0.000,0,0.000,0,0,0,
113233666000,0.000,0,1210.000,20,1200.000,5,1080.000,1,8.100,9,8.000,1,1240.000,25,1410.000,1,0.000,0,0.000,0,0.000,0,0,0,
113237043000,0.000,0,1210.000,20,1200.000,5,1080.000,1,8.100,9,8.000,1,1230.000,20,1240.000,5,1410.000,1,0.000,0,0.000,0,0,0,
113242792000,0.000,0,1210.000,20,1200.000,5,1080.000,1,8.100,9,8.000,1,1240.000,25,1410.000,1,0.000,0,0.000,0,0.000,0,0,0,
113245542000,0.000,0,1210.000,20,1080.000,1,8.100,9,8.000,1,2.300,25,1240.000,25,1410.000,1,0.000,0,0.000,0,0.000,0,0,0,
113245666000,0.000,0,1200.000,20,1080.000,1,8.100,9,8.000,1,2.300,25,1240.000,25,1410.000,1,0.000,0,0.000,0,0.000,0,0,0,
113246541000,0.000,0,1210.000,5,1200.000,20,1080.000,1,8.100,9,8.000,1,1240.000,25,1410.000,1,0.000,0,0.000,0,0.000,0,0,0,
113246666000,0.000,0,1210.000,25,1080.000,1,8.100,9,8.000,1,2.300,25,1230.000,20,1240.000,5,1410.000,1,0.000,0,0.000,0,0,0,
113257791000,0.000,0,1220.000,20,1210.000,5,1080.000,1,8.100,9,8.000,1,1230.000,20,1240.000,5,1410.000,1,0.000,0,0.000,0,0,0,
113258791000,0.000,0,1220.000,20,1210.000,5,1080.000,1,8.100,9,8.000,1,1240.000,25,1410.000,1,0.000,0,0.000,0,0.000,0,0,0,
113305294000,0.000,0,1210.000,25,1080.000,1,8.100,9,8.000,1,2.300,25,1230.000,20,1240.000,5,1410.000,1,0.000,0,0.000,0,0,0,
113305420000,0.000,0,1210.000,5,1080.000,1,8.100,9,8.000,1,2.300,25,1240.000,5,1410.000,1,0.000,0,0.000,0,0.000,0,0,0,
113306417000,0.000,0,1210.000,25,1080.000,1,8.100,9,8.000,1,2.300,25,1230.000,20,1240.000,5,1410.000,1,0.000,0,0.000,0,0,0,
113407791000,0.000,0,1220.000,20,1210.000,5,1080.000,1,8.100,9,8.000,1,1230.000,20,1240.000,5,1410.000,1,0.000,0,0.000,0,0,0,
113410167000,0.000,0,1220.000,20,1210.000,5,1080.000,1,8.100,9,8.000,1,1240.000,25,1410.000,1,0.000,0,0.000,0,0.000,0,0,0,
113411167000,0.000,0,1210.000,25,1080.000,1,8.100,9,8.000,1,2.300,25,1240.000,25,1410.000,1,0.000,0,0.000,0,0.000,0,0,0,
113412167000,0.000,0,1210.000,25,1080.000,1,8.100,9,8.000,1,2.300,25,1230.000,20,1240.000,5,1410.000,1,0.000,0,0.000,0,0,0,
113417791000,0.000,0,1220.000,20,1210.000,5,1080.000,1,8.100,9,8.000,1,1230.000,20,1240.000,5,1410.000,1,0.000,0,0.000,0,0,0,
113423294000,0.000,0,1210.000,5,1080.000,1,8.100,9,8.000,1,2.300,25,1240.000,5,1410.000,1,0.000,0,0.000,0,0.000,0,0,0,
113424291000,0.000,0,1220.000,20,1210.000,5,1080.000,1,8.100,9,8.000,1,1240.000,25,1410.000,1,0.000,0,0.000,0,0.000,0,0,0,
113448418000,0.000,0,1220.000,20,1210.000,5,1080.000,1,8.100,9,8.000,1,1240.000,20,1410.000,1,0.000,0,0.000,0,0.000,0,0,0,
113448667000,0.000,0,1220.000,20,1210.000,5,1080.000,1,8.100,9,8.000,1,1260.000,20,1410.000,1,0.000,0,0.000,0,0.000,0,0,0,
113535292000,0.000,0,1220.000,20,1210.000,5,1080.000,1,8.100,9,8.000,1,1250.000,5,1260.000,20,1410.000,1,0.000,0,0.000,0,0,0,
113535791000,0.000,0,1220.000,20,1210.000,5,1080.000,1,8.100,9,8.000,1,1240.000,20,1250.000,5,1410.000,1,0.000,0,0.000,0,0,0,
113616792000,0.000,0,1210.000,5,1080.000,1,8.100,9,8.000,1,2.300,25,1250.000,5,1410.000,1,0.000,0,0.000,0,0.000,0,0,0,
113617791000,0.000,0,1220.000,20,1210.000,5,1080.000,1,8.100,9,8.000,1,1250.000,25,1410.000,1,0.000,0,0.000,0,0.000,0,0,0,
113632416000,0.000,0,1220.000,20,1210.000,5,1080.000,1,8.100,9,8.000,1,1250.000,20,1410.000,1,0.000,0,0.000,0,0.000,0,0,0,
113632792000,0.000,0,1230.000,20,1210.000,5,1080.000,1,8.100,9,8.000,1,1270.000,20,1410.000,1,0.000,0,0.000,0,0.000,0,0,0,
113640293000,0.000,0,1220.000,20,1210.000,5,1080.000,1,8.100,9,8.000,1,1260.000,20,1410.000,1,0.000,0,0.000,0,0.000,0,0,0,
113701044000,0.000,0,1230.000,20,1210.000,5,1080.000,1,8.100,9,8.000,1,1270.000,20,1410.000,1,0.000,0,0.000,0,0.000,0,0,0,
113708166000,0.000,0,1220.000,20,1210.000,5,1080.000,1,8.100,9,8.000,1,1260.000,20,1410.000,1,0.000,0,0.000,0,0.000,0,0,0,
113710291000,0.000,0,1230.000,20,1210.000,5,1080.000,1,8.100,9,8.000,1,1270.000,20,1410.000,1,0.000,0,0.000,0,0.000,0,0,0,
113717667000,0.000,0,1230.000,20,1080.000,1,8.100,9,8.000,1,2.300,25,1260.000,5,1270.000,20,1410.000,1,0.000,0,0.000,0,0,0,
113717792000,0.000,0,1210.000,20,1080.000,1,8.100,9,8.000,1,2.300,25,1250.000,20,1260.000,5,1410.000,1,0.000,0,0.000,0,0,0,
113748541000,0.000,0,1220.000,5,1210.000,20,1080.000,1,8.100,9,8.000,1,1250.000,20,1260.000,5,1410.000,1,0.000,0,0.000,0,0,0,
113748792000,0.000,0,1230.000,20,1220.000,5,1080.000,1,8.100,9,8.000,1,1250.000,20,1260.000,5,1410.000,1,0.000,0,0.000,0,0,0,
113939544000,0.000,0,1220.000,25,1080.000,1,8.100,9,8.000,1,2.300,25,1250.000,20,1260.000,5,1410.000,1,0.000,0,0.000,0,0,0,
114015168000,0.000,0,1220.000,20,1080.000,1,8.100,9,8.000,1,2.300,25,1250.000,20,1260.000,5,1410.000,1,0.000,0,0.000,0,0,0,
114015294000,0.000,0,1210.000,20,1080.000,1,8.100,9,8.000,1,2.300,25,1250.000,20,1260.000,5,1410.000,1,0.000,0,0.000,0,0,0,
114047416000,0.000,0,1210.000,25,1080.000,1,8.100,9,8.000,1,2.300,25,1250.000,20,1260.000,5,1410.000,1,0.000,0,0.000,0,0,0,
114117416000,0.000,0,1210.000,25,1080.000,1,8.100,9,8.000,1,2.300,25,1250.000,25,1410.000,1,0.000,0,0.000,0,0.000,0,0,0,
114254416000,0.000,0,1210.000,20,1080.000,1,8.100,9,8.000,1,2.300,25,1250.000,25,1410.000,1,0.000,0,0.000,0,0.000,0,0,0,
114255416000,0.000,0,1220.000,5,1210.000,20,1080.000,1,8.100,9,8.000,1,1250.000,25,1410.000,1,0.000,0,0.000,0,0.000,0,0,0,
114255916000,0.000,0,1220.000,25,1080.000,1,8.100,9,8.000,1,2.300,25,1250.000,25,1410.000,1,0.000,0,0.000,0,0.000,0,0,0,
114302417000,0.000,0,1230.000,20,1220.000,5,1080.000,1,8.100,9,8.000,1,1250.000,25,1410.000,1,0.000,0,0.000,0,0.000,0,0,0,
114308169000,0.000,0,1230.000,20,1220.000,5,1080.000,1,8.100,9,8.000,1,1250.000,20,1410.000,1,0.000,0,0.000,0,0.000,0,0,0,
114308294000,0.000,0,1230.000,20,1220.000,5,1080.000,1,8.100,9,8.000,1,1270.000,20,1410.000,1,0.000,0,0.000,0,0.000,0,0,0,
114357291000,0.000,0,1230.000,20,1080.000,1,8.100,9,8.000,1,2.300,25,1260.000,5,1270.000,20,1410.000,1,0.000,0,0.000,0,0,0,
114357791000,0.000,0,1210.000,20,1080.000,1,8.100,9,8.000,1,2.300,25,1250.000,20,1260.000,5,1410.000,1,0.000,0,0.000,0,0,0,
114405917000,0.000,0,1080.000,1,8.100,9,8.000,1,2.300,25,2.200,10,1260.000,5,1410.000,1,0.000,0,0.000,0,0.000,0,0,0,
114406917000,0.000,0,1220.000,20,1080.000,1,8.100,9,8.000,1,2.300,25,1260.000,25,1410.000,1,0.000,0,0.000,0,0.000,0,0,0,
114427917000,0.000,0,1230.000,5,1220.000,20,1080.000,1,8.100,9,8.000,1,1260.000,25,1410.000,1,0.000,0,0.000,0,0.000,0,0,0,
114428041000,0.000,0,1240.000,20,1230.000,5,1080.000,1,8.100,9,8.000,1,1260.000,25,1410.000,1,0.000,0,0.000,0,0.000,0,0,0,
114503543000,0.000,0,1240.000,20,1230.000,5,1080.000,1,8.100,9,8.000,1,1250.000,20,1260.000,5,1410.000,1,0.000,0,0.000,0,0,0,
114504167000,0.000,0,1230.000,5,1080.000,1,8.100,9,8.000,1,2.300,25,1260.000,5,1410.000,1,0.000,0,0.000,0,0.000,0,0,0,
114505166000,0.000,0,1230.000,25,1080.000,1,8.100,9,8.000,1,2.300,25,1250.000,20,1260.000,5,1410.000,1,0.000,0,0.000,0,0,0,
114522417000,0.000,0,1240.000,20,1230.000,5,1080.000,1,8.100,9,8.000,1,1250.000,20,1260.000,5,1410.000,1,0.000,0,0.000,0,0,0,
114523418000,0.000,0,1230.000,5,1080.000,1,8.100,9,8.000,1,2.300,25,1260.000,5,1410.000,1,0.000,0,0.000,0,0.000,0,0,0,
114524417000,0.000,0,1240.000,20,1230.000,5,1080.000,1,8.100,9,8.000,1,1260.000,25,1410.000,1,0.000,0,0.000,0,0.000,0,0,0,
114537046000,0.000,0,1240.000,20,1230.000,5,1080.000,1,8.100,9,8.000,1,1280.000,20,1410.000,1,0.000,0,0.000,0,0.000,0,0,0,
114601419000,0.000,0,1230.000,5,1080.000,1,8.100,9,8.000,1,2.300,25,1410.000,1,0.000,0,0.000,0,0.000,0,0.000,0,0,0,
114602417000,0.000,0,1240.000,20,1230.000,5,1080.000,1,8.100,9,8.000,1,1280.000,20,1410.000,1,0.000,0,0.000,0,0.000,0,0,0,
114606167000,0.000,0,1230.000,5,1080.000,1,8.100,9,8.000,1,2.300,25,1410.000,1,0.000,0,0.000,0,0.000,0,0.000,0,0,0,
114607166000,0.000,0,1240.000,20,1230.000,5,1080.000,1,8.100,9,8.000,1,1280.000,20,1410.000,1,0.000,0,0.000,0,0.000,0,0,0,
114610166000,0.000,0,1230.000,25,1080.000,1,8.100,9,8.000,1,2.300,25,1270.000,20,1410.000,1,0.000,0,0.000,0,0.000,0,0,0,
114610417000,0.000,0,1230.000,25,1080.000,1,8.100,9,8.000,1,2.300,25,1260.000,5,1270.000,20,1410.000,1,0.000,0,0.000,0,0,0,
114611167000,0.000,0,1230.000,25,1080.000,1,8.100,9,8.000,1,2.300,25,1250.000,20,1260.000,5,1410.000,1,0.000,0,0.000,0,0,0,
114612916000,0.000,0,1240.000,20,1230.000,5,1080.000,1,8.100,9,8.000,1,1250.000,20,1260.000,5,1410.000,1,0.000,0,0.000,0,0,0,
114616542000,0.000,0,1230.000,25,1080.000,1,8.100,9,8.000,1,2.300,25,1250.000,20,1260.000,5,1410.000,1,0.000,0,0.000,0,0,0,
114633542000,0.000,0,1240.000,20,1230.000,5,1080.000,1,8.100,9,8.000,1,1250.000,20,1260.000,5,1410.000,1,0.000,0,0.000,0,0,0,
114637792000,0.000,0,1240.000,20,1230.000,5,1080.000,1,8.100,9,8.000,1,1260.000,25,1410.000,1,0.000,0,0.000,0,0.000,0,0,0,
114701544000,0.000,0,1240.000,20,1230.000,5,1080.000,1,8.100,9,8.000,1,1260.000,20,1410.000,1,0.000,0,0.000,0,0.000,0,0,0,
114702044000,0.000,0,1240.000,20,1230.000,5,1080.000,1,8.100,9,8.000,1,1280.000,20,1410.000,1,0.000,0,0.000,0,0.000,0,0,0,
114733916000,0.000,0,1240.000,20,1230.000,5,1080.000,1,8.100,9,8.000,1,1270.000,5,1280.000,20,1410.000,1,0.000,0,0.000,0,0,0,
114734041000,0.000,0,1240.000,20,1230.000,5,1080.000,1,8.100,9,8.000,1,1260.000,20,1270.000,5,1410.000,1,0.000,0,0.000,0,0,0,
114844793000,0.000,0,1240.000,20,1230.000,5,1080.000,1,8.100,9,8.000,1,1260.000,20,1410.000,1,0.000,0,0.000,0,0.000,0,0,0,
114845166000,0.000,0,1240.000,20,1230.000,5,1080.000,1,8.100,9,8.000,1,1280.000,20,1410.000,1,0.000,0,0.000,0,0.000,0,0,0,
114845917000,0.000,0,1240.000,20,1230.000,5,1080.000,1,8.100,9,8.000,1,1270.000,5,1280.000,20,1410.000,1,0.000,0,0.000,0,0,0,
114846166000,0.000,0,1240.000,20,1230.000,5,1080.000,1,8.100,9,8.000,1,1260.000,20,1270.000,5,1410.000,1,0.000,0,0.000,0,0,0,
114917168000,0.000,0,1240.000,20,1230.000,5,1080.000,1,8.100,9,8.000,1,1260.000,25,1410.000,1,0.000,0,0.000,0,0.000,0,0,0,
114950919000,0.000,0,1230.000,25,1080.000,1,8.100,9,8.000,1,2.300,25,1260.000,25,1410.000,1,0.000,0,0.000,0,0.000,0,0,0,
115001919000,0.000,0,1230.000,20,1080.000,1,8.100,9,8.000,1,2.300,25,1260.000,25,1410.000,1,0.000,0,0.000,0,0.000,0,0,0,
115002168000,0.000,0,1220.000,20,1080.000,1,8.100,9,8.000,1,2.300,25,1260.000,25,1410.000,1,0.000,0,0.000,0,0.000,0,0,0,
115116916000,0.000,0,1220.000,25,1080.000,1,8.100,9,8.000,1,2.300,25,1260.000,25,1410.000,1,0.000,0,0.000,0,0.000,0,0,0,
115129417000,0.000,0,1220.000,20,1080.000,1,8.100,9,8.000,1,2.300,25,1260.000,25,1410.000,1,0.000,0,0.000,0,0.000,0,0,0,
115129667000,0.000,0,1210.000,20,1080.000,1,8.100,9,8.000,1,2.300,25,1250.000,20,1260.000,5,1410.000,1,0.000,0,0.000,0,0,0,
115254666000,0.000,0,1210.000,25,1080.000,1,8.100,9,8.000,1,2.300,25,1250.000,20,1260.000,5,1410.000,1,0.000,0,0.000,0,0,0,
115324668000,0.000,0,1210.000,25,1080.000,1,8.100,9,8.000,1,2.300,25,1250.000,20,1410.000,1,0.000,0,0.000,0,0.000,0,0,0,
115325166000,0.000,0,1210.000,25,1080.000,1,8.100,9,8.000,1,2.300,25,1250.000,25,1410.000,1,0.000,0,0.000,0,0.000,0,0,0,
115721416000,0.000,0,1210.000,25,1080.000,1,8.100,9,8.000,1,2.300,25,1250.000,20,1410.000,1,0.000,0,0.000,0,0.000,0,0,0,
115722541000,0.000,0,1210.000,25,1080.000,1,8.100,9,8.000,1,2.300,25,1240.000,5,1250.000,20,1410.000,1,0.000,0,0.000,0,0,0,
115722791000,0.000,0,1210.000,25,1080.000,1,8.100,9,8.000,1,2.300,25,1230.000,20,1240.000,5,1410.000,1,0.000,0,0.000,0,0,0,
115949668000,0.000,0,1210.000,20,1080.000,1,8.100,9,8.000,1,2.300,25,1230.000,20,1240.000,5,1410.000,1,0.000,0,0.000,0,0,0,
115949794000,0.000,0,1190.000,20,1080.000,1,8.100,9,8.000,1,2.300,25,1230.000,20,1240.000,5,1410.000,1,0.000,0,0.000,0,0,0,
120025417000,0.000,0,1210.000,20,1200.000,5,1080.000,1,8.100,9,8.000,1,1230.000,20,1240.000,5,1410.000,1,0.000,0,0.000,0,0,0,
120127291000,0.000,0,1210.000,20,1200.000,5,1080.000,1,8.100,9,8.000,1,1230.000,25,1410.000,1,0.000,0,0.000,0,0.000,0,0,0,
120216543000,0.000,0,1200.000,25,1080.000,1,8.100,9,8.000,1,2.300,25,1230.000,25,1410.000,1,0.000,0,0.000,0,0.000,0,0,0,
120227917000,0.000,0,1210.000,20,1200.000,5,1080.000,1,8.100,9,8.000,1,1230.000,25,1410.000,1,0.000,0,0.000,0,0.000,0,0,0,
120323168000,0.000,0,1210.000,20,1200.000,5,1080.000,1,8.100,9,8.000,1,1230.000,20,1410.000,1,0.000,0,0.000,0,0.000,0,0,0,
120323541000,0.000,0,1210.000,20,1200.000,5,1080.000,1,8.100,9,8.000,1,1250.000,20,1410.000,1,0.000,0,0.000,0,0.000,0,0,0,
120355292000,0.000,0,1210.000,20,1200.000,5,1080.000,1,8.100,9,8.000,1,1240.000,5,1250.000,20,1410.000,1,0.000,0,0.000,0,0,0,
120355541000,0.000,0,1210.000,20,1200.000,5,1080.000,1,8.100,9,8.000,1,1230.000,20,1240.000,5,1410.000,1,0.000,0,0.000,0,0,0,
120425418000,0.000,0,1200.000,25,1080.000,1,8.100,9,8.000,1,2.300,25,1230.000,20,1240.000,5,1410.000,1,0.000,0,0.000,0,0,0,
120428917000,0.000,0,1210.000,20,1200.000,5,1080.000,1,8.100,9,8.000,1,1230.000,20,1240.000,5,1410.000,1,0.000,0,0.000,0,0,0,
120442541000,0.000,0,1210.000,20,1200.000,5,1080.000,1,8.100,9,8.000,1,1230.000,20,1410.000,1,0.000,0,0.000,0,0.000,0,0,0,
120442917000,0.000,0,1210.000,20,1200.000,5,1080.000,1,8.100,9,8.000,1,1230.000,25,1410.000,1,0.000,0,0.000,0,0.000,0,0,0,
120501042000,0.000,0,1200.000,25,1080.000,1,8.100,9,8.000,1,2.300,25,1230.000,25,1410.000,1,0.000,0,0.000,0,0.000,0,0,0,
120550918000,0.000,0,1210.000,20,1200.000,5,1080.000,1,8.100,9,8.000,1,1230.000,25,1410.000,1,0.000,0,0.000,0,0.000,0,0,0,
120557792000,0.000,0,1200.000,25,1080.000,1,8.100,9,8.000,1,2.300,25,1230.000,25,1410.000,1,0.000,0,0.000,0,0.000,0,0,0,
120604292000,0.000,0,1210.000,20,1200.000,5,1080.000,1,8.100,9,8.000,1,1230.000,25,1410.000,1,0.000,0,0.000,0,0.000,0,0,0,
120607791000,0.000,0,1200.000,25,1080.000,1,8.100,9,8.000,1,2.300,25,1230.000,25,1410.000,1,0.000,0,0.000,0,0.000,0,0,0,
120611041000,0.000,0,1210.000,20,1200.000,5,1080.000,1,8.100,9,8.000,1,1230.000,25,1410.000,1,0.000,0,0.000,0,0.000,0,0,0,
120621792000,0.000,0,1200.000,25,1080.000,1,8.100,9,8.000,1,2.300,25,1230.000,25,1410.000,1,0.000,0,0.000,0,0.000,0,0,0,
120645919000,0.000,0,1210.000,20,1200.000,5,1080.000,1,8.100,9,8.000,1,1230.000,25,1410.000,1,0.000,0,0.000,0,0.000,0,0,0,
120655295000,0.000,0,1200.000,5,1080.000,1,8.100,9,8.000,1,2.300,25,1230.000,5,1410.000,1,0.000,0,0.000,0,0.000,0,0,0,
120656292000,0.000,0,1210.000,20,1200.000,5,1080.000,1,8.100,9,8.000,1,1230.000,25,1410.000,1,0.000,0,0.000,0,0.000,0,0,0,
120700667000,0.000,0,1200.000,25,1080.000,1,8.100,9,8.000,1,2.300,25,1220.000,20,1230.000,5,1410.000,1,0.000,0,0.000,0,0,0,
120701666000,0.000,0,1210.000,20,1200.000,5,1080.000,1,8.100,9,8.000,1,1220.000,20,1230.000,5,1410.000,1,0.000,0,0.000,0,0,0,
120706166000,0.000,0,1200.000,25,1080.000,1,8.100,9,8.000,1,2.300,25,1220.000,20,1230.000,5,1410.000,1,0.000,0,0.000,0,0,0,
120722166000,0.000,0,1210.000,20,1200.000,5,1080.000,1,8.100,9,8.000,1,1220.000,20,1230.000,5,1410.000,1,0.000,0,0.000,0,0,0,
120723166000,0.000,0,1200.000,25,1080.000,1,8.100,9,8.000,1,2.300,25,1220.000,20,1230.000,5,1410.000,1,0.000,0,0.000,0,0,0,
120736166000,0.000,0,1210.000,20,1200.000,5,1080.000,1,8.100,9,8.000,1,1230.000,25,1410.000,1,0.000,0,0.000,0,0.000,0,0,0,
120742166000,0.000,0,1210.000,20,1200.000,5,1080.000,1,8.100,9,8.000,1,1220.000,20,1230.000,5,1410.000,1,0.000,0,0.000,0,0,0,
120743166000,0.000,0,1210.000,20,1200.000,5,1080.000,1,8.100,9,8.000,1,1230.000,25,1410.000,1,0.000,0,0.000,0,0.000,0,0,0,
120752791000,0.000,0,1210.000,20,1200.000,5,1080.000,1,8.100,9,8.000,1,1220.000,20,1230.000,5,1410.000,1,0.000,0,0.000,0,0,0,
120754917000,0.000,0,1200.000,5,1080.000,1,8.100,9,8.000,1,2.300,25,1230.000,5,1410.000,1,0.000,0,0.000,0,0.000,0,0,0,
120755916000,0.000,0,1200.000,25,1080.000,1,8.100,9,8.000,1,2.300,25,1220.000,20,1230.000,5,1410.000,1,0.000,0,0.000,0,0,0,
120819168000,0.000,0,1210.000,20,1200.000,5,1080.000,1,8.100,9,8.000,1,1230.000,25,1410.000,1,0.000,0,0.000,0,0.000,0,0,0,
120903668000,0.000,0,1200.000,25,1080.000,1,8.100,9,8.000,1,2.300,25,1220.000,20,1230.000,5,1410.000,1,0.000,0,0.000,0,0,0,
121018167000,0.000,0,1210.000,20,1200.000,5,1080.000,1,8.100,9,8.000,1,1220.000,20,1230.000,5,1410.000,1,0.000,0,0.000,0,0,0,
121019166000,0.000,0,1200.000,25,1080.000,1,8.100,9,8.000,1,2.300,25,1220.000,20,1230.000,5,1410.000,1,0.000,0,0.000,0,0,0,
121023167000,0.000,0,1210.000,20,1200.000,5,1080.000,1,8.100,9,8.000,1,1220.000,20,1230.000,5,1410.000,1,0.000,0,0.000,0,0,0,
121026167000,0.000,0,1210.000,20,1200.000,5,1080.000,1,8.100,9,8.000,1,1230.000,25,1410.000,1,0.000,0,0.000,0,0.000,0,0,0,
121027166000,0.000,0,1210.000,20,1200.000,5,1080.000,1,8.100,9,8.000,1,1220.000,20,1230.000,5,1410.000,1,0.000,0,0.000,0,0,0,
121029042000,0.000,0,1200.000,5,1080.000,1,8.100,9,8.000,1,2.300,25,1230.000,5,1410.000,1,0.000,0,0.000,0,0.000,0,0,0,
121029291000,0.000,0,1080.000,1,8.100,9,8.000,1,2.300,25,2.200,10,1410.000,1,0.000,0,0.000,0,0.000,0,0.000,0,0,0,
121029666000,0.000,0,1080.000,1,8.100,9,8.000,1,2.300,25,2.200,10,1350.000,5,1410.000,1,0.000,0,0.000,0,0.000,0,0,0,
121030041000,0.000,0,1200.000,20,1080.000,1,8.100,9,8.000,1,2.300,25,1240.000,20,1350.000,5,1410.000,1,0.000,0,0.000,0,0,0,
121104541000,0.000,0,1200.000,25,1080.000,1,8.100,9,8.000,1,2.300,25,1240.000,20,1350.000,5,1410.000,1,0.000,0,0.000,0,0,0,
121151416000,0.000,0,1200.000,25,1080.000,1,8.100,9,8.000,1,2.300,25,1240.000,20,1410.000,1,0.000,0,0.000,0,0.000,0,0,0,
121152541000,0.000,0,1200.000,25,1080.000,1,8.100,9,8.000,1,2.300,25,1230.000,5,1240.000,20,1410.000,1,0.000,0,0.000,0,0,0,
121152791000,0.000,0,1200.000,25,1080.000,1,8.100,9,8.000,1,2.300,25,1220.000,20,1230.000,5,1410.000,1,0.000,0,0.000,0,0,0,
121201792000,0.000,0,1200.000,20,1080.000,1,8.100,9,8.000,1,2.300,25,1220.000,20,1230.000,5,1410.000,1,0.000,0,0.000,0,0,0,
121202291000,0.000,0,1180.000,20,1080.000,1,8.100,9,8.000,1,2.300,25,1220.000,20,1230.000,5,1410.000,1,0.000,0,0.000,0,0,0,
121233166000,0.000,0,1190.000,5,1180.000,20,1080.000,1,8.100,9,8.000,1,1220.000,20,1230.000,5,1410.000,1,0.000,0,0.000,0,0,0,
121233791000,0.000,0,1200.000,20,1190.000,5,1080.000,1,8.100,9,8.000,1,1220.000,20,1230.000,5,1410.000,1,0.000,0,0.000,0,0,0,
121346791000,0.000,0,1180.000,20,1080.000,1,8.100,9,8.000,1,2.300,25,1220.000,20,1230.000,5,1410.000,1,0.000,0,0.000,0,0,0,
121347916000,0.000,0,1190.000,5,1180.000,20,1080.000,1,8.100,9,8.000,1,1220.000,20,1230.000,5,1410.000,1,0.000,0,0.000,0,0,0,
121348791000,0.000,0,1200.000,20,1190.000,5,1080.000,1,8.100,9,8.000,1,1220.000,20,1230.000,5,1410.000,1,0.000,0,0.000,0,0,0,
121416293000,0.000,0,1200.000,20,1190.000,5,1080.000,1,8.100,9,8.000,1,1230.000,25,1410.000,1,0.000,0,0.000,0,0.000,0,0,0,
121429291000,0.000,0,1200.000,20,1190.000,5,1080.000,1,8.100,9,8.000,1,1220.000,20,1230.000,5,1410.000,1,0.000,0,0.000,0,0,0,
121432291000,0.000,0,1200.000,20,1190.000,5,1080.000,1,8.100,9,8.000,1,1230.000,25,1410.000,1,0.000,0,0.000,0,0.000,0,0,0,
121435791000,0.000,0,1200.000,20,1080.000,1,8.100,9,8.000,1,2.300,25,1230.000,25,1410.000,1,0.000,0,0.000,0,0.000,0,0,0,
121435917000,0.000,0,1190.000,20,1080.000,1,8.100,9,8.000,1,2.300,25,1230.000,25,1410.000,1,0.000,0,0.000,0,0.000,0,0,0,
121436291000,0.000,0,1200.000,5,1190.000,20,1080.000,1,8.100,9,8.000,1,1230.000,25,1410.000,1,0.000,0,0.000,0,0.000,0,0,0,
121436916000,0.000,0,1210.000,20,1200.000,5,1080.000,1,8.100,9,8.000,1,1230.000,25,1410.000,1,0.000,0,0.000,0,0.000,0,0,0,
121451292000,0.000,0,1210.000,20,1200.000,5,1080.000,1,8.100,9,8.000,1,1220.000,20,1230.000,5,1410.000,1,0.000,0,0.000,0,0,0,
121452292000,0.000,0,1200.000,25,1080.000,1,8.100,9,8.000,1,2.300,25,1220.000,20,1230.000,5,1410.000,1,0.000,0,0.000,0,0,0,
121455293000,0.000,0,1210.000,20,1200.000,5,1080.000,1,8.100,9,8.000,1,1230.000,25,1410.000,1,0.000,0,0.000,0,0.000,0,0,0,
121456291000,0.000,0,1210.000,20,1200.000,5,1080.000,1,8.100,9,8.000,1,1220.000,20,1230.000,5,1410.000,1,0.000,0,0.000,0,0,0,
121500794000,0.000,0,1200.000,5,1080.000,1,8.100,9,8.000,1,2.300,25,1230.000,5,1410.000,1,0.000,0,0.000,0,0.000,0,0,0,
121501792000,0.000,0,1200.000,25,1080.000,1,8.100,9,8.000,1,2.300,25,1220.000,20,1230.000,5,1410.000,1,0.000,0,0.000,0,0,0,
121600292000,0.000,0,1200.000,20,1080.000,1,8.100,9,8.000,1,2.300,25,1220.000,20,1230.000,5,1410.000,1,0.000,0,0.000,0,0,0,
121600417000,0.000,0,1180.000,20,1080.000,1,8.100,9,8.000,1,2.300,25,1220.000,20,1230.000,5,1410.000,1,0.000,0,0.000,0,0,0,
121630542000,0.000,0,1190.000,5,1180.000,20,1080.000,1,8.100,9,8.000,1,1220.000,20,1230.000,5,1410.000,1,0.000,0,0.000,0,0,0,
121630916000,0.000,0,1200.000,20,1190.000,5,1080.000,1,8.100,9,8.000,1,1220.000,20,1230.000,5,1410.000,1,0.000,0,0.000,0,0,0,
121723541000,0.000,0,1200.000,20,1080.000,1,8.100,9,8.000,1,2.300,25,1220.000,20,1230.000,5,1410.000,1,0.000,0,0.000,0,0,0,
121723791000,0.000,0,1200.000,25,1080.000,1,8.100,9,8.000,1,2.300,25,1220.000,20,1230.000,5,1410.000,1,0.000,0,0.000,0,0,0,
121835918000,0.000,0,1200.000,25,1080.000,1,8.100,9,8.000,1,2.300,25,1230.000,25,1410.000,1,0.000,0,0.000,0,0.000,0,0,0,
121842792000,0.000,0,1200.000,25,1080.000,1,8.100,9,8.000,1,2.300,25,1220.000,20,1230.000,5,1410.000,1,0.000,0,0.000,0,0,0,
121930668000,0.000,0,1200.000,20,1080.000,1,8.100,9,8.000,1,2.300,25,1220.000,20,1230.000,5,1410.000,1,0.000,0,0.000,0,0,0,
121930794000,0.000,0,1180.000,20,1080.000,1,8.100,9,8.000,1,2.300,25,1220.000,20,1230.000,5,1410.000,1,0.000,0,0.000,0,0,0,
122007792000,0.000,0,1190.000,5,1180.000,20,1080.000,1,8.100,9,8.000,1,1220.000,20,1230.000,5,1410.000,1,0.000,0,0.000,0,0,0,
122008041000,0.000,0,1200.000,20,1190.000,5,1080.000,1,8.100,9,8.000,1,1220.000,20,1230.000,5,1410.000,1,0.000,0,0.000,0,0,0,
122035544000,0.000,0,1200.000,20,1190.000,5,1080.000,1,8.100,9,8.000,1,1230.000,25,1410.000,1,0.000,0,0.000,0,0.000,0,0,0,
122042542000,0.000,0,1210.000,20,1190.000,5,1080.000,1,8.100,9,8.000,1,1250.000,20,1410.000,1,0.000,0,0.000,0,0.000,0,0,0,
122100543000,0.000,0,1200.000,20,1190.000,5,1080.000,1,8.100,9,8.000,1,1240.000,20,1410.000,1,0.000,0,0.000,0,0.000,0,0,0,
122104542000,0.000,0,1210.000,20,1190.000,5,1080.000,1,8.100,9,8.000,1,1250.000,20,1410.000,1,0.000,0,0.000,0,0.000,0,0,0,
122124667000,0.000,0,1210.000,20,1080.000,1,8.100,9,8.000,1,2.300,25,1250.000,20,1410.000,1,0.000,0,0.000,0,0.000,0,0,0,
122200041000,0.000,0,1210.000,25,1080.000,1,8.100,9,8.000,1,2.300,25,1250.000,20,1410.000,1,0.000,0,0.000,0,0.000,0,0,0,
122202544000,0.000,0,1210.000,20,1080.000,1,8.100,9,8.000,1,2.300,25,1250.000,20,1410.000,1,0.000,0,0.000,0,0.000,0,0,0,
122203294000,0.000,0,1200.000,20,1080.000,1,8.100,9,8.000,1,2.300,25,1240.000,20,1410.000,1,0.000,0,0.000,0,0.000,0,0,0,
122220541000,0.000,0,1210.000,20,1080.000,1,8.100,9,8.000,1,2.300,25,1250.000,20,1410.000,1,0.000,0,0.000,0,0.000,0,0,0,
122242916000,0.000,0,1200.000,20,1080.000,1,8.100,9,8.000,1,2.300,25,1240.000,20,1410.000,1,0.000,0,0.000,0,0.000,0,0,0,
122243916000,0.000,0,1210.000,20,1080.000,1,8.100,9,8.000,1,2.300,25,1250.000,20,1410.000,1,0.000,0,0.000,0,0.000,0,0,0,
122246666000,0.000,0,1210.000,20,1200.000,5,1080.000,1,8.100,9,8.000,1,1250.000,20,1410.000,1,0.000,0,0.000,0,0.000,0,0,0,
122247291000,0.000,0,1210.000,20,1200.000,5,1080.000,1,8.100,9,8.000,1,1240.000,5,1250.000,20,1410.000,1,0.000,0,0.000,0,0,0,
122247791000,0.000,0,1210.000,20,1200.000,5,1080.000,1,8.100,9,8.000,1,1230.000,20,1240.000,5,1410.000,1,0.000,0,0.000,0,0,0,
122258793000,0.000,0,1210.000,20,1200.000,5,1080.000,1,8.100,9,8.000,1,1240.000,25,1410.000,1,0.000,0,0.000,0,0.000,0,0,0,
122316542000,0.000,0,1210.000,20,1200.000,5,1080.000,1,8.100,9,8.000,1,1230.000,20,1240.000,5,1410.000,1,0.000,0,0.000,0,0,0,
122317541000,0.000,0,1210.000,20,1200.000,5,1080.000,1,8.100,9,8.000,1,1240.000,25,1410.000,1,0.000,0,0.000,0,0.000,0,0,0,
122318166000,0.000,0,1210.000,20,1080.000,1,8.100,9,8.000,1,2.300,25,1240.000,25,1410.000,1,0.000,0,0.000,0,0.000,0,0,0,
122318291000,0.000,0,1210.000,25,1080.000,1,8.100,9,8.000,1,2.300,25,1240.000,25,1410.000,1,0.000,0,0.000,0,0.000,0,0,0,
122337668000,0.000,0,1210.000,25,1080.000,1,8.100,9,8.000,1,2.300,25,1230.000,20,1240.000,5,1410.000,1,0.000,0,0.000,0,0,0,
122342917000,0.000,0,1210.000,25,1080.000,1,8.100,9,8.000,1,2.300,25,1240.000,25,1410.000,1,0.000,0,0.000,0,0.000,0,0,0,
122446666000,0.000,0,1210.000,25,1080.000,1,8.100,9,8.000,1,2.300,25,1230.000,20,1240.000,5,1410.000,1,0.000,0,0.000,0,0,0,
122647666000,0.000,0,1210.000,25,1080.000,1,8.100,9,8.000,1,2.300,25,1240.000,25,1410.000,1,0.000,0,0.000,0,0.000,0,0,0,
122740548000,0.000,0,1220.000,20,1210.000,5,1080.000,1,8.100,9,8.000,1,1260.000,20,1410.000,1,0.000,0,0.000,0,0.000,0,0,0,
122804418000,0.000,0,1230.000,20,1210.000,5,1080.000,1,8.100,9,8.000,1,1270.000,20,1410.000,1,0.000,0,0.000,0,0.000,0,0,0,
122823794000,0.000,0,1220.000,20,1210.000,5,1080.000,1,8.100,9,8.000,1,1260.000,20,1410.000,1,0.000,0,0.000,0,0.000,0,0,0,
122837791000,0.000,0,1230.000,20,1210.000,5,1080.000,1,8.100,9,8.000,1,1270.000,20,1410.000,1,0.000,0,0.000,0,0.000,0,0,0,
122838791000,0.000,0,1220.000,20,1210.000,5,1080.000,1,8.100,9,8.000,1,1260.000,20,1410.000,1,0.000,0,0.000,0,0.000,0,0,0,
122845792000,0.000,0,1230.000,20,1210.000,5,1080.000,1,8.100,9,8.000,1,1270.000,20,1410.000,1,0.000,0,0.000,0,0.000,0,0,0,
122853792000,0.000,0,1220.000,20,1210.000,5,1080.000,1,8.100,9,8.000,1,1260.000,20,1410.000,1,0.000,0,0.000,0,0.000,0,0,0,
122855792000,0.000,0,1230.000,20,1210.000,5,1080.000,1,8.100,9,8.000,1,1270.000,20,1410.000,1,0.000,0,0.000,0,0.000,0,0,0,
122920166000,0.000,0,1230.000,20,1080.000,1,8.100,9,8.000,1,2.300,25,1260.000,5,1270.000,20,1410.000,1,0.000,0,0.000,0,0,0,
122920291000,0.000,0,1210.000,20,1080.000,1,8.100,9,8.000,1,2.300,25,1250.000,20,1260.000,5,1410.000,1,0.000,0,0.000,0,0,0,
122951041000,0.000,0,1220.000,5,1210.000,20,1080.000,1,8.100,9,8.000,1,1250.000,20,1260.000,5,1410.000,1,0.000,0,0.000,0,0,0,
122951291000,0.000,0,1230.000,20,1220.000,5,1080.000,1,8.100,9,8.000,1,1250.000,20,1260.000,5,1410.000,1,0.000,0,0.000,0,0,0,
123113793000,0.000,0,1220.000,25,1080.000,1,8.100,9,8.000,1,2.300,25,1250.000,20,1260.000,5,1410.000,1,0.000,0,0.000,0,0,0,
123117419000,0.000,0,1220.000,20,1080.000,1,8.100,9,8.000,1,2.300,25,1250.000,20,1260.000,5,1410.000,1,0.000,0,0.000,0,0,0,
123118041000,0.000,0,1210.000,20,1080.000,1,8.100,9,8.000,1,2.300,25,1250.000,20,1260.000,5,1410.000,1,0.000,0,0.000,0,0,0,
123253291000,0.000,0,1210.000,25,1080.000,1,8.100,9,8.000,1,2.300,25,1250.000,20,1260.000,5,1410.000,1,0.000,0,0.000,0,0,0,
123411416000,0.000,0,1210.000,20,1080.000,1,8.100,9,8.000,1,2.300,25,1250.000,20,1260.000,5,1410.000,1,0.000,0,0.000,0,0,0,
123412541000,0.000,0,1220.000,5,1210.000,20,1080.000,1,8.100,9,8.000,1,1250.000,20,1260.000,5,1410.000,1,0.000,0,0.000,0,0,0,
123412917000,0.000,0,1230.000,20,1220.000,5,1080.000,1,8.100,9,8.000,1,1250.000,20,1260.000,5,1410.000,1,0.000,0,0.000,0,0,0,
123443291000,0.000,0,1230.000,20,1220.000,5,1080.000,1,8.100,9,8.000,1,1250.000,20,1410.000,1,0.000,0,0.000,0,0.000,0,0,0,
123443416000,0.000,0,1230.000,20,1220.000,5,1080.000,1,8.100,9,8.000,1,1270.000,20,1410.000,1,0.000,0,0.000,0,0.000,0,0,0,
123444416000,0.000,0,1230.000,20,1220.000,5,1080.000,1,8.100,9,8.000,1,1250.000,20,1260.000,5,1410.000,1,0.000,0,0.000,0,0,0,
123514416000,0.000,0,1230.000,20,1220.000,5,1080.000,1,8.100,9,8.000,1,1250.000,25,1410.000,1,0.000,0,0.000,0,0.000,0,0,0,
123525916000,0.000,0,1220.000,25,1080.000,1,8.100,9,8.000,1,2.300,25,1250.000,25,1410.000,1,0.000,0,0.000,0,0.000,0,0,0,
123526916000,0.000,0,1230.000,20,1220.000,5,1080.000,1,8.100,9,8.000,1,1250.000,25,1410.000,1,0.000,0,0.000,0,0.000,0,0,0,
123528918000,0.000,0,1230.000,20,1220.000,5,1080.000,1,8.100,9,8.000,1,1270.000,20,1410.000,1,0.000,0,0.000,0,0.000,0,0,0,
123605166000,0.000,0,1230.000,20,1220.000,5,1080.000,1,8.100,9,8.000,1,1260.000,5,1270.000,20,1410.000,1,0.000,0,0.000,0,0,0,
123605541000,0.000,0,1230.000,20,1220.000,5,1080.000,1,8.100,9,8.000,1,1250.000,20,1260.000,5,1410.000,1,0.000,0,0.000,0,0,0,
123720166000,0.000,0,1230.000,20,1220.000,5,1080.000,1,8.100,9,8.000,1,1250.000,20,1410.000,1,0.000,0,0.000,0,0.000,0,0,0,
123720416000,0.000,0,1230.000,20,1220.000,5,1080.000,1,8.100,9,8.000,1,1250.000,25,1410.000,1,0.000,0,0.000,0,0.000,0,0,0,
123904170000,0.000,0,1230.000,20,1220.000,5,1080.000,1,8.100,9,8.000,1,1250.000,20,1410.000,1,0.000,0,0.000,0,0.000,0,0,0,
123904542000,0.000,0,1230.000,20,1220.000,5,1080.000,1,8.100,9,8.000,1,1270.000,20,1410.000,1,0.000,0,0.000,0,0.000,0,0,0,
123934166000,0.000,0,1230.000,20,1220.000,5,1080.000,1,8.100,9,8.000,1,1260.000,5,1270.000,20,1410.000,1,0.000,0,0.000,0,0,0,
123934541000,0.000,0,1230.000,20,1220.000,5,1080.000,1,8.100,9,8.000,1,1250.000,20,1260.000,5,1410.000,1,0.000,0,0.000,0,0,0,
124010041000,0.000,0,1220.000,25,1080.000,1,8.100,9,8.000,1,2.300,25,1250.000,20,1260.000,5,1410.000,1,0.000,0,0.000,0,0,0,
124011042000,0.000,0,1230.000,20,1220.000,5,1080.000,1,8.100,9,8.000,1,1250.000,20,1260.000,5,1410.000,1,0.000,0,0.000,0,0,0,
124012044000,0.000,0,1220.000,25,1080.000,1,8.100,9,8.000,1,2.300,25,1250.000,20,1260.000,5,1410.000,1,0.000,0,0.000,0,0,0,
124036042000,0.000,0,1230.000,20,1220.000,5,1080.000,1,8.100,9,8.000,1,1250.000,20,1260.000,5,1410.000,1,0.000,0,0.000,0,0,0,
124040792000,0.000,0,1220.000,5,1080.000,1,8.100,9,8.000,1,2.300,25,1260.000,5,1410.000,1,0.000,0,0.000,0,0.000,0,0,0,
124041792000,0.000,0,1220.000,25,1080.000,1,8.100,9,8.000,1,2.300,25,1250.000,20,1260.000,5,1410.000,1,0.000,0,0.000,0,0,0,
124052794000,0.000,0,1230.000,20,1220.000,5,1080.000,1,8.100,9,8.000,1,1250.000,20,1260.000,5,1410.000,1,0.000,0,0.000,0,0,0,
124057916000,0.000,0,1220.000,25,1080.000,1,8.100,9,8.000,1,2.300,25,1250.000,20,1260.000,5,1410.000,1,0.000,0,0.000,0,0,0,
124102166000,0.000,0,1220.000,25,1080.000,1,8.100,9,8.000,1,2.300,25,1250.000,20,1410.000,1,0.000,0,0.000,0,0.000,0,0,0,
124102666000,0.000,0,1230.000,20,1220.000,5,1080.000,1,8.100,9,8.000,1,1270.000,20,1410.000,1,0.000,0,0.000,0,0.000,0,0,0,
124103166000,0.000,0,1230.000,20,1220.000,5,1080.000,1,8.100,9,8.000,1,1260.000,5,1270.000,20,1410.000,1,0.000,0,0.000,0,0,0,
124103666000,0.000,0,1230.000,20,1220.000,5,1080.000,1,8.100,9,8.000,1,1250.000,20,1260.000,5,1410.000,1,0.000,0,0.000,0,0,0,
124107916000,0.000,0,1220.000,25,1080.000,1,8.100,9,8.000,1,2.300,25,1250.000,20,1260.000,5,1410.000,1,0.000,0,0.000,0,0,0,
124119168000,0.000,0,1230.000,20,1220.000,5,1080.000,1,8.100,9,8.000,1,1250.000,20,1260.000,5,1410.000,1,0.000,0,0.000,0,0,0,
124133291000,0.000,0,1230.000,20,1220.000,5,1080.000,1,8.100,9,8.000,1,1250.000,25,1410.000,1,0.000,0,0.000,0,0.000,0,0,0,
124133666000,0.000,0,1220.000,25,1080.000,1,8.100,9,8.000,1,2.300,25,1250.000,25,1410.000,1,0.000,0,0.000,0,0.000,0,0,0,
124134667000,0.000,0,1230.000,20,1220.000,5,1080.000,1,8.100,9,8.000,1,1250.000,25,1410.000,1,0.000,0,0.000,0,0.000,0,0,0,
124152166000,0.000,0,1220.000,25,1080.000,1,8.100,9,8.000,1,2.300,25,1250.000,25,1410.000,1,0.000,0,0.000,0,0.000,0,0,0,
124156293000,0.000,0,1230.000,20,1220.000,5,1080.000,1,8.100,9,8.000,1,1250.000,25,1410.000,1,0.000,0,0.000,0,0.000,0,0,0,
124212292000,0.000,0,1230.000,20,1220.000,5,1080.000,1,8.100,9,8.000,1,1250.000,20,1410.000,1,0.000,0,0.000,0,0.000,0,0,0,
124212666000,0.000,0,1230.000,20,1220.000,5,1080.000,1,8.100,9,8.000,1,1270.000,20,1410.000,1,0.000,0,0.000,0,0.000,0,0,0,
124227292000,0.000,0,1240.000,20,1220.000,5,1080.000,1,8.100,9,8.000,1,1280.000,20,1410.000,1,0.000,0,0.000,0,0.000,0,0,0,
124231167000,0.000,0,1230.000,20,1220.000,5,1080.000,1,8.100,9,8.000,1,1270.000,20,1410.000,1,0.000,0,0.000,0,0.000,0,0,0,
124238166000,0.000,0,1240.000,20,1220.000,5,1080.000,1,8.100,9,8.000,1,1280.000,20,1410.000,1,0.000,0,0.000,0,0.000,0,0,0,
124243167000,0.000,0,1230.000,20,1220.000,5,1080.000,1,8.100,9,8.000,1,1270.000,20,1410.000,1,0.000,0,0.000,0,0.000,0,0,0,
124245167000,0.000,0,1240.000,20,1220.000,5,1080.000,1,8.100,9,8.000,1,1280.000,20,1410.000,1,0.000,0,0.000,0,0.000,0,0,0,
124246166000,0.000,0,1230.000,20,1220.000,5,1080.000,1,8.100,9,8.000,1,1270.000,20,1410.000,1,0.000,0,0.000,0,0.000,0,0,0,
124249668000,0.000,0,1240.000,20,1220.000,5,1080.000,1,8.100,9,8.000,1,1280.000,20,1410.000,1,0.000,0,0.000,0,0.000,0,0,0,
124307917000,0.000,0,1230.000,20,1220.000,5,1080.000,1,8.100,9,8.000,1,1270.000,20,1410.000,1,0.000,0,0.000,0,0.000,0,0,0,
124316292000,0.000,0,1240.000,20,1220.000,5,1080.000,1,8.100,9,8.000,1,1280.000,20,1410.000,1,0.000,0,0.000,0,0.000,0,0,0,
124329167000,0.000,0,1230.000,20,1220.000,5,1080.000,1,8.100,9,8.000,1,1270.000,20,1410.000,1,0.000,0,0.000,0,0.000,0,0,0,
124330166000,0.000,0,1240.000,20,1220.000,5,1080.000,1,8.100,9,8.000,1,1280.000,20,1410.000,1,0.000,0,0.000,0,0.000,0,0,0,
124331167000,0.000,0,1230.000,20,1220.000,5,1080.000,1,8.100,9,8.000,1,1270.000,20,1410.000,1,0.000,0,0.000,0,0.000,0,0,0,
124333167000,0.000,0,1240.000,20,1220.000,5,1080.000,1,8.100,9,8.000,1,1280.000,20,1410.000,1,0.000,0,0.000,0,0.000,0,0,0,
124336166000,0.000,0,1240.000,20,1080.000,1,8.100,9,8.000,1,2.300,25,1280.000,20,1410.000,1,0.000,0,0.000,0,0.000,0,0,0,
124340166000,0.000,0,1230.000,20,1080.000,1,8.100,9,8.000,1,2.300,25,1270.000,20,1410.000,1,0.000,0,0.000,0,0.000,0,0,0,
124342916000,0.000,0,1240.000,20,1080.000,1,8.100,9,8.000,1,2.300,25,1280.000,20,1410.000,1,0.000,0,0.000,0,0.000,0,0,0,
124351169000,0.000,0,1230.000,20,1080.000,1,8.100,9,8.000,1,2.300,25,1270.000,20,1410.000,1,0.000,0,0.000,0,0.000,0,0,0,
124352167000,0.000,0,1240.000,20,1080.000,1,8.100,9,8.000,1,2.300,25,1280.000,20,1410.000,1,0.000,0,0.000,0,0.000,0,0,0,
124435041000,0.000,0,1240.000,25,1080.000,1,8.100,9,8.000,1,2.300,25,1280.000,20,1410.000,1,0.000,0,0.000,0,0.000,0,0,0,
124505291000,0.000,0,1240.000,25,1080.000,1,8.100,9,8.000,1,2.300,25,1270.000,5,1280.000,20,1410.000,1,0.000,0,0.000,0,0,0,
124505791000,0.000,0,1240.000,25,1080.000,1,8.100,9,8.000,1,2.300,25,1260.000,20,1270.000,5,1410.000,1,0.000,0,0.000,0,0,0,
124515292000,0.000,0,1240.000,25,1080.000,1,8.100,9,8.000,1,2.300,25,1270.000,25,1410.000,1,0.000,0,0.000,0,0.000,0,0,0,
124530293000,0.000,0,1240.000,5,1080.000,1,8.100,9,8.000,1,2.300,25,1270.000,5,1410.000,1,0.000,0,0.000,0,0.000,0,0,0,
124531291000,0.000,0,1250.000,20,1240.000,5,1080.000,1,8.100,9,8.000,1,1260.000,20,1270.000,5,1410.000,1,0.000,0,0.000,0,0,0,
124534166000,0.000,0,1250.000,20,1240.000,5,1080.000,1,8.100,9,8.000,1,1270.000,25,1410.000,1,0.000,0,0.000,0,0.000,0,0,0,
124541291000,0.000,0,1250.000,20,1240.000,5,1080.000,1,8.100,9,8.000,1,1260.000,20,1270.000,5,1410.000,1,0.000,0,0.000,0,0,0,
124541418000,0.000,0,1240.000,5,1080.000,1,8.100,9,8.000,1,2.300,25,1270.000,5,1410.000,1,0.000,0,0.000,0,0.000,0,0,0,
124542542000,0.000,0,1240.000,25,1080.000,1,8.100,9,8.000,1,2.300,25,1260.000,20,1270.000,5,1410.000,1,0.000,0,0.000,0,0,0,
124557168000,0.000,0,1250.000,20,1240.000,5,1080.000,1,8.100,9,8.000,1,1260.000,20,1270.000,5,1410.000,1,0.000,0,0.000,0,0,0,
124602916000,0.000,0,1240.000,25,1080.000,1,8.100,9,8.000,1,2.300,25,1260.000,20,1270.000,5,1410.000,1,0.000,0,0.000,0,0,0,
124659169000,0.000,0,1240.000,20,1080.000,1,8.100,9,8.000,1,2.300,25,1260.000,20,1270.000,5,1410.000,1,0.000,0,0.000,0,0,0,
124659791000,0.000,0,1220.000,20,1080.000,1,8.100,9,8.000,1,2.300,25,1260.000,20,1270.000,5,1410.000,1,0.000,0,0.000,0,0,0,
124756791000,0.000,0,1230.000,5,1220.000,20,1080.000,1,8.100,9,8.000,1,1260.000,20,1270.000,5,1410.000,1,0.000,0,0.000,0,0,0,
124757791000,0.000,0,1240.000,20,1230.000,5,1080.000,1,8.100,9,8.000,1,1260.000,20,1270.000,5,1410.000,1,0.000,0,0.000,0,0,0,
124811045000,0.000,0,1230.000,5,1080.000,1,8.100,9,8.000,1,2.300,25,1270.000,5,1410.000,1,0.000,0,0.000,0,0.000,0,0,0,
124812168000,0.000,0,1240.000,20,1230.000,5,1080.000,1,8.100,9,8.000,1,1260.000,20,1270.000,5,1410.000,1,0.000,0,0.000,0,0,0,
124832044000,0.000,0,1240.000,20,1230.000,5,1080.000,1,8.100,9,8.000,1,1260.000,25,1410.000,1,0.000,0,0.000,0,0.000,0,0,0,
124906419000,0.000,0,1240.000,20,1230.000,5,1080.000,1,8.100,9,8.000,1,1280.000,20,1410.000,1,0.000,0,0.000,0,0.000,0,0,0,
124948793000,0.000,0,1250.000,20,1230.000,5,1080.000,1,8.100,9,8.000,1,1290.000,20,1410.000,1,0.000,0,0.000,0,0.000,0,0,0,
124951418000,0.000,0,1240.000,20,1230.000,5,1080.000,1,8.100,9,8.000,1,1280.000,20,1410.000,1,0.000,0,0.000,0,0.000,0,0,0,
125005418000,0.000,0,1250.000,20,1230.000,5,1080.000,1,8.100,9,8.000,1,1290.000,20,1410.000,1,0.000,0,0.000,0,0.000,0,0,0,
125012918000,0.000,0,1240.000,20,1230.000,5,1080.000,1,8.100,9,8.000,1,1280.000,20,1410.000,1,0.000,0,0.000,0,0.000,0,0,0,
125013917000,0.000,0,1250.000,20,1230.000,5,1080.000,1,8.100,9,8.000,1,1290.000,20,1410.000,1,0.000,0,0.000,0,0.000,0,0,0,
125017791000,0.000,0,1250.000,20,1080.000,1,8.100,9,8.000,1,2.300,25,1290.000,20,1410.000,1,0.000,0,0.000,0,0.000,0,0,0,
125020542000,0.000,0,1240.000,20,1080.000,1,8.100,9,8.000,1,2.300,25,1280.000,20,1410.000,1,0.000,0,0.000,0,0.000,0,0,0,
125021541000,0.000,0,1250.000,20,1080.000,1,8.100,9,8.000,1,2.300,25,1290.000,20,1410.000,1,0.000,0,0.000,0,0.000,0,0,0,
125027419000,0.000,0,1240.000,20,1080.000,1,8.100,9,8.000,1,2.300,25,1280.000,20,1410.000,1,0.000,0,0.000,0,0.000,0,0,0,
125031416000,0.000,0,1250.000,20,1080.000,1,8.100,9,8.000,1,2.300,25,1290.000,20,1410.000,1,0.000,0,0.000,0,0.000,0,0,0,
125040417000,0.000,0,1240.000,20,1080.000,1,8.100,9,8.000,1,2.300,25,1280.000,20,1410.000,1,0.000,0,0.000,0,0.000,0,0,0,
125045416000,0.000,0,1250.000,20,1080.000,1,8.100,9,8.000,1,2.300,25,1290.000,20,1410.000,1,0.000,0,0.000,0,0.000,0,0,0,
125057416000,0.000,0,1250.000,25,1080.000,1,8.100,9,8.000,1,2.300,25,1290.000,20,1410.000,1,0.000,0,0.000,0,0.000,0,0,0,
125107668000,0.000,0,1250.000,20,1080.000,1,8.100,9,8.000,1,2.300,25,1290.000,20,1410.000,1,0.000,0,0.000,0,0.000,0,0,0,
125108042000,0.000,0,1240.000,20,1080.000,1,8.100,9,8.000,1,2.300,25,1280.000,20,1410.000,1,0.000,0,0.000,0,0.000,0,0,0,
125205416000,0.000,0,1250.000,20,1080.000,1,8.100,9,8.000,1,2.300,25,1290.000,20,1410.000,1,0.000,0,0.000,0,0.000,0,0,0,
125207917000,0.000,0,1240.000,20,1080.000,1,8.100,9,8.000,1,2.300,25,1280.000,20,1410.000,1,0.000,0,0.000,0,0.000,0,0,0,
125212916000,0.000,0,1250.000,20,1080.000,1,8.100,9,8.000,1,2.300,25,1290.000,20,1410.000,1,0.000,0,0.000,0,0.000,0,0,0,
125215419000,0.000,0,1240.000,20,1080.000,1,8.100,9,8.000,1,2.300,25,1280.000,20,1410.000,1,0.000,0,0.000,0,0.000,0,0,0,
125220041000,0.000,0,1240.000,25,1080.000,1,8.100,9,8.000,1,2.300,25,1280.000,25,1410.000,1,0.000,0,0.000,0,0.000,0,0,0,
125341666000,0.000,0,1240.000,25,1080.000,1,8.100,9,8.000,1,2.300,25,1270.000,5,1280.000,20,1410.000,1,0.000,0,0.000,0,0,0,
125342042000,0.000,0,1240.000,25,1080.000,1,8.100,9,8.000,1,2.300,25,1270.000,25,1410.000,1,0.000,0,0.000,0,0.000,0,0,0,
125427916000,0.000,0,1240.000,25,1080.000,1,8.100,9,8.000,1,2.300,25,1260.000,20,1270.000,5,1410.000,1,0.000,0,0.000,0,0,0,
125438168000,0.000,0,1240.000,20,1080.000,1,8.100,9,8.000,1,2.300,25,1260.000,20,1270.000,5,1410.000,1,0.000,0,0.000,0,0,0,
125438543000,0.000,0,1220.000,20,1080.000,1,8.100,9,8.000,1,2.300,25,1260.000,20,1270.000,5,1410.000,1,0.000,0,0.000,0,0,0,
125631541000,0.000,0,1230.000,5,1220.000,20,1080.000,1,8.100,9,8.000,1,1260.000,20,1270.000,5,1410.000,1,0.000,0,0.000,0,0,0,
125632043000,0.000,0,1240.000,20,1230.000,5,1080.000,1,8.100,9,8.000,1,1260.000,20,1270.000,5,1410.000,1,0.000,0,0.000,0,0,0,
125650541000,0.000,0,1240.000,20,1230.000,5,1080.000,1,8.100,9,8.000,1,1270.000,25,1410.000,1,0.000,0,0.000,0,0.000,0,0,0,
125715917000,0.000,0,1240.000,20,1230.000,5,1080.000,1,8.100,9,8.000,1,1270.000,20,1410.000,1,0.000,0,0.000,0,0.000,0,0,0,
125716042000,0.000,0,1250.000,20,1230.000,5,1080.000,1,8.100,9,8.000,1,1290.000,20,1410.000,1,0.000,0,0.000,0,0.000,0,0,0,
125757422000,0.000,0,1260.000,20,1230.000,5,1080.000,1,8.100,9,8.000,1,1300.000,20,1410.000,1,0.000,0,0.000,0,0.000,0,0,0,
125759668000,0.000,0,1250.000,20,1230.000,5,1080.000,1,8.100,9,8.000,1,1290.000,20,1410.000,1,0.000,0,0.000,0,0.000,0,0,0,
125800666000,0.000,0,1260.000,20,1230.000,5,1080.000,1,8.100,9,8.000,1,1300.000,20,1410.000,1,0.000,0,0.000,0,0.000,0,0,0,
125815667000,0.000,0,1250.000,20,1230.000,5,1080.000,1,8.100,9,8.000,1,1290.000,20,1410.000,1,0.000,0,0.000,0,0.000,0,0,0,
125816666000,0.000,0,1260.000,20,1230.000,5,1080.000,1,8.100,9,8.000,1,1300.000,20,1410.000,1,0.000,0,0.000,0,0.000,0,0,0,
125820666000,0.000,0,1250.000,20,1230.000,5,1080.000,1,8.100,9,8.000,1,1290.000,20,1410.000,1,0.000,0,0.000,0,0.000,0,0,0,
125822666000,0.000,0,1260.000,20,1230.000,5,1080.000,1,8.100,9,8.000,1,1300.000,20,1410.000,1,0.000,0,0.000,0,0.000,0,0,0,
125824166000,0.000,0,1250.000,20,1230.000,5,1080.000,1,8.100,9,8.000,1,1290.000,20,1410.000,1,0.000,0,0.000,0,0.000,0,0,0,
125824916000,0.000,0,1250.000,20,1080.000,1,8.100,9,8.000,1,2.300,25,1290.000,25,1410.000,1,0.000,0,0.000,0,0.000,0,0,0,
125856041000,0.000,0,1250.000,25,1080.000,1,8.100,9,8.000,1,2.300,25,1290.000,25,1410.000,1,0.000,0,0.000,0,0.000,0,0,0,
130027043000,0.000,0,1250.000,25,1080.000,1,8.100,9,8.000,1,2.300,25,1280.000,5,1290.000,20,1410.000,1,0.000,0,0.000,0,0,0,
130027166000,0.000,0,1250.000,25,1080.000,1,8.100,9,8.000,1,2.300,25,1270.000,20,1280.000,5,1410.000,1,0.000,0,0.000,0,0,0,
130030668000,0.000,0,1250.000,25,1080.000,1,8.100,9,8.000,1,2.300,25,1280.000,25,1410.000,1,0.000,0,0.000,0,0.000,0,0,0,
130032916000,0.000,0,1250.000,25,1080.000,1,8.100,9,8.000,1,2.300,25,1270.000,20,1280.000,5,1410.000,1,0.000,0,0.000,0,0,0,
130033916000,0.000,0,1250.000,25,1080.000,1,8.100,9,8.000,1,2.300,25,1280.000,25,1410.000,1,0.000,0,0.000,0,0.000,0,0,0,
130037916000,0.000,0,1250.000,25,1080.000,1,8.100,9,8.000,1,2.300,25,1270.000,20,1280.000,5,1410.000,1,0.000,0,0.000,0,0,0,
130042666000,0.000,0,1250.000,25,1080.000,1,8.100,9,8.000,1,2.300,25,1280.000,25,1410.000,1,0.000,0,0.000,0,0.000,0,0,0,
130044666000,0.000,0,1250.000,25,1080.000,1,8.100,9,8.000,1,2.300,25,1270.000,20,1280.000,5,1410.000,1,0.000,0,0.000,0,0,0,
130047291000,0.000,0,1250.000,25,1080.000,1,8.100,9,8.000,1,2.300,25,1280.000,25,1410.000,1,0.000,0,0.000,0,0.000,0,0,0,
130050667000,0.000,0,1250.000,25,1080.000,1,8.100,9,8.000,1,2.300,25,1270.000,20,1280.000,5,1410.000,1,0.000,0,0.000,0,0,0,
130101667000,0.000,0,1250.000,25,1080.000,1,8.100,9,8.000,1,2.300,25,1280.000,25,1410.000,1,0.000,0,0.000,0,0.000,0,0,0,
130107792000,0.000,0,1250.000,25,1080.000,1,8.100,9,8.000,1,2.300,25,1270.000,20,1280.000,5,1410.000,1,0.000,0,0.000,0,0,0,
130152668000,0.000,0,1250.000,5,1080.000,1,8.100,9,8.000,1,2.300,25,1280.000,5,1410.000,1,0.000,0,0.000,0,0.000,0,0,0,
130153667000,0.000,0,1260.000,20,1250.000,5,1080.000,1,8.100,9,8.000,1,1280.000,25,1410.000,1,0.000,0,0.000,0,0.000,0,0,0,
130200542000,0.000,0,1260.000,20,1250.000,5,1080.000,1,8.100,9,8.000,1,1270.000,20,1280.000,5,1410.000,1,0.000,0,0.000,0,0,0,
130201666000,0.000,0,1260.000,20,1250.000,5,1080.000,1,8.100,9,8.000,1,1280.000,25,1410.000,1,0.000,0,0.000,0,0.000,0,0,0,
130202668000,0.000,0,1250.000,25,1080.000,1,8.100,9,8.000,1,2.300,25,1270.000,20,1280.000,5,1410.000,1,0.000,0,0.000,0,0,0,
130208792000,0.000,0,1260.000,20,1250.000,5,1080.000,1,8.100,9,8.000,1,1270.000,20,1280.000,5,1410.000,1,0.000,0,0.000,0,0,0,
130214791000,0.000,0,1250.000,25,1080.000,1,8.100,9,8.000,1,2.300,25,1270.000,20,1280.000,5,1410.000,1,0.000,0,0.000,0,0,0,
130225791000,0.000,0,1260.000,20,1250.000,5,1080.000,1,8.100,9,8.000,1,1270.000,20,1280.000,5,1410.000,1,0.000,0,0.000,0,0,0,
130227916000,0.000,0,1250.000,25,1080.000,1,8.100,9,8.000,1,2.300,25,1270.000,20,1280.000,5,1410.000,1,0.000,0,0.000,0,0,0,
130229792000,0.000,0,1260.000,20,1250.000,5,1080.000,1,8.100,9,8.000,1,1270.000,20,1280.000,5,1410.000,1,0.000,0,0.000,0,0,0,
130236419000,0.000,0,1250.000,5,1080.000,1,8.100,9,8.000,1,2.300,25,1280.000,5,1410.000,1,0.000,0,0.000,0,0.000,0,0,0,
130237417000,0.000,0,1260.000,20,1250.000,5,1080.000,1,8.100,9,8.000,1,1280.000,25,1410.000,1,0.000,0,0.000,0,0.000,0,0,0,
130241668000,0.000,0,1260.000,20,1250.000,5,1080.000,1,8.100,9,8.000,1,1270.000,20,1280.000,5,1410.000,1,0.000,0,0.000,0,0,0,
130244792000,0.000,0,1250.000,25,1080.000,1,8.100,9,8.000,1,2.300,25,1270.000,20,1280.000,5,1410.000,1,0.000,0,0.000,0,0,0,
130245792000,0.000,0,1260.000,20,1250.000,5,1080.000,1,8.100,9,8.000,1,1270.000,20,1280.000,5,1410.000,1,0.000,0,0.000,0,0,0,
130247792000,0.000,0,1260.000,20,1250.000,5,1080.000,1,8.100,9,8.000,1,1280.000,25,1410.000,1,0.000,0,0.000,0,0.000,0,0,0,
130302918000,0.000,0,1260.000,20,1250.000,5,1080.000,1,8.100,9,8.000,1,1270.000,20,1280.000,5,1410.000,1,0.000,0,0.000,0,0,0,
130311166000,0.000,0,1260.000,20,1250.000,5,1080.000,1,8.100,9,8.000,1,1280.000,25,1410.000,1,0.000,0,0.000,0,0.000,0,0,0,
130312168000,0.000,0,1260.000,20,1250.000,5,1080.000,1,8.100,9,8.000,1,1270.000,20,1280.000,5,1410.000,1,0.000,0,0.000,0,0,0,
130320792000,0.000,0,1260.000,20,1250.000,5,1080.000,1,8.100,9,8.000,1,1280.000,25,1410.000,1,0.000,0,0.000,0,0.000,0,0,0,
130327544000,0.000,0,1260.000,20,1250.000,5,1080.000,1,8.100,9,8.000,1,1270.000,20,1280.000,5,1410.000,1,0.000,0,0.000,0,0,0,
130329543000,0.000,0,1250.000,5,1080.000,1,8.100,9,8.000,1,2.300,25,1280.000,5,1410.000,1,0.000,0,0.000,0,0.000,0,0,0,
130330541000,0.000,0,1250.000,25,1080.000,1,8.100,9,8.000,1,2.300,25,1270.000,20,1280.000,5,1410.000,1,0.000,0,0.000,0,0,0,
130341292000,0.000,0,1250.000,20,1080.000,1,8.100,9,8.000,1,2.300,25,1270.000,20,1280.000,5,1410.000,1,0.000,0,0.000,0,0,0,
130341792000,0.000,0,1230.000,20,1080.000,1,8.100,9,8.000,1,2.300,25,1270.000,20,1280.000,5,1410.000,1,0.000,0,0.000,0,0,0,
130541791000,0.000,0,1230.000,25,1080.000,1,8.100,9,8.000,1,2.300,25,1270.000,20,1280.000,5,1410.000,1,0.000,0,0.000,0,0,0,
130643541000,0.000,0,1230.000,25,1080.000,1,8.100,9,8.000,1,2.300,25,1270.000,25,1410.000,1,0.000,0,0.000,0,0.000,0,0,0,
130716541000,0.000,0,1240.000,5,1230.000,20,1080.000,1,8.100,9,8.000,1,1270.000,25,1410.000,1,0.000,0,0.000,0,0.000,0,0,0,
130717416000,0.000,0,1240.000,25,1080.000,1,8.100,9,8.000,1,2.300,25,1270.000,25,1410.000,1,0.000,0,0.000,0,0.000,0,0,0,
130724792000,0.000,0,1250.000,20,1240.000,5,1080.000,1,8.100,9,8.000,1,1270.000,25,1410.000,1,0.000,0,0.000,0,0.000,0,0,0,
130726917000,0.000,0,1240.000,25,1080.000,1,8.100,9,8.000,1,2.300,25,1270.000,25,1410.000,1,0.000,0,0.000,0,0.000,0,0,0,
130730916000,0.000,0,1250.000,20,1240.000,5,1080.000,1,8.100,9,8.000,1,1270.000,25,1410.000,1,0.000,0,0.000,0,0.000,0,0,0,
130732916000,0.000,0,1240.000,25,1080.000,1,8.100,9,8.000,1,2.300,25,1270.000,25,1410.000,1,0.000,0,0.000,0,0.000,0,0,0,
130734917000,0.000,0,1250.000,20,1240.000,5,1080.000,1,8.100,9,8.000,1,1270.000,25,1410.000,1,0.000,0,0.000,0,0.000,0,0,0,
130735168000,0.000,0,1240.000,5,1080.000,1,8.100,9,8.000,1,2.300,25,1270.000,5,1410.000,1,0.000,0,0.000,0,0.000,0,0,0,
130736166000,0.000,0,1240.000,25,1080.000,1,8.100,9,8.000,1,2.300,25,1260.000,20,1270.000,5,1410.000,1,0.000,0,0.000,0,0,0,
130737166000,0.000,0,1250.000,20,1240.000,5,1080.000,1,8.100,9,8.000,1,1260.000,20,1270.000,5,1410.000,1,0.000,0,0.000,0,0,0,
130739668000,0.000,0,1240.000,5,1080.000,1,8.100,9,8.000,1,2.300,25,1270.000,5,1410.000,1,0.000,0,0.000,0,0.000,0,0,0,
130740667000,0.000,0,1240.000,25,1080.000,1,8.100,9,8.000,1,2.300,25,1260.000,20,1270.000,5,1410.000,1,0.000,0,0.000,0,0,0,
130811419000,0.000,0,1220.000,20,1080.000,1,8.100,9,8.000,1,2.300,25,1260.000,20,1270.000,5,1410.000,1,0.000,0,0.000,0,0,0,
130844166000,0.000,0,1230.000,5,1220.000,20,1080.000,1,8.100,9,8.000,1,1260.000,20,1270.000,5,1410.000,1,0.000,0,0.000,0,0,0,
130844416000,0.000,0,1240.000,20,1230.000,5,1080.000,1,8.100,9,8.000,1,1260.000,20,1270.000,5,1410.000,1,0.000,0,0.000,0,0,0,
130916417000,0.000,0,1240.000,20,1230.000,5,1080.000,1,8.100,9,8.000,1,1260.000,25,1410.000,1,0.000,0,0.000,0,0.000,0,0,0,
130921917000,0.000,0,1230.000,25,1080.000,1,8.100,9,8.000,1,2.300,25,1260.000,25,1410.000,1,0.000,0,0.000,0,0.000,0,0,0,
131103544000,0.000,0,1230.000,20,1080.000,1,8.100,9,8.000,1,2.300,25,1260.000,25,1410.000,1,0.000,0,0.000,0,0.000,0,0,0,
131104042000,0.000,0,1220.000,20,1080.000,1,8.100,9,8.000,1,2.300,25,1260.000,25,1410.000,1,0.000,0,0.000,0,0.000,0,0,0,
131135666000,0.000,0,1220.000,25,1080.000,1,8.100,9,8.000,1,2.300,25,1260.000,25,1410.000,1,0.000,0,0.000,0,0.000,0,0,0,
131223916000,0.000,0,1220.000,25,1080.000,1,8.100,9,8.000,1,2.300,25,1260.000,20,1410.000,1,0.000,0,0.000,0,0.000,0,0,0,
131224042000,0.000,0,1220.000,25,1080.000,1,8.100,9,8.000,1,2.300,25,1250.000,5,1260.000,20,1410.000,1,0.000,0,0.000,0,0,0,
131224541000,0.000,0,1220.000,25,1080.000,1,8.100,9,8.000,1,2.300,25,1250.000,25,1410.000,1,0.000,0,0.000,0,0.000,0,0,0,
131235668000,0.000,0,1220.000,25,1080.000,1,8.100,9,8.000,1,2.300,25,1240.000,20,1250.000,5,1410.000,1,0.000,0,0.000,0,0,0,
131325795000,0.000,0,1220.000,25,1080.000,1,8.100,9,8.000,1,2.300,25,1250.000,25,1410.000,1,0.000,0,0.000,0,0.000,0,0,0,
131327542000,0.000,0,1220.000,25,1080.000,1,8.100,9,8.000,1,2.300,25,1240.000,20,1250.000,5,1410.000,1,0.000,0,0.000,0,0,0,
131332046000,0.000,0,1220.000,25,1080.000,1,8.100,9,8.000,1,2.300,25,1250.000,25,1410.000,1,0.000,0,0.000,0,0.000,0,0,0,
131334041000,0.000,0,1220.000,25,1080.000,1,8.100,9,8.000,1,2.300,25,1240.000,20,1250.000,5,1410.000,1,0.000,0,0.000,0,0,0,
131342544000,0.000,0,1220.000,25,1080.000,1,8.100,9,8.000,1,2.300,25,1250.000,25,1410.000,1,0.000,0,0.000,0,0.000,0,0,0,
131345043000,0.000,0,1220.000,25,1080.000,1,8.100,9,8.000,1,2.300,25,1240.000,20,1250.000,5,1410.000,1,0.000,0,0.000,0,0,0,
131345541000,0.000,0,1220.000,25,1080.000,1,8.100,9,8.000,1,2.300,25,1250.000,25,1410.000,1,0.000,0,0.000,0,0.000,0,0,0,
131347917000,0.000,0,1220.000,25,1080.000,1,8.100,9,8.000,1,2.300,25,1240.000,20,1250.000,5,1410.000,1,0.000,0,0.000,0,0,0,
131358043000,0.000,0,1220.000,25,1080.000,1,8.100,9,8.000,1,2.300,25,1250.000,25,1410.000,1,0.000,0,0.000,0,0.000,0,0,0,
131404544000,0.000,0,1220.000,25,1080.000,1,8.100,9,8.000,1,2.300,25,1240.000,20,1250.000,5,1410.000,1,0.000,0,0.000,0,0,0,
131512167000,0.000,0,1200.000,20,1080.000,1,8.100,9,8.000,1,2.300,25,1240.000,20,1250.000,5,1410.000,1,0.000,0,0.000,0,0,0,
131544166000,0.000,0,1210.000,5,1200.000,20,1080.000,1,8.100,9,8.000,1,1240.000,20,1250.000,5,1410.000,1,0.000,0,0.000,0,0,0,
131544666000,0.000,0,1220.000,20,1210.000,5,1080.000,1,8.100,9,8.000,1,1240.000,20,1250.000,5,1410.000,1,0.000,0,0.000,0,0,0,
131727166000,0.000,0,1220.000,20,1210.000,5,1080.000,1,8.100,9,8.000,1,1250.000,25,1410.000,1,0.000,0,0.000,0,0.000,0,0,0,
131729167000,0.000,0,1220.000,20,1210.000,5,1080.000,1,8.100,9,8.000,1,1240.000,20,1250.000,5,1410.000,1,0.000,0,0.000,0,0,0,
131730166000,0.000,0,1220.000,20,1210.000,5,1080.000,1,8.100,9,8.000,1,1250.000,25,1410.000,1,0.000,0,0.000,0,0.000,0,0,0,
131735043000,0.000,0,1220.000,20,1210.000,5,1080.000,1,8.100,9,8.000,1,1240.000,20,1250.000,5,1410.000,1,0.000,0,0.000,0,0,0,
131742167000,0.000,0,1220.000,20,1080.000,1,8.100,9,8.000,1,2.300,25,1240.000,20,1250.000,5,1410.000,1,0.000,0,0.000,0,0,0,
131742666000,0.000,0,1200.000,20,1080.000,1,8.100,9,8.000,1,2.300,25,1240.000,20,1250.000,5,1410.000,1,0.000,0,0.000,0,0,0,
131748666000,0.000,0,1210.000,5,1200.000,20,1080.000,1,8.100,9,8.000,1,1240.000,20,1250.000,5,1410.000,1,0.000,0,0.000,0,0,0,
131749666000,0.000,0,1220.000,20,1210.000,5,1080.000,1,8.100,9,8.000,1,1240.000,20,1250.000,5,1410.000,1,0.000,0,0.000,0,0,0,
131800166000,0.000,0,1220.000,20,1210.000,5,1080.000,1,8.100,9,8.000,1,1250.000,25,1410.000,1,0.000,0,0.000,0,0.000,0,0,0,
131818791000,0.000,0,1220.000,25,1080.000,1,8.100,9,8.000,1,2.300,25,1250.000,25,1410.000,1,0.000,0,0.000,0,0.000,0,0,0,
131827916000,0.000,0,1220.000,25,1080.000,1,8.100,9,8.000,1,2.300,25,1240.000,20,1250.000,5,1410.000,1,0.000,0,0.000,0,0,0,
131845292000,0.000,0,1220.000,25,1080.000,1,8.100,9,8.000,1,2.300,25,1250.000,25,1410.000,1,0.000,0,0.000,0,0.000,0,0,0,
131849291000,0.000,0,1220.000,25,1080.000,1,8.100,9,8.000,1,2.300,25,1240.000,20,1250.000,5,1410.000,1,0.000,0,0.000,0,0,0,
131932292000,0.000,0,1220.000,25,1080.000,1,8.100,9,8.000,1,2.300,25,1250.000,25,1410.000,1,0.000,0,0.000,0,0.000,0,0,0,
132020291000,0.000,0,1220.000,25,1080.000,1,8.100,9,8.000,1,2.300,25,1240.000,20,1250.000,5,1410.000,1,0.000,0,0.000,0,0,0,
132034294000,0.000,0,1220.000,5,1080.000,1,8.100,9,8.000,1,2.300,25,1250.000,5,1410.000,1,0.000,0,0.000,0,0.000,0,0,0,
132035291000,0.000,0,1230.000,20,1220.000,5,1080.000,1,8.100,9,8.000,1,1250.000,25,1410.000,1,0.000,0,0.000,0,0.000,0,0,0,
132047916000,0.000,0,1230.000,20,1220.000,5,1080.000,1,8.100,9,8.000,1,1240.000,20,1250.000,5,1410.000,1,0.000,0,0.000,0,0,0,
132048916000,0.000,0,1230.000,20,1220.000,5,1080.000,1,8.100,9,8.000,1,1250.000,25,1410.000,1,0.000,0,0.000,0,0.000,0,0,0,
132052917000,0.000,0,1230.000,20,1220.000,5,1080.000,1,8.100,9,8.000,1,1240.000,20,1250.000,5,1410.000,1,0.000,0,0.000,0,0,0,
132053919000,0.000,0,1220.000,5,1080.000,1,8.100,9,8.000,1,2.300,25,1250.000,5,1410.000,1,0.000,0,0.000,0,0.000,0,0,0,
132054916000,0.000,0,1230.000,20,1220.000,5,1080.000,1,8.100,9,8.000,1,1250.000,25,1410.000,1,0.000,0,0.000,0,0.000,0,0,0,
132118293000,0.000,0,1230.000,20,1220.000,5,1080.000,1,8.100,9,8.000,1,1240.000,20,1250.000,5,1410.000,1,0.000,0,0.000,0,0,0,
132119291000,0.000,0,1230.000,20,1220.000,5,1080.000,1,8.100,9,8.000,1,1250.000,25,1410.000,1,0.000,0,0.000,0,0.000,0,0,0,
132124292000,0.000,0,1230.000,20,1220.000,5,1080.000,1,8.100,9,8.000,1,1240.000,20,1250.000,5,1410.000,1,0.000,0,0.000,0,0,0,
132134292000,0.000,0,1230.000,20,1220.000,5,1080.000,1,8.100,9,8.000,1,1250.000,25,1410.000,1,0.000,0,0.000,0,0.000,0,0,0,
132153292000,0.000,0,1230.000,20,1220.000,5,1080.000,1,8.100,9,8.000,1,1240.000,20,1250.000,5,1410.000,1,0.000,0,0.000,0,0,0,
132158041000,0.000,0,1230.000,20,1220.000,5,1080.000,1,8.100,9,8.000,1,1250.000,25,1410.000,1,0.000,0,0.000,0,0.000,0,0,0,
132159041000,0.000,0,1230.000,20,1220.000,5,1080.000,1,8.100,9,8.000,1,1240.000,20,1250.000,5,1410.000,1,0.000,0,0.000,0,0,0,
132200041000,0.000,0,1230.000,20,1220.000,5,1080.000,1,8.100,9,8.000,1,1250.000,25,1410.000,1,0.000,0,0.000,0,0.000,0,0,0,
132215041000,0.000,0,1230.000,20,1220.000,5,1080.000,1,8.100,9,8.000,1,1240.000,20,1250.000,5,1410.000,1,0.000,0,0.000,0,0,0,
132215168000,0.000,0,1230.000,20,1220.000,5,1080.000,1,8.100,9,8.000,1,1250.000,25,1410.000,1,0.000,0,0.000,0,0.000,0,0,0,
132252917000,0.000,0,1230.000,20,1220.000,5,1080.000,1,8.100,9,8.000,1,1240.000,20,1250.000,5,1410.000,1,0.000,0,0.000,0,0,0,
132257167000,0.000,0,1230.000,20,1220.000,5,1080.000,1,8.100,9,8.000,1,1250.000,25,1410.000,1,0.000,0,0.000,0,0.000,0,0,0,
132509418000,0.000,0,1230.000,20,1220.000,5,1080.000,1,8.100,9,8.000,1,1240.000,20,1250.000,5,1410.000,1,0.000,0,0.000,0,0,0,
132510417000,0.000,0,1220.000,25,1080.000,1,8.100,9,8.000,1,2.300,25,1240.000,20,1250.000,5,1410.000,1,0.000,0,0.000,0,0,0,
132514917000,0.000,0,1230.000,20,1220.000,5,1080.000,1,8.100,9,8.000,1,1240.000,20,1250.000,5,1410.000,1,0.000,0,0.000,0,0,0,
132515917000,0.000,0,1230.000,20,1220.000,5,1080.000,1,8.100,9,8.000,1,1250.000,25,1410.000,1,0.000,0,0.000,0,0.000,0,0,0,
132516916000,0.000,0,1230.000,20,1220.000,5,1080.000,1,8.100,9,8.000,1,1240.000,20,1250.000,5,1410.000,1,0.000,0,0.000,0,0,0,
132517916000,0.000,0,1230.000,20,1220.000,5,1080.000,1,8.100,9,8.000,1,1250.000,25,1410.000,1,0.000,0,0.000,0,0.000,0,0,0,
132522417000,0.000,0,1230.000,20,1220.000,5,1080.000,1,8.100,9,8.000,1,1240.000,20,1250.000,5,1410.000,1,0.000,0,0.000,0,0,0,
132524416000,0.000,0,1220.000,25,1080.000,1,8.100,9,8.000,1,2.300,25,1240.000,20,1250.000,5,1410.000,1,0.000,0,0.000,0,0,0,
132529167000,0.000,0,1230.000,20,1220.000,5,1080.000,1,8.100,9,8.000,1,1240.000,20,1250.000,5,1410.000,1,0.000,0,0.000,0,0,0,
132530166000,0.000,0,1230.000,20,1220.000,5,1080.000,1,8.100,9,8.000,1,1250.000,25,1410.000,1,0.000,0,0.000,0,0.000,0,0,0,
132531166000,0.000,0,1230.000,20,1220.000,5,1080.000,1,8.100,9,8.000,1,1240.000,20,1250.000,5,1410.000,1,0.000,0,0.000,0,0,0,
132532917000,0.000,0,1220.000,25,1080.000,1,8.100,9,8.000,1,2.300,25,1240.000,20,1250.000,5,1410.000,1,0.000,0,0.000,0,0,0,
132537048000,0.000,0,1230.000,20,1220.000,5,1080.000,1,8.100,9,8.000,1,1240.000,20,1250.000,5,1410.000,1,0.000,0,0.000,0,0,0,
132540419000,0.000,0,1220.000,5,1080.000,1,8.100,9,8.000,1,2.300,25,1250.000,5,1410.000,1,0.000,0,0.000,0,0.000,0,0,0,
132541417000,0.000,0,1230.000,20,1220.000,5,1080.000,1,8.100,9,8.000,1,1250.000,25,1410.000,1,0.000,0,0.000,0,0.000,0,0,0,
132547049000,0.000,0,1230.000,20,1220.000,5,1080.000,1,8.100,9,8.000,1,1270.000,20,1410.000,1,0.000,0,0.000,0,0.000,0,0,0,
132625418000,0.000,0,1240.000,20,1220.000,5,1080.000,1,8.100,9,8.000,1,1280.000,20,1410.000,1,0.000,0,0.000,0,0.000,0,0,0,
132627917000,0.000,0,1230.000,20,1220.000,5,1080.000,1,8.100,9,8.000,1,1270.000,20,1410.000,1,0.000,0,0.000,0,0.000,0,0,0,
132634417000,0.000,0,1240.000,20,1220.000,5,1080.000,1,8.100,9,8.000,1,1280.000,20,1410.000,1,0.000,0,0.000,0,0.000,0,0,0,
132647918000,0.000,0,1230.000,20,1220.000,5,1080.000,1,8.100,9,8.000,1,1270.000,20,1410.000,1,0.000,0,0.000,0,0.000,0,0,0,
132648917000,0.000,0,1240.000,20,1220.000,5,1080.000,1,8.100,9,8.000,1,1280.000,20,1410.000,1,0.000,0,0.000,0,0.000,0,0,0,
132657916000,0.000,0,1230.000,20,1220.000,5,1080.000,1,8.100,9,8.000,1,1270.000,20,1410.000,1,0.000,0,0.000,0,0.000,0,0,0,
132658917000,0.000,0,1240.000,20,1220.000,5,1080.000,1,8.100,9,8.000,1,1280.000,20,1410.000,1,0.000,0,0.000,0,0.000,0,0,0,
132710666000,0.000,0,1240.000,20,1080.000,1,8.100,9,8.000,1,2.300,25,1280.000,20,1410.000,1,0.000,0,0.000,0,0.000,0,0,0,
132714542000,0.000,0,1230.000,20,1080.000,1,8.100,9,8.000,1,2.300,25,1270.000,20,1410.000,1,0.000,0,0.000,0,0.000,0,0,0,
132717542000,0.000,0,1240.000,20,1080.000,1,8.100,9,8.000,1,2.300,25,1280.000,20,1410.000,1,0.000,0,0.000,0,0.000,0,0,0,
132732543000,0.000,0,1230.000,20,1080.000,1,8.100,9,8.000,1,2.300,25,1270.000,20,1410.000,1,0.000,0,0.000,0,0.000,0,0,0,
132755542000,0.000,0,1240.000,20,1080.000,1,8.100,9,8.000,1,2.300,25,1280.000,20,1410.000,1,0.000,0,0.000,0,0.000,0,0,0,
132756542000,0.000,0,1230.000,20,1080.000,1,8.100,9,8.000,1,2.300,25,1270.000,20,1410.000,1,0.000,0,0.000,0,0.000,0,0,0,
132806416000,0.000,0,1230.000,25,1080.000,1,8.100,9,8.000,1,2.300,25,1270.000,20,1410.000,1,0.000,0,0.000,0,0.000,0,0,0,
132807043000,0.000,0,1240.000,20,1230.000,5,1080.000,1,8.100,9,8.000,1,1280.000,20,1410.000,1,0.000,0,0.000,0,0.000,0,0,0,
132840791000,0.000,0,1240.000,20,1230.000,5,1080.000,1,8.100,9,8.000,1,1270.000,5,1280.000,20,1410.000,1,0.000,0,0.000,0,0,0,
132841042000,0.000,0,1240.000,20,1230.000,5,1080.000,1,8.100,9,8.000,1,1260.000,20,1270.000,5,1410.000,1,0.000,0,0.000,0,0,0,
132930416000,0.000,0,1240.000,20,1080.000,1,8.100,9,8.000,1,2.300,25,1260.000,20,1270.000,5,1410.000,1,0.000,0,0.000,0,0,0,
132930541000,0.000,0,1240.000,25,1080.000,1,8.100,9,8.000,1,2.300,25,1260.000,20,1270.000,5,1410.000,1,0.000,0,0.000,0,0,0,
133027173000,0.000,0,1220.000,20,1080.000,1,8.100,9,8.000,1,2.300,25,1260.000,20,1270.000,5,1410.000,1,0.000,0,0.000,0,0,0,
133125416000,0.000,0,1230.000,5,1220.000,20,1080.000,1,8.100,9,8.000,1,1260.000,20,1410.000,1,0.000,0,0.000,0,0.000,0,0,0,
133125666000,0.000,0,1230.000,25,1080.000,1,8.100,9,8.000,1,2.300,25,1270.000,20,1410.000,1,0.000,0,0.000,0,0.000,0,0,0,
133155792000,0.000,0,1230.000,25,1080.000,1,8.100,9,8.000,1,2.300,25,1260.000,5,1270.000,20,1410.000,1,0.000,0,0.000,0,0,0,
133156042000,0.000,0,1230.000,25,1080.000,1,8.100,9,8.000,1,2.300,25,1250.000,20,1260.000,5,1410.000,1,0.000,0,0.000,0,0,0,
133301670000,0.000,0,1240.000,20,1230.000,5,1080.000,1,8.100,9,8.000,1,1260.000,25,1410.000,1,0.000,0,0.000,0,0.000,0,0,0,
133322666000,0.000,0,1230.000,25,1080.000,1,8.100,9,8.000,1,2.300,25,1260.000,25,1410.000,1,0.000,0,0.000,0,0.000,0,0,0,
133323666000,0.000,0,1230.000,25,1080.000,1,8.100,9,8.000,1,2.300,25,1250.000,20,1260.000,5,1410.000,1,0.000,0,0.000,0,0,0,
133324166000,0.000,0,1230.000,25,1080.000,1,8.100,9,8.000,1,2.300,25,1260.000,25,1410.000,1,0.000,0,0.000,0,0.000,0,0,0,
133327666000,0.000,0,1230.000,25,1080.000,1,8.100,9,8.000,1,2.300,25,1250.000,20,1260.000,5,1410.000,1,0.000,0,0.000,0,0,0,
133328417000,0.000,0,1230.000,25,1080.000,1,8.100,9,8.000,1,2.300,25,1260.000,25,1410.000,1,0.000,0,0.000,0,0.000,0,0,0,
133329416000,0.000,0,1240.000,20,1230.000,5,1080.000,1,8.100,9,8.000,1,1260.000,25,1410.000,1,0.000,0,0.000,0,0.000,0,0,0,
133354667000,0.000,0,1230.000,25,1080.000,1,8.100,9,8.000,1,2.300,25,1260.000,25,1410.000,1,0.000,0,0.000,0,0.000,0,0,0,
133357917000,0.000,0,1240.000,20,1230.000,5,1080.000,1,8.100,9,8.000,1,1260.000,25,1410.000,1,0.000,0,0.000,0,0.000,0,0,0,
133501420000,0.000,0,1240.000,20,1230.000,5,1080.000,1,8.100,9,8.000,1,1260.000,20,1410.000,1,0.000,0,0.000,0,0.000,0,0,0,
133501792000,0.000,0,1240.000,20,1230.000,5,1080.000,1,8.100,9,8.000,1,1280.000,20,1410.000,1,0.000,0,0.000,0,0.000,0,0,0,
133533416000,0.000,0,1240.000,20,1230.000,5,1080.000,1,8.100,9,8.000,1,1270.000,5,1280.000,20,1410.000,1,0.000,0,0.000,0,0,0,
133534166000,0.000,0,1240.000,20,1230.000,5,1080.000,1,8.100,9,8.000,1,1260.000,20,1270.000,5,1410.000,1,0.000,0,0.000,0,0,0,
134144916000,0.000,0,1230.000,25,1080.000,1,8.100,9,8.000,1,2.300,25,1260.000,20,1270.000,5,1410.000,1,0.000,0,0.000,0,0,0,
134146916000,0.000,0,1240.000,20,1230.000,5,1080.000,1,8.100,9,8.000,1,1260.000,20,1270.000,5,1410.000,1,0.000,0,0.000,0,0,0,
134147916000,0.000,0,1230.000,25,1080.000,1,8.100,9,8.000,1,2.300,25,1260.000,20,1270.000,5,1410.000,1,0.000,0,0.000,0,0,0,
134151666000,0.000,0,1230.000,25,1080.000,1,8.100,9,8.000,1,2.300,25,1260.000,25,1410.000,1,0.000,0,0.000,0,0.000,0,0,0,
134200667000,0.000,0,1240.000,20,1230.000,5,1080.000,1,8.100,9,8.000,1,1260.000,25,1410.000,1,0.000,0,0.000,0,0.000,0,0,0,
134208916000,0.000,0,1230.000,25,1080.000,1,8.100,9,8.000,1,2.300,25,1260.000,25,1410.000,1,0.000,0,0.000,0,0.000,0,0,0,
134401792000,0.000,0,1240.000,20,1230.000,5,1080.000,1,8.100,9,8.000,1,1260.000,25,1410.000,1,0.000,0,0.000,0,0.000,0,0,0,
134412918000,0.000,0,1230.000,25,1080.000,1,8.100,9,8.000,1,2.300,25,1260.000,25,1410.000,1,0.000,0,0.000,0,0.000,0,0,0,
134455050000,0.000,0,1080.000,1,8.100,9,8.000,1,2.300,25,2.200,10,1410.000,1,0.000,0,0.000,0,0.000,0,0.000,0,0,0,
