Time,Last,Vol,BID1,BIDSZ1,BID2,BIDSZ2,BID3,BIDSZ3,BID4,BIDSZ4,BID5,BIDSZ5,ASK1,ASKSZ1,ASK2,ASKSZ2,ASK3,ASKSZ3,ASK4,ASKSZ4,ASK5,ASKSZ5,Tick,Volume,LastTime
83005202000,0.000,0,0,0,0,0,0,0,0,0,0,0,0,0,0,0,0,0,0,0,0,0,1,0,83005000000
83005202000,0.000,0,8.000,1,0.000,0,0.000,0,0.000,0,0.000,0,0.000,0,0.000,0,0.000,0,0.000,0,0.000,0,0,0,
83010204000,0.000,0,8.000,1,0.000,0,0.000,0,0.000,0,0.000,0,0.000,0,0.000,0,0.000,0,0.000,0,0.000,0,1,0,83010000000
83010204000,0.000,0,8.000,1,0.000,0,0.000,0,0.000,0,0.000,0,0.000,0,0.000,0,0.000,0,0.000,0,0.000,0,0,0,
83015202000,0.000,0,8.000,1,0.000,0,0.000,0,0.000,0,0.000,0,0.000,0,0.000,0,0.000,0,0.000,0,0.000,0,1,0,83015000000
83015202000,0.000,0,8.000,1,0.000,0,0.000,0,0.000,0,0.000,0,0.000,0,0.000,0,0.000,0,0.000,0,0.000,0,0,0,
83020212000,0.000,0,8.000,1,0.000,0,0.000,0,0.000,0,0.000,0,0.000,0,0.000,0,0.000,0,0.000,0,0.000,0,1,0,83020000000
83020212000,0.000,0,8.000,1,0.000,0,0.000,0,0.000,0,0.000,0,0.000,0,0.000,0,0.000,0,0.000,0,0.000,0,0,0,
83025262000,0.000,0,8.000,1,0.000,0,0.000,0,0.000,0,0.000,0,0.000,0,0.000,0,0.000,0,0.000,0,0.000,0,1,0,83025000000
83025262000,0.000,0,8.000,1,0.000,0,0.000,0,0.000,0,0.000,0,0.000,0,0.000,0,0.000,0,0.000,0,0.000,0,0,0,
83030282000,0.000,0,8.000,1,0.000,0,0.000,0,0.000,0,0.000,0,0.000,0,0.000,0,0.000,0,0.000,0,0.000,0,1,0,83030000000
83030282000,0.000,0,8.000,1,0.000,0,0.000,0,0.000,0,0.000,0,0.000,0,0.000,0,0.000,0,0.000,0,0.000,0,0,0,
83035282000,0.000,0,8.000,1,0.000,0,0.000,0,0.000,0,0.000,0,0.000,0,0.000,0,0.000,0,0.000,0,0.000,0,1,0,83035000000
83035282000,0.000,0,8.000,1,0.000,0,0.000,0,0.000,0,0.000,0,0.000,0,0.000,0,0.000,0,0.000,0,0.000,0,0,0,
83040282000,0.000,0,8.000,1,0.000,0,0.000,0,0.000,0,0.000,0,0.000,0,0.000,0,0.000,0,0.000,0,0.000,0,1,0,83040000000
83040282000,0.000,0,8.000,1,0.000,0,0.000,0,0.000,0,0.000,0,0.000,0,0.000,0,0.000,0,0.000,0,0.000,0,0,0,
83045282000,0.000,0,8.000,1,0.000,0,0.000,0,0.000,0,0.000,0,0.000,0,0.000,0,0.000,0,0.000,0,0.000,0,1,0,83045000000
83045282000,0.000,0,8.000,1,0.000,0,0.000,0,0.000,0,0.000,0,0.000,0,0.000,0,0.000,0,0.000,0,0.000,0,0,0,
83050282000,0.000,0,8.000,1,0.000,0,0.000,0,0.000,0,0.000,0,0.000,0,0.000,0,0.000,0,0.000,0,0.000,0,1,0,83050000000
83050282000,0.000,0,8.000,1,0.000,0,0.000,0,0.000,0,0.000,0,0.000,0,0.000,0,0.000,0,0.000,0,0.000,0,0,0,
83055282000,0.000,0,8.000,1,0.000,0,0.000,0,0.000,0,0.000,0,0.000,0,0.000,0,0.000,0,0.000,0,0.000,0,1,0,83055000000
83055282000,0.000,0,8.000,1,0.000,0,0.000,0,0.000,0,0.000,0,0.000,0,0.000,0,0.000,0,0.000,0,0.000,0,0,0,
83100282000,0.000,0,8.000,1,0.000,0,0.000,0,0.000,0,0.000,0,0.000,0,0.000,0,0.000,0,0.000,0,0.000,0,1,0,83100000000
83100282000,0.000,0,8.000,1,0.000,0,0.000,0,0.000,0,0.000,0,0.000,0,0.000,0,0.000,0,0.000,0,0.000,0,0,0,
83105332000,0.000,0,8.000,1,0.000,0,0.000,0,0.000,0,0.000,0,0.000,0,0.000,0,0.000,0,0.000,0,0.000,0,1,0,83105000000
83105332000,0.000,0,8.000,1,0.000,0,0.000,0,0.000,0,0.000,0,0.000,0,0.000,0,0.000,0,0.000,0,0.000,0,0,0,
83110342000,0.000,0,8.000,1,0.000,0,0.000,0,0.000,0,0.000,0,0.000,0,0.000,0,0.000,0,0.000,0,0.000,0,1,0,83110000000
83110342000,0.000,0,8.000,1,0.000,0,0.000,0,0.000,0,0.000,0,0.000,0,0.000,0,0.000,0,0.000,0,0.000,0,0,0,
83115342000,0.000,0,8.000,1,0.000,0,0.000,0,0.000,0,0.000,0,0.000,0,0.000,0,0.000,0,0.000,0,0.000,0,1,0,83115000000
83115342000,0.000,0,8.000,1,0.000,0,0.000,0,0.000,0,0.000,0,0.000,0,0.000,0,0.000,0,0.000,0,0.000,0,0,0,
83120342000,0.000,0,8.000,1,0.000,0,0.000,0,0.000,0,0.000,0,0.000,0,0.000,0,0.000,0,0.000,0,0.000,0,1,0,83120000000
83120342000,0.000,0,8.000,1,0.000,0,0.000,0,0.000,0,0.000,0,0.000,0,0.000,0,0.000,0,0.000,0,0.000,0,0,0,
83125342000,0.000,0,8.000,1,0.000,0,0.000,0,0.000,0,0.000,0,0.000,0,0.000,0,0.000,0,0.000,0,0.000,0,1,0,83125000000
83125342000,0.000,0,8.000,1,0.000,0,0.000,0,0.000,0,0.000,0,0.000,0,0.000,0,0.000,0,0.000,0,0.000,0,0,0,
83130342000,0.000,0,8.000,1,0.000,0,0.000,0,0.000,0,0.000,0,0.000,0,0.000,0,0.000,0,0.000,0,0.000,0,1,0,83130000000
83130342000,0.000,0,8.000,1,0.000,0,0.000,0,0.000,0,0.000,0,0.000,0,0.000,0,0.000,0,0.000,0,0.000,0,0,0,
83135342000,0.000,0,8.000,1,0.000,0,0.000,0,0.000,0,0.000,0,0.000,0,0.000,0,0.000,0,0.000,0,0.000,0,1,0,83135000000
83135342000,0.000,0,8.000,1,0.000,0,0.000,0,0.000,0,0.000,0,0.000,0,0.000,0,0.000,0,0.000,0,0.000,0,0,0,
83140342000,0.000,0,8.000,1,0.000,0,0.000,0,0.000,0,0.000,0,0.000,0,0.000,0,0.000,0,0.000,0,0.000,0,1,0,83140000000
83140342000,0.000,0,8.000,1,0.000,0,0.000,0,0.000,0,0.000,0,0.000,0,0.000,0,0.000,0,0.000,0,0.000,0,0,0,
83145342000,0.000,0,8.000,1,0.000,0,0.000,0,0.000,0,0.000,0,0.000,0,0.000,0,0.000,0,0.000,0,0.000,0,1,0,83145000000
83145342000,0.000,0,8.000,1,0.000,0,0.000,0,0.000,0,0.000,0,0.000,0,0.000,0,0.000,0,0.000,0,0.000,0,0,0,
83150342000,0.000,0,8.000,1,0.000,0,0.000,0,0.000,0,0.000,0,0.000,0,0.000,0,0.000,0,0.000,0,0.000,0,1,0,83150000000
83150342000,0.000,0,8.000,1,0.000,0,0.000,0,0.000,0,0.000,0,0.000,0,0.000,0,0.000,0,0.000,0,0.000,0,0,0,
83155342000,0.000,0,8.000,1,0.000,0,0.000,0,0.000,0,0.000,0,0.000,0,0.000,0,0.000,0,0.000,0,0.000,0,1,0,83155000000
83155342000,0.000,0,8.000,1,0.000,0,0.000,0,0.000,0,0.000,0,0.000,0,0.000,0,0.000,0,0.000,0,0.000,0,0,0,
83200352000,0.000,0,8.000,1,0.000,0,0.000,0,0.000,0,0.000,0,0.000,0,0.000,0,0.000,0,0.000,0,0.000,0,1,0,83200000000
83200352000,0.000,0,8.000,1,0.000,0,0.000,0,0.000,0,0.000,0,0.000,0,0.000,0,0.000,0,0.000,0,0.000,0,0,0,
83205353000,0.000,0,8.000,1,0.000,0,0.000,0,0.000,0,0.000,0,0.000,0,0.000,0,0.000,0,0.000,0,0.000,0,1,0,83205000000
83205353000,0.000,0,8.000,1,0.000,0,0.000,0,0.000,0,0.000,0,0.000,0,0.000,0,0.000,0,0.000,0,0.000,0,0,0,
83210372000,0.000,0,8.000,1,0.000,0,0.000,0,0.000,0,0.000,0,0.000,0,0.000,0,0.000,0,0.000,0,0.000,0,1,0,83210000000
83210372000,0.000,0,8.000,1,0.000,0,0.000,0,0.000,0,0.000,0,0.000,0,0.000,0,0.000,0,0.000,0,0.000,0,0,0,
83215373000,0.000,0,8.000,1,0.000,0,0.000,0,0.000,0,0.000,0,0.000,0,0.000,0,0.000,0,0.000,0,0.000,0,1,0,83215000000
83215373000,0.000,0,8.000,1,0.000,0,0.000,0,0.000,0,0.000,0,0.000,0,0.000,0,0.000,0,0.000,0,0.000,0,0,0,
83220383000,0.000,0,8.000,1,0.000,0,0.000,0,0.000,0,0.000,0,0.000,0,0.000,0,0.000,0,0.000,0,0.000,0,1,0,83220000000
83220383000,0.000,0,8.000,1,0.000,0,0.000,0,0.000,0,0.000,0,0.000,0,0.000,0,0.000,0,0.000,0,0.000,0,0,0,
83225403000,0.000,0,8.000,1,0.000,0,0.000,0,0.000,0,0.000,0,0.000,0,0.000,0,0.000,0,0.000,0,0.000,0,1,0,83225000000
83225403000,0.000,0,8.000,1,0.600,39,0.000,0,0.000,0,0.000,0,0.000,0,0.000,0,0.000,0,0.000,0,0.000,0,0,0,
83230403000,0.000,0,8.000,1,0.600,39,0.000,0,0.000,0,0.000,0,0.000,0,0.000,0,0.000,0,0.000,0,0.000,0,1,0,83230000000
83230403000,0.000,0,8.000,1,0.600,39,0.000,0,0.000,0,0.000,0,0.000,0,0.000,0,0.000,0,0.000,0,0.000,0,0,0,
83235403000,0.000,0,8.000,1,0.600,39,0.000,0,0.000,0,0.000,0,0.000,0,0.000,0,0.000,0,0.000,0,0.000,0,1,0,83235000000
83235403000,0.000,0,8.000,1,0.600,39,0.000,0,0.000,0,0.000,0,0.000,0,0.000,0,0.000,0,0.000,0,0.000,0,0,0,
83240403000,0.000,0,8.000,1,0.600,39,0.000,0,0.000,0,0.000,0,0.000,0,0.000,0,0.000,0,0.000,0,0.000,0,1,0,83240000000
83240403000,0.000,0,8.000,1,0.600,39,0.000,0,0.000,0,0.000,0,0.000,0,0.000,0,0.000,0,0.000,0,0.000,0,0,0,
83245412000,0.000,0,8.000,1,0.600,39,0.000,0,0.000,0,0.000,0,0.000,0,0.000,0,0.000,0,0.000,0,0.000,0,1,0,83245000000
83245412000,0.000,0,8.000,1,0.600,39,0.000,0,0.000,0,0.000,0,0.000,0,0.000,0,0.000,0,0.000,0,0.000,0,0,0,
83250403000,0.000,0,8.000,1,0.600,39,0.000,0,0.000,0,0.000,0,0.000,0,0.000,0,0.000,0,0.000,0,0.000,0,1,0,83250000000
83250403000,0.000,0,8.000,1,0.600,39,0.000,0,0.000,0,0.000,0,0.000,0,0.000,0,0.000,0,0.000,0,0.000,0,0,0,
83255403000,0.000,0,8.000,1,0.600,39,0.000,0,0.000,0,0.000,0,0.000,0,0.000,0,0.000,0,0.000,0,0.000,0,1,0,83255000000
83255403000,0.000,0,8.000,1,0.600,39,0.000,0,0.000,0,0.000,0,0.000,0,0.000,0,0.000,0,0.000,0,0.000,0,0,0,
83300403000,0.000,0,8.000,1,0.600,39,0.000,0,0.000,0,0.000,0,0.000,0,0.000,0,0.000,0,0.000,0,0.000,0,1,0,83300000000
83300403000,0.000,0,8.000,1,0.600,39,0.000,0,0.000,0,0.000,0,0.000,0,0.000,0,0.000,0,0.000,0,0.000,0,0,0,
83305403000,0.000,0,8.000,1,0.600,39,0.000,0,0.000,0,0.000,0,0.000,0,0.000,0,0.000,0,0.000,0,0.000,0,1,0,83305000000
83305403000,0.000,0,8.000,1,0.600,39,0.000,0,0.000,0,0.000,0,0.000,0,0.000,0,0.000,0,0.000,0,0.000,0,0,0,
83310403000,0.000,0,8.000,1,0.600,39,0.000,0,0.000,0,0.000,0,0.000,0,0.000,0,0.000,0,0.000,0,0.000,0,1,0,83310000000
83310403000,0.000,0,8.000,1,0.600,39,0.000,0,0.000,0,0.000,0,0.000,0,0.000,0,0.000,0,0.000,0,0.000,0,0,0,
83315403000,0.000,0,8.000,1,0.600,39,0.000,0,0.000,0,0.000,0,0.000,0,0.000,0,0.000,0,0.000,0,0.000,0,1,0,83315000000
83315403000,0.000,0,8.000,1,0.600,78,0.000,0,0.000,0,0.000,0,0.000,0,0.000,0,0.000,0,0.000,0,0.000,0,0,0,
83320403000,0.000,0,8.000,1,0.600,78,0.000,0,0.000,0,0.000,0,0.000,0,0.000,0,0.000,0,0.000,0,0.000,0,1,0,83320000000
83320403000,0.000,0,8.000,1,0.600,78,0.000,0,0.000,0,0.000,0,0.000,0,0.000,0,0.000,0,0.000,0,0.000,0,0,0,
83325402000,0.000,0,8.000,1,0.600,78,0.000,0,0.000,0,0.000,0,0.000,0,0.000,0,0.000,0,0.000,0,0.000,0,1,0,83325000000
83325402000,0.000,0,8.000,1,0.600,39,0.000,0,0.000,0,0.000,0,0.000,0,0.000,0,0.000,0,0.000,0,0.000,0,0,0,
83330431000,0.000,0,8.000,1,0.600,39,0.000,0,0.000,0,0.000,0,0.000,0,0.000,0,0.000,0,0.000,0,0.000,0,1,0,83330000000
83330431000,0.000,0,8.000,1,0.600,39,0.000,0,0.000,0,0.000,0,0.000,0,0.000,0,0.000,0,0.000,0,0.000,0,0,0,
83335402000,0.000,0,8.000,1,0.600,39,0.000,0,0.000,0,0.000,0,0.000,0,0.000,0,0.000,0,0.000,0,0.000,0,1,0,83335000000
83335402000,0.000,0,8.000,1,0.600,39,0.000,0,0.000,0,0.000,0,0.000,0,0.000,0,0.000,0,0.000,0,0.000,0,0,0,
83340403000,0.000,0,8.000,1,0.600,39,0.000,0,0.000,0,0.000,0,0.000,0,0.000,0,0.000,0,0.000,0,0.000,0,1,0,83340000000
83340403000,0.000,0,8.000,1,0.600,39,0.000,0,0.000,0,0.000,0,0.000,0,0.000,0,0.000,0,0.000,0,0.000,0,0,0,
83345403000,0.000,0,8.000,1,0.600,39,0.000,0,0.000,0,0.000,0,0.000,0,0.000,0,0.000,0,0.000,0,0.000,0,1,0,83345000000
83345403000,0.000,0,8.000,1,0.600,39,0.000,0,0.000,0,0.000,0,0.000,0,0.000,0,0.000,0,0.000,0,0.000,0,0,0,
83350403000,0.000,0,8.000,1,0.600,39,0.000,0,0.000,0,0.000,0,0.000,0,0.000,0,0.000,0,0.000,0,0.000,0,1,0,83350000000
83350403000,0.000,0,8.000,1,0.600,39,0.000,0,0.000,0,0.000,0,0.000,0,0.000,0,0.000,0,0.000,0,0.000,0,0,0,
83355403000,0.000,0,8.000,1,0.600,39,0.000,0,0.000,0,0.000,0,0.000,0,0.000,0,0.000,0,0.000,0,0.000,0,1,0,83355000000
83355403000,0.000,0,8.000,1,0.600,39,0.000,0,0.000,0,0.000,0,0.000,0,0.000,0,0.000,0,0.000,0,0.000,0,0,0,
83400403000,0.000,0,8.000,1,0.600,39,0.000,0,0.000,0,0.000,0,0.000,0,0.000,0,0.000,0,0.000,0,0.000,0,1,0,83400000000
83400403000,0.000,0,8.000,1,0.600,39,0.000,0,0.000,0,0.000,0,0.000,0,0.000,0,0.000,0,0.000,0,0.000,0,0,0,
83405403000,0.000,0,8.000,1,0.600,39,0.000,0,0.000,0,0.000,0,0.000,0,0.000,0,0.000,0,0.000,0,0.000,0,1,0,83405000000
83405403000,0.000,0,8.000,1,0.600,39,0.000,0,0.000,0,0.000,0,0.000,0,0.000,0,0.000,0,0.000,0,0.000,0,0,0,
83410403000,0.000,0,8.000,1,0.600,39,0.000,0,0.000,0,0.000,0,0.000,0,0.000,0,0.000,0,0.000,0,0.000,0,1,0,83410000000
83410403000,0.000,0,8.000,1,0.600,39,0.000,0,0.000,0,0.000,0,0.000,0,0.000,0,0.000,0,0.000,0,0.000,0,0,0,
83415413000,0.000,0,8.000,1,0.600,39,0.000,0,0.000,0,0.000,0,0.000,0,0.000,0,0.000,0,0.000,0,0.000,0,1,0,83415000000
83415413000,0.000,0,8.000,1,0.600,39,0.000,0,0.000,0,0.000,0,0.000,0,0.000,0,0.000,0,0.000,0,0.000,0,0,0,
83420413000,0.000,0,8.000,1,0.600,39,0.000,0,0.000,0,0.000,0,0.000,0,0.000,0,0.000,0,0.000,0,0.000,0,1,0,83420000000
83420413000,0.000,0,8.000,1,0.600,39,0.000,0,0.000,0,0.000,0,0.000,0,0.000,0,0.000,0,0.000,0,0.000,0,0,0,
83425413000,0.000,0,8.000,1,0.600,39,0.000,0,0.000,0,0.000,0,0.000,0,0.000,0,0.000,0,0.000,0,0.000,0,1,0,83425000000
83425413000,0.000,0,8.000,1,0.600,39,0.000,0,0.000,0,0.000,0,0.000,0,0.000,0,0.000,0,0.000,0,0.000,0,0,0,
83430413000,0.000,0,8.000,1,0.600,39,0.000,0,0.000,0,0.000,0,0.000,0,0.000,0,0.000,0,0.000,0,0.000,0,1,0,83430000000
83430413000,0.000,0,8.000,1,0.600,39,0.000,0,0.000,0,0.000,0,0.000,0,0.000,0,0.000,0,0.000,0,0.000,0,0,0,
83435412000,0.000,0,8.000,1,0.600,39,0.000,0,0.000,0,0.000,0,0.000,0,0.000,0,0.000,0,0.000,0,0.000,0,1,0,83435000000
83435412000,0.000,0,8.000,1,0.600,39,0.000,0,0.000,0,0.000,0,0.000,0,0.000,0,0.000,0,0.000,0,0.000,0,0,0,
83440412000,0.000,0,8.000,1,0.600,39,0.000,0,0.000,0,0.000,0,0.000,0,0.000,0,0.000,0,0.000,0,0.000,0,1,0,83440000000
83440412000,0.000,0,8.000,1,0.600,39,0.000,0,0.000,0,0.000,0,0.000,0,0.000,0,0.000,0,0.000,0,0.000,0,0,0,
83445413000,0.000,0,8.000,1,0.600,39,0.000,0,0.000,0,0.000,0,0.000,0,0.000,0,0.000,0,0.000,0,0.000,0,1,0,83445000000
83445413000,0.000,0,8.000,1,0.600,39,0.000,0,0.000,0,0.000,0,0.000,0,0.000,0,0.000,0,0.000,0,0.000,0,0,0,
83450413000,0.000,0,8.000,1,0.600,39,0.000,0,0.000,0,0.000,0,0.000,0,0.000,0,0.000,0,0.000,0,0.000,0,1,0,83450000000
83450413000,0.000,0,8.000,1,0.600,39,0.000,0,0.000,0,0.000,0,0.000,0,0.000,0,0.000,0,0.000,0,0.000,0,0,0,
83455413000,0.000,0,8.000,1,0.600,39,0.000,0,0.000,0,0.000,0,0.000,0,0.000,0,0.000,0,0.000,0,0.000,0,1,0,83455000000
83455413000,0.000,0,8.000,1,0.600,39,0.000,0,0.000,0,0.000,0,0.000,0,0.000,0,0.000,0,0.000,0,0.000,0,0,0,
83500413000,0.000,0,8.000,1,0.600,39,0.000,0,0.000,0,0.000,0,0.000,0,0.000,0,0.000,0,0.000,0,0.000,0,1,0,83500000000
83500413000,0.000,0,8.000,1,0.600,39,0.000,0,0.000,0,0.000,0,0.000,0,0.000,0,0.000,0,0.000,0,0.000,0,0,0,
83505413000,0.000,0,8.000,1,0.600,39,0.000,0,0.000,0,0.000,0,0.000,0,0.000,0,0.000,0,0.000,0,0.000,0,1,0,83505000000
83505413000,0.000,0,8.000,1,0.600,39,0.000,0,0.000,0,0.000,0,0.000,0,0.000,0,0.000,0,0.000,0,0.000,0,0,0,
83510413000,0.000,0,8.000,1,0.600,39,0.000,0,0.000,0,0.000,0,0.000,0,0.000,0,0.000,0,0.000,0,0.000,0,1,0,83510000000
83510413000,0.000,0,8.000,1,0.600,39,0.000,0,0.000,0,0.000,0,0.000,0,0.000,0,0.000,0,0.000,0,0.000,0,0,0,
83515413000,0.000,0,8.000,1,0.600,39,0.000,0,0.000,0,0.000,0,0.000,0,0.000,0,0.000,0,0.000,0,0.000,0,1,0,83515000000
83515413000,0.000,0,8.000,1,0.600,39,0.000,0,0.000,0,0.000,0,0.000,0,0.000,0,0.000,0,0.000,0,0.000,0,0,0,
83520413000,0.000,0,8.000,1,0.600,39,0.000,0,0.000,0,0.000,0,0.000,0,0.000,0,0.000,0,0.000,0,0.000,0,1,0,83520000000
83520413000,0.000,0,8.000,1,0.600,39,0.000,0,0.000,0,0.000,0,0.000,0,0.000,0,0.000,0,0.000,0,0.000,0,0,0,
83525413000,0.000,0,8.000,1,0.600,39,0.000,0,0.000,0,0.000,0,0.000,0,0.000,0,0.000,0,0.000,0,0.000,0,1,0,83525000000
83525413000,0.000,0,8.000,1,0.600,39,0.000,0,0.000,0,0.000,0,0.000,0,0.000,0,0.000,0,0.000,0,0.000,0,0,0,
83530413000,0.000,0,8.000,1,0.600,39,0.000,0,0.000,0,0.000,0,0.000,0,0.000,0,0.000,0,0.000,0,0.000,0,1,0,83530000000
83530413000,0.000,0,8.000,1,0.600,39,0.000,0,0.000,0,0.000,0,0.000,0,0.000,0,0.000,0,0.000,0,0.000,0,0,0,
83535413000,0.000,0,8.000,1,0.600,39,0.000,0,0.000,0,0.000,0,0.000,0,0.000,0,0.000,0,0.000,0,0.000,0,1,0,83535000000
83535413000,0.000,0,8.000,1,0.600,39,0.000,0,0.000,0,0.000,0,0.000,0,0.000,0,0.000,0,0.000,0,0.000,0,0,0,
83540413000,0.000,0,8.000,1,0.600,39,0.000,0,0.000,0,0.000,0,0.000,0,0.000,0,0.000,0,0.000,0,0.000,0,1,0,83540000000
83540413000,0.000,0,8.000,1,0.600,39,0.000,0,0.000,0,0.000,0,0.000,0,0.000,0,0.000,0,0.000,0,0.000,0,0,0,
83545413000,0.000,0,8.000,1,0.600,39,0.000,0,0.000,0,0.000,0,0.000,0,0.000,0,0.000,0,0.000,0,0.000,0,1,0,83545000000
83545413000,0.000,0,8.000,1,0.600,39,0.000,0,0.000,0,0.000,0,0.000,0,0.000,0,0.000,0,0.000,0,0.000,0,0,0,
83550413000,0.000,0,8.000,1,0.600,39,0.000,0,0.000,0,0.000,0,0.000,0,0.000,0,0.000,0,0.000,0,0.000,0,1,0,83550000000
83550413000,0.000,0,8.000,1,0.600,39,0.000,0,0.000,0,0.000,0,0.000,0,0.000,0,0.000,0,0.000,0,0.000,0,0,0,
83555413000,0.000,0,8.000,1,0.600,39,0.000,0,0.000,0,0.000,0,0.000,0,0.000,0,0.000,0,0.000,0,0.000,0,1,0,83555000000
83555413000,0.000,0,8.000,1,0.600,39,0.000,0,0.000,0,0.000,0,0.000,0,0.000,0,0.000,0,0.000,0,0.000,0,0,0,
83600413000,0.000,0,8.000,1,0.600,39,0.000,0,0.000,0,0.000,0,0.000,0,0.000,0,0.000,0,0.000,0,0.000,0,1,0,83600000000
83600413000,0.000,0,8.000,1,0.600,39,0.000,0,0.000,0,0.000,0,0.000,0,0.000,0,0.000,0,0.000,0,0.000,0,0,0,
83605413000,0.000,0,8.000,1,0.600,39,0.000,0,0.000,0,0.000,0,0.000,0,0.000,0,0.000,0,0.000,0,0.000,0,1,0,83605000000
83605413000,0.000,0,8.000,1,0.600,39,0.000,0,0.000,0,0.000,0,0.000,0,0.000,0,0.000,0,0.000,0,0.000,0,0,0,
83610413000,0.000,0,8.000,1,0.600,39,0.000,0,0.000,0,0.000,0,0.000,0,0.000,0,0.000,0,0.000,0,0.000,0,1,0,83610000000
83610413000,0.000,0,8.000,1,0.600,39,0.000,0,0.000,0,0.000,0,0.000,0,0.000,0,0.000,0,0.000,0,0.000,0,0,0,
83615413000,0.000,0,8.000,1,0.600,39,0.000,0,0.000,0,0.000,0,0.000,0,0.000,0,0.000,0,0.000,0,0.000,0,1,0,83615000000
83615413000,0.000,0,8.000,1,0.600,39,0.000,0,0.000,0,0.000,0,0.000,0,0.000,0,0.000,0,0.000,0,0.000,0,0,0,
83620413000,0.000,0,8.000,1,0.600,39,0.000,0,0.000,0,0.000,0,0.000,0,0.000,0,0.000,0,0.000,0,0.000,0,1,0,83620000000
83620413000,0.000,0,8.000,1,0.600,39,0.000,0,0.000,0,0.000,0,0.000,0,0.000,0,0.000,0,0.000,0,0.000,0,0,0,
83625413000,0.000,0,8.000,1,0.600,39,0.000,0,0.000,0,0.000,0,0.000,0,0.000,0,0.000,0,0.000,0,0.000,0,1,0,83625000000
83625413000,0.000,0,8.000,1,0.600,39,0.000,0,0.000,0,0.000,0,0.000,0,0.000,0,0.000,0,0.000,0,0.000,0,0,0,
83630413000,0.000,0,8.000,1,0.600,39,0.000,0,0.000,0,0.000,0,0.000,0,0.000,0,0.000,0,0.000,0,0.000,0,1,0,83630000000
83630413000,0.000,0,8.000,1,0.600,39,0.000,0,0.000,0,0.000,0,0.000,0,0.000,0,0.000,0,0.000,0,0.000,0,0,0,
83635413000,0.000,0,8.000,1,0.600,39,0.000,0,0.000,0,0.000,0,0.000,0,0.000,0,0.000,0,0.000,0,0.000,0,1,0,83635000000
83635413000,0.000,0,8.000,1,0.600,39,0.000,0,0.000,0,0.000,0,0.000,0,0.000,0,0.000,0,0.000,0,0.000,0,0,0,
83640413000,0.000,0,8.000,1,0.600,39,0.000,0,0.000,0,0.000,0,0.000,0,0.000,0,0.000,0,0.000,0,0.000,0,1,0,83640000000
83640413000,0.000,0,8.000,1,0.600,39,0.000,0,0.000,0,0.000,0,0.000,0,0.000,0,0.000,0,0.000,0,0.000,0,0,0,
83645413000,0.000,0,8.000,1,0.600,39,0.000,0,0.000,0,0.000,0,0.000,0,0.000,0,0.000,0,0.000,0,0.000,0,1,0,83645000000
83645413000,0.000,0,8.000,1,0.600,39,0.000,0,0.000,0,0.000,0,0.000,0,0.000,0,0.000,0,0.000,0,0.000,0,0,0,
83650412000,0.000,0,8.000,1,0.600,39,0.000,0,0.000,0,0.000,0,0.000,0,0.000,0,0.000,0,0.000,0,0.000,0,1,0,83650000000
83650412000,0.000,0,8.000,1,0.600,39,0.000,0,0.000,0,0.000,0,0.000,0,0.000,0,0.000,0,0.000,0,0.000,0,0,0,
83655412000,0.000,0,8.000,1,0.600,39,0.000,0,0.000,0,0.000,0,0.000,0,0.000,0,0.000,0,0.000,0,0.000,0,1,0,83655000000
83655412000,0.000,0,8.000,1,0.600,39,0.000,0,0.000,0,0.000,0,0.000,0,0.000,0,0.000,0,0.000,0,0.000,0,0,0,
83700413000,0.000,0,8.000,1,0.600,39,0.000,0,0.000,0,0.000,0,0.000,0,0.000,0,0.000,0,0.000,0,0.000,0,1,0,83700000000
83700413000,0.000,0,8.000,1,0.600,39,0.000,0,0.000,0,0.000,0,0.000,0,0.000,0,0.000,0,0.000,0,0.000,0,0,0,
83705413000,0.000,0,8.000,1,0.600,39,0.000,0,0.000,0,0.000,0,0.000,0,0.000,0,0.000,0,0.000,0,0.000,0,1,0,83705000000
83705413000,0.000,0,8.000,1,0.600,39,0.000,0,0.000,0,0.000,0,0.000,0,0.000,0,0.000,0,0.000,0,0.000,0,0,0,
83710413000,0.000,0,8.000,1,0.600,39,0.000,0,0.000,0,0.000,0,0.000,0,0.000,0,0.000,0,0.000,0,0.000,0,1,0,83710000000
83710413000,0.000,0,8.000,1,0.600,39,0.000,0,0.000,0,0.000,0,0.000,0,0.000,0,0.000,0,0.000,0,0.000,0,0,0,
83715413000,0.000,0,8.000,1,0.600,39,0.000,0,0.000,0,0.000,0,0.000,0,0.000,0,0.000,0,0.000,0,0.000,0,1,0,83715000000
83715413000,0.000,0,8.000,1,0.600,39,0.000,0,0.000,0,0.000,0,0.000,0,0.000,0,0.000,0,0.000,0,0.000,0,0,0,
83720413000,0.000,0,8.000,1,0.600,39,0.000,0,0.000,0,0.000,0,0.000,0,0.000,0,0.000,0,0.000,0,0.000,0,1,0,83720000000
83720413000,0.000,0,8.000,1,0.600,39,0.000,0,0.000,0,0.000,0,0.000,0,0.000,0,0.000,0,0.000,0,0.000,0,0,0,
83725413000,0.000,0,8.000,1,0.600,39,0.000,0,0.000,0,0.000,0,0.000,0,0.000,0,0.000,0,0.000,0,0.000,0,1,0,83725000000
83725413000,0.000,0,8.000,1,0.600,39,0.000,0,0.000,0,0.000,0,0.000,0,0.000,0,0.000,0,0.000,0,0.000,0,0,0,
83730413000,0.000,0,8.000,1,0.600,39,0.000,0,0.000,0,0.000,0,0.000,0,0.000,0,0.000,0,0.000,0,0.000,0,1,0,83730000000
83730413000,0.000,0,8.000,1,0.600,39,0.000,0,0.000,0,0.000,0,0.000,0,0.000,0,0.000,0,0.000,0,0.000,0,0,0,
83735413000,0.000,0,8.000,1,0.600,39,0.000,0,0.000,0,0.000,0,0.000,0,0.000,0,0.000,0,0.000,0,0.000,0,1,0,83735000000
83735413000,0.000,0,8.000,1,0.600,39,0.000,0,0.000,0,0.000,0,0.000,0,0.000,0,0.000,0,0.000,0,0.000,0,0,0,
83740413000,0.000,0,8.000,1,0.600,39,0.000,0,0.000,0,0.000,0,0.000,0,0.000,0,0.000,0,0.000,0,0.000,0,1,0,83740000000
83740413000,0.000,0,8.000,1,0.600,39,0.000,0,0.000,0,0.000,0,0.000,0,0.000,0,0.000,0,0.000,0,0.000,0,0,0,
83745413000,0.000,0,8.000,1,0.600,39,0.000,0,0.000,0,0.000,0,0.000,0,0.000,0,0.000,0,0.000,0,0.000,0,1,0,83745000000
83745413000,0.000,0,8.000,1,0.600,39,0.000,0,0.000,0,0.000,0,0.000,0,0.000,0,0.000,0,0.000,0,0.000,0,0,0,
83750413000,0.000,0,8.000,1,0.600,39,0.000,0,0.000,0,0.000,0,0.000,0,0.000,0,0.000,0,0.000,0,0.000,0,1,0,83750000000
83750413000,0.000,0,8.000,1,0.600,39,0.000,0,0.000,0,0.000,0,0.000,0,0.000,0,0.000,0,0.000,0,0.000,0,0,0,
83755413000,0.000,0,8.000,1,0.600,39,0.000,0,0.000,0,0.000,0,0.000,0,0.000,0,0.000,0,0.000,0,0.000,0,1,0,83755000000
83755413000,0.000,0,8.000,1,0.600,39,0.000,0,0.000,0,0.000,0,0.000,0,0.000,0,0.000,0,0.000,0,0.000,0,0,0,
83800413000,0.000,0,8.000,1,0.600,39,0.000,0,0.000,0,0.000,0,0.000,0,0.000,0,0.000,0,0.000,0,0.000,0,1,0,83800000000
83800413000,0.000,0,8.000,1,0.600,39,0.000,0,0.000,0,0.000,0,0.000,0,0.000,0,0.000,0,0.000,0,0.000,0,0,0,
83805413000,0.000,0,8.000,1,0.600,39,0.000,0,0.000,0,0.000,0,0.000,0,0.000,0,0.000,0,0.000,0,0.000,0,1,0,83805000000
83805413000,0.000,0,8.000,1,0.600,39,0.000,0,0.000,0,0.000,0,0.000,0,0.000,0,0.000,0,0.000,0,0.000,0,0,0,
83810413000,0.000,0,8.000,1,0.600,39,0.000,0,0.000,0,0.000,0,0.000,0,0.000,0,0.000,0,0.000,0,0.000,0,1,0,83810000000
83810413000,0.000,0,8.000,1,0.600,39,0.000,0,0.000,0,0.000,0,0.000,0,0.000,0,0.000,0,0.000,0,0.000,0,0,0,
83815413000,0.000,0,8.000,1,0.600,39,0.000,0,0.000,0,0.000,0,0.000,0,0.000,0,0.000,0,0.000,0,0.000,0,1,0,83815000000
83815413000,0.000,0,8.000,1,0.600,39,0.000,0,0.000,0,0.000,0,0.000,0,0.000,0,0.000,0,0.000,0,0.000,0,0,0,
83820413000,0.000,0,8.000,1,0.600,39,0.000,0,0.000,0,0.000,0,0.000,0,0.000,0,0.000,0,0.000,0,0.000,0,1,0,83820000000
83820413000,0.000,0,8.000,1,0.600,39,0.000,0,0.000,0,0.000,0,0.000,0,0.000,0,0.000,0,0.000,0,0.000,0,0,0,
83825413000,0.000,0,8.000,1,0.600,39,0.000,0,0.000,0,0.000,0,0.000,0,0.000,0,0.000,0,0.000,0,0.000,0,1,0,83825000000
83825413000,0.000,0,8.000,1,0.600,39,0.000,0,0.000,0,0.000,0,0.000,0,0.000,0,0.000,0,0.000,0,0.000,0,0,0,
83830437000,0.000,0,8.000,1,0.600,39,0.000,0,0.000,0,0.000,0,0.000,0,0.000,0,0.000,0,0.000,0,0.000,0,1,0,83830000000
83830437000,0.000,0,8.000,1,0.600,39,0.000,0,0.000,0,0.000,0,0.000,0,0.000,0,0.000,0,0.000,0,0.000,0,0,0,
83835413000,0.000,0,8.000,1,0.600,39,0.000,0,0.000,0,0.000,0,0.000,0,0.000,0,0.000,0,0.000,0,0.000,0,1,0,83835000000
83835413000,0.000,0,8.000,1,0.600,39,0.000,0,0.000,0,0.000,0,0.000,0,0.000,0,0.000,0,0.000,0,0.000,0,0,0,
83840413000,0.000,0,8.000,1,0.600,39,0.000,0,0.000,0,0.000,0,0.000,0,0.000,0,0.000,0,0.000,0,0.000,0,1,0,83840000000
83840413000,0.000,0,8.000,1,0.600,39,0.000,0,0.000,0,0.000,0,0.000,0,0.000,0,0.000,0,0.000,0,0.000,0,0,0,
83845413000,0.000,0,8.000,1,0.600,39,0.000,0,0.000,0,0.000,0,0.000,0,0.000,0,0.000,0,0.000,0,0.000,0,1,0,83845000000
83845413000,0.000,0,8.000,1,0.600,39,0.000,0,0.000,0,0.000,0,0.000,0,0.000,0,0.000,0,0.000,0,0.000,0,0,0,
83850413000,0.000,0,8.000,1,0.600,39,0.000,0,0.000,0,0.000,0,0.000,0,0.000,0,0.000,0,0.000,0,0.000,0,1,0,83850000000
83850413000,0.000,0,8.000,1,0.600,39,0.000,0,0.000,0,0.000,0,0.000,0,0.000,0,0.000,0,0.000,0,0.000,0,0,0,
83855413000,0.000,0,8.000,1,0.600,39,0.000,0,0.000,0,0.000,0,0.000,0,0.000,0,0.000,0,0.000,0,0.000,0,1,0,83855000000
83855413000,0.000,0,8.000,1,0.600,39,0.000,0,0.000,0,0.000,0,0.000,0,0.000,0,0.000,0,0.000,0,0.000,0,0,0,
83900413000,0.000,0,8.000,1,0.600,39,0.000,0,0.000,0,0.000,0,0.000,0,0.000,0,0.000,0,0.000,0,0.000,0,1,0,83900000000
83900413000,0.000,0,8.000,1,0.600,39,0.000,0,0.000,0,0.000,0,0.000,0,0.000,0,0.000,0,0.000,0,0.000,0,0,0,
83905413000,0.000,0,8.000,1,0.600,39,0.000,0,0.000,0,0.000,0,0.000,0,0.000,0,0.000,0,0.000,0,0.000,0,1,0,83905000000
83905413000,0.000,0,8.000,1,0.600,39,0.000,0,0.000,0,0.000,0,0.000,0,0.000,0,0.000,0,0.000,0,0.000,0,0,0,
83910413000,0.000,0,8.000,1,0.600,39,0.000,0,0.000,0,0.000,0,0.000,0,0.000,0,0.000,0,0.000,0,0.000,0,1,0,83910000000
83910413000,0.000,0,8.000,1,0.600,39,0.000,0,0.000,0,0.000,0,0.000,0,0.000,0,0.000,0,0.000,0,0.000,0,0,0,
83915423000,0.000,0,8.000,1,0.600,39,0.000,0,0.000,0,0.000,0,0.000,0,0.000,0,0.000,0,0.000,0,0.000,0,1,0,83915000000
83915423000,0.000,0,8.000,1,0.600,39,0.000,0,0.000,0,0.000,0,0.000,0,0.000,0,0.000,0,0.000,0,0.000,0,0,0,
83920423000,0.000,0,8.000,1,0.600,39,0.000,0,0.000,0,0.000,0,0.000,0,0.000,0,0.000,0,0.000,0,0.000,0,1,0,83920000000
83920423000,0.000,0,8.000,1,0.600,39,0.000,0,0.000,0,0.000,0,0.000,0,0.000,0,0.000,0,0.000,0,0.000,0,0,0,
83925422000,0.000,0,8.000,1,0.600,39,0.000,0,0.000,0,0.000,0,0.000,0,0.000,0,0.000,0,0.000,0,0.000,0,1,0,83925000000
83925422000,0.000,0,8.000,1,0.600,39,0.000,0,0.000,0,0.000,0,0.000,0,0.000,0,0.000,0,0.000,0,0.000,0,0,0,
83930423000,0.000,0,8.000,1,0.600,39,0.000,0,0.000,0,0.000,0,0.000,0,0.000,0,0.000,0,0.000,0,0.000,0,1,0,83930000000
83930423000,0.000,0,8.000,1,0.600,39,0.000,0,0.000,0,0.000,0,0.000,0,0.000,0,0.000,0,0.000,0,0.000,0,0,0,
83935423000,0.000,0,8.000,1,0.600,39,0.000,0,0.000,0,0.000,0,0.000,0,0.000,0,0.000,0,0.000,0,0.000,0,1,0,83935000000
83935423000,0.000,0,8.000,1,0.600,39,0.000,0,0.000,0,0.000,0,0.000,0,0.000,0,0.000,0,0.000,0,0.000,0,0,0,
83940423000,0.000,0,8.000,1,0.600,39,0.000,0,0.000,0,0.000,0,0.000,0,0.000,0,0.000,0,0.000,0,0.000,0,1,0,83940000000
83940423000,0.000,0,8.000,1,0.600,39,0.000,0,0.000,0,0.000,0,0.000,0,0.000,0,0.000,0,0.000,0,0.000,0,0,0,
83945423000,0.000,0,8.000,1,0.600,39,0.000,0,0.000,0,0.000,0,0.000,0,0.000,0,0.000,0,0.000,0,0.000,0,1,0,83945000000
83945423000,0.000,0,8.000,1,0.600,39,0.000,0,0.000,0,0.000,0,0.000,0,0.000,0,0.000,0,0.000,0,0.000,0,0,0,
83950423000,0.000,0,8.000,1,0.600,39,0.000,0,0.000,0,0.000,0,0.000,0,0.000,0,0.000,0,0.000,0,0.000,0,1,0,83950000000
83950423000,0.000,0,8.000,1,0.600,39,0.000,0,0.000,0,0.000,0,0.000,0,0.000,0,0.000,0,0.000,0,0.000,0,0,0,
83955423000,0.000,0,8.000,1,0.600,39,0.000,0,0.000,0,0.000,0,0.000,0,0.000,0,0.000,0,0.000,0,0.000,0,1,0,83955000000
83955423000,0.000,0,8.000,1,0.600,39,0.000,0,0.000,0,0.000,0,0.000,0,0.000,0,0.000,0,0.000,0,0.000,0,0,0,
84000422000,0.000,0,8.000,1,0.600,39,0.000,0,0.000,0,0.000,0,0.000,0,0.000,0,0.000,0,0.000,0,0.000,0,1,0,84000000000
84000423000,0.000,0,8.000,1,0.600,39,0.000,0,0.000,0,0.000,0,0.000,0,0.000,0,0.000,0,0.000,0,0.000,0,0,0,
84005423000,0.000,0,8.000,1,0.600,39,0.000,0,0.000,0,0.000,0,0.000,0,0.000,0,0.000,0,0.000,0,0.000,0,1,0,84005000000
84005423000,0.000,0,8.000,1,0.600,39,0.000,0,0.000,0,0.000,0,0.000,0,0.000,0,0.000,0,0.000,0,0.000,0,0,0,
84010423000,0.000,0,8.000,1,0.600,39,0.000,0,0.000,0,0.000,0,0.000,0,0.000,0,0.000,0,0.000,0,0.000,0,1,0,84010000000
84010423000,0.000,0,8.000,1,0.600,39,0.000,0,0.000,0,0.000,0,0.000,0,0.000,0,0.000,0,0.000,0,0.000,0,0,0,
84015423000,0.000,0,8.000,1,0.600,39,0.000,0,0.000,0,0.000,0,0.000,0,0.000,0,0.000,0,0.000,0,0.000,0,1,0,84015000000
84015423000,0.000,0,8.000,1,0.600,39,0.000,0,0.000,0,0.000,0,0.000,0,0.000,0,0.000,0,0.000,0,0.000,0,0,0,
84020423000,0.000,0,8.000,1,0.600,39,0.000,0,0.000,0,0.000,0,0.000,0,0.000,0,0.000,0,0.000,0,0.000,0,1,0,84020000000
84020423000,0.000,0,8.000,1,0.600,39,0.000,0,0.000,0,0.000,0,0.000,0,0.000,0,0.000,0,0.000,0,0.000,0,0,0,
84025423000,0.000,0,8.000,1,0.600,39,0.000,0,0.000,0,0.000,0,0.000,0,0.000,0,0.000,0,0.000,0,0.000,0,1,0,84025000000
84025423000,0.000,0,8.000,1,0.600,39,0.000,0,0.000,0,0.000,0,0.000,0,0.000,0,0.000,0,0.000,0,0.000,0,0,0,
84030423000,0.000,0,8.000,1,0.600,39,0.000,0,0.000,0,0.000,0,0.000,0,0.000,0,0.000,0,0.000,0,0.000,0,1,0,84030000000
84030423000,0.000,0,8.000,1,0.600,39,0.000,0,0.000,0,0.000,0,0.000,0,0.000,0,0.000,0,0.000,0,0.000,0,0,0,
84035423000,0.000,0,8.000,1,0.600,39,0.000,0,0.000,0,0.000,0,0.000,0,0.000,0,0.000,0,0.000,0,0.000,0,1,0,84035000000
84035423000,0.000,0,8.000,1,0.600,39,0.000,0,0.000,0,0.000,0,0.000,0,0.000,0,0.000,0,0.000,0,0.000,0,0,0,
84040423000,0.000,0,8.000,1,0.600,39,0.000,0,0.000,0,0.000,0,0.000,0,0.000,0,0.000,0,0.000,0,0.000,0,1,0,84040000000
84040423000,0.000,0,8.000,1,0.600,39,0.000,0,0.000,0,0.000,0,0.000,0,0.000,0,0.000,0,0.000,0,0.000,0,0,0,
84045423000,0.000,0,8.000,1,0.600,39,0.000,0,0.000,0,0.000,0,0.000,0,0.000,0,0.000,0,0.000,0,0.000,0,1,0,84045000000
84045423000,0.000,0,8.000,1,0.600,39,0.000,0,0.000,0,0.000,0,0.000,0,0.000,0,0.000,0,0.000,0,0.000,0,0,0,
84050422000,0.000,0,8.000,1,0.600,39,0.000,0,0.000,0,0.000,0,0.000,0,0.000,0,0.000,0,0.000,0,0.000,0,1,0,84050000000
84050422000,0.000,0,8.000,1,0.600,39,0.000,0,0.000,0,0.000,0,0.000,0,0.000,0,0.000,0,0.000,0,0.000,0,0,0,
84055423000,0.000,0,8.000,1,0.600,39,0.000,0,0.000,0,0.000,0,0.000,0,0.000,0,0.000,0,0.000,0,0.000,0,1,0,84055000000
84055423000,0.000,0,8.000,1,0.600,39,0.000,0,0.000,0,0.000,0,0.000,0,0.000,0,0.000,0,0.000,0,0.000,0,0,0,
84100422000,0.000,0,8.000,1,0.600,39,0.000,0,0.000,0,0.000,0,0.000,0,0.000,0,0.000,0,0.000,0,0.000,0,1,0,84100000000
84100422000,0.000,0,8.000,1,0.600,39,0.000,0,0.000,0,0.000,0,0.000,0,0.000,0,0.000,0,0.000,0,0.000,0,0,0,
84105423000,0.000,0,8.000,1,0.600,39,0.000,0,0.000,0,0.000,0,0.000,0,0.000,0,0.000,0,0.000,0,0.000,0,1,0,84105000000
84105423000,0.000,0,8.000,1,0.600,39,0.000,0,0.000,0,0.000,0,0.000,0,0.000,0,0.000,0,0.000,0,0.000,0,0,0,
84110423000,0.000,0,8.000,1,0.600,39,0.000,0,0.000,0,0.000,0,0.000,0,0.000,0,0.000,0,0.000,0,0.000,0,1,0,84110000000
84110423000,0.000,0,8.000,1,0.600,39,0.000,0,0.000,0,0.000,0,0.000,0,0.000,0,0.000,0,0.000,0,0.000,0,0,0,
84115423000,0.000,0,8.000,1,0.600,39,0.000,0,0.000,0,0.000,0,0.000,0,0.000,0,0.000,0,0.000,0,0.000,0,1,0,84115000000
84115423000,0.000,0,8.000,1,0.600,39,0.000,0,0.000,0,0.000,0,0.000,0,0.000,0,0.000,0,0.000,0,0.000,0,0,0,
84120422000,0.000,0,8.000,1,0.600,39,0.000,0,0.000,0,0.000,0,0.000,0,0.000,0,0.000,0,0.000,0,0.000,0,1,0,84120000000
84120422000,0.000,0,8.000,1,0.600,39,0.000,0,0.000,0,0.000,0,0.000,0,0.000,0,0.000,0,0.000,0,0.000,0,0,0,
84125423000,0.000,0,8.000,1,0.600,39,0.000,0,0.000,0,0.000,0,0.000,0,0.000,0,0.000,0,0.000,0,0.000,0,1,0,84125000000
84125423000,0.000,0,8.000,1,0.600,39,0.000,0,0.000,0,0.000,0,0.000,0,0.000,0,0.000,0,0.000,0,0.000,0,0,0,
84130423000,0.000,0,8.000,1,0.600,39,0.000,0,0.000,0,0.000,0,0.000,0,0.000,0,0.000,0,0.000,0,0.000,0,1,0,84130000000
84130423000,0.000,0,8.000,1,0.600,39,0.000,0,0.000,0,0.000,0,0.000,0,0.000,0,0.000,0,0.000,0,0.000,0,0,0,
84135423000,0.000,0,8.000,1,0.600,39,0.000,0,0.000,0,0.000,0,0.000,0,0.000,0,0.000,0,0.000,0,0.000,0,1,0,84135000000
84135423000,0.000,0,8.000,1,0.600,39,0.000,0,0.000,0,0.000,0,0.000,0,0.000,0,0.000,0,0.000,0,0.000,0,0,0,
84140423000,0.000,0,8.000,1,0.600,39,0.000,0,0.000,0,0.000,0,0.000,0,0.000,0,0.000,0,0.000,0,0.000,0,1,0,84140000000
84140423000,0.000,0,8.000,1,0.600,39,0.000,0,0.000,0,0.000,0,0.000,0,0.000,0,0.000,0,0.000,0,0.000,0,0,0,
84145423000,0.000,0,8.000,1,0.600,39,0.000,0,0.000,0,0.000,0,0.000,0,0.000,0,0.000,0,0.000,0,0.000,0,1,0,84145000000
84145423000,0.000,0,8.000,1,0.600,39,0.000,0,0.000,0,0.000,0,0.000,0,0.000,0,0.000,0,0.000,0,0.000,0,0,0,
84150423000,0.000,0,8.000,1,0.600,39,0.000,0,0.000,0,0.000,0,0.000,0,0.000,0,0.000,0,0.000,0,0.000,0,1,0,84150000000
84150423000,0.000,0,8.000,1,0.600,39,0.000,0,0.000,0,0.000,0,0.000,0,0.000,0,0.000,0,0.000,0,0.000,0,0,0,
84155423000,0.000,0,8.000,1,0.600,39,0.000,0,0.000,0,0.000,0,0.000,0,0.000,0,0.000,0,0.000,0,0.000,0,1,0,84155000000
84155423000,0.000,0,8.000,1,0.600,39,0.000,0,0.000,0,0.000,0,0.000,0,0.000,0,0.000,0,0.000,0,0.000,0,0,0,
84200423000,0.000,0,8.000,1,0.600,39,0.000,0,0.000,0,0.000,0,0.000,0,0.000,0,0.000,0,0.000,0,0.000,0,1,0,84200000000
84200423000,0.000,0,8.000,1,0.600,39,0.000,0,0.000,0,0.000,0,0.000,0,0.000,0,0.000,0,0.000,0,0.000,0,0,0,
84205423000,0.000,0,8.000,1,0.600,39,0.000,0,0.000,0,0.000,0,0.000,0,0.000,0,0.000,0,0.000,0,0.000,0,1,0,84205000000
84205423000,0.000,0,8.000,1,0.600,39,0.000,0,0.000,0,0.000,0,0.000,0,0.000,0,0.000,0,0.000,0,0.000,0,0,0,
84210423000,0.000,0,8.000,1,0.600,39,0.000,0,0.000,0,0.000,0,0.000,0,0.000,0,0.000,0,0.000,0,0.000,0,1,0,84210000000
84210423000,0.000,0,8.000,1,0.600,39,0.000,0,0.000,0,0.000,0,0.000,0,0.000,0,0.000,0,0.000,0,0.000,0,0,0,
84215423000,0.000,0,8.000,1,0.600,39,0.000,0,0.000,0,0.000,0,0.000,0,0.000,0,0.000,0,0.000,0,0.000,0,1,0,84215000000
84215423000,0.000,0,8.000,1,0.600,39,0.000,0,0.000,0,0.000,0,0.000,0,0.000,0,0.000,0,0.000,0,0.000,0,0,0,
84220423000,0.000,0,8.000,1,0.600,39,0.000,0,0.000,0,0.000,0,0.000,0,0.000,0,0.000,0,0.000,0,0.000,0,1,0,84220000000
84220423000,0.000,0,8.000,1,0.600,39,0.000,0,0.000,0,0.000,0,0.000,0,0.000,0,0.000,0,0.000,0,0.000,0,0,0,
84225423000,0.000,0,8.000,1,0.600,39,0.000,0,0.000,0,0.000,0,0.000,0,0.000,0,0.000,0,0.000,0,0.000,0,1,0,84225000000
84225423000,0.000,0,8.000,1,0.600,39,0.000,0,0.000,0,0.000,0,0.000,0,0.000,0,0.000,0,0.000,0,0.000,0,0,0,
84230423000,0.000,0,8.000,1,0.600,39,0.000,0,0.000,0,0.000,0,0.000,0,0.000,0,0.000,0,0.000,0,0.000,0,1,0,84230000000
84230423000,0.000,0,8.000,1,0.600,39,0.000,0,0.000,0,0.000,0,0.000,0,0.000,0,0.000,0,0.000,0,0.000,0,0,0,
84235423000,0.000,0,8.000,1,0.600,39,0.000,0,0.000,0,0.000,0,0.000,0,0.000,0,0.000,0,0.000,0,0.000,0,1,0,84235000000
84235423000,0.000,0,8.000,1,0.600,39,0.000,0,0.000,0,0.000,0,0.000,0,0.000,0,0.000,0,0.000,0,0.000,0,0,0,
84240423000,0.000,0,8.000,1,0.600,39,0.000,0,0.000,0,0.000,0,0.000,0,0.000,0,0.000,0,0.000,0,0.000,0,1,0,84240000000
84240423000,0.000,0,8.000,1,0.600,39,0.000,0,0.000,0,0.000,0,0.000,0,0.000,0,0.000,0,0.000,0,0.000,0,0,0,
84245423000,0.000,0,8.000,1,0.600,39,0.000,0,0.000,0,0.000,0,0.000,0,0.000,0,0.000,0,0.000,0,0.000,0,1,0,84245000000
84245423000,0.000,0,8.000,1,0.600,39,0.000,0,0.000,0,0.000,0,0.000,0,0.000,0,0.000,0,0.000,0,0.000,0,0,0,
84250423000,0.000,0,8.000,1,0.600,39,0.000,0,0.000,0,0.000,0,0.000,0,0.000,0,0.000,0,0.000,0,0.000,0,1,0,84250000000
84250423000,0.000,0,8.000,1,0.600,39,0.000,0,0.000,0,0.000,0,0.000,0,0.000,0,0.000,0,0.000,0,0.000,0,0,0,
84255423000,0.000,0,8.000,1,0.600,39,0.000,0,0.000,0,0.000,0,0.000,0,0.000,0,0.000,0,0.000,0,0.000,0,1,0,84255000000
84255423000,0.000,0,8.000,1,0.600,39,0.000,0,0.000,0,0.000,0,0.000,0,0.000,0,0.000,0,0.000,0,0.000,0,0,0,
84300423000,0.000,0,8.000,1,0.600,39,0.000,0,0.000,0,0.000,0,0.000,0,0.000,0,0.000,0,0.000,0,0.000,0,1,0,84300000000
84300423000,0.000,0,8.000,1,0.600,39,0.000,0,0.000,0,0.000,0,0.000,0,0.000,0,0.000,0,0.000,0,0.000,0,0,0,
84305423000,0.000,0,8.000,1,0.600,39,0.000,0,0.000,0,0.000,0,0.000,0,0.000,0,0.000,0,0.000,0,0.000,0,1,0,84305000000
84305423000,0.000,0,8.000,1,0.600,39,0.000,0,0.000,0,0.000,0,0.000,0,0.000,0,0.000,0,0.000,0,0.000,0,0,0,
84310423000,0.000,0,8.000,1,0.600,39,0.000,0,0.000,0,0.000,0,0.000,0,0.000,0,0.000,0,0.000,0,0.000,0,1,0,84310000000
84310423000,0.000,0,8.000,1,0.600,39,0.000,0,0.000,0,0.000,0,0.000,0,0.000,0,0.000,0,0.000,0,0.000,0,0,0,
84315423000,0.000,0,8.000,1,0.600,39,0.000,0,0.000,0,0.000,0,0.000,0,0.000,0,0.000,0,0.000,0,0.000,0,1,0,84315000000
84315423000,0.000,0,8.100,9,8.000,1,0.600,39,0.000,0,0.000,0,0.000,0,0.000,0,0.000,0,0.000,0,0.000,0,0,0,
84320433000,0.000,0,8.100,9,8.000,1,0.600,39,0.000,0,0.000,0,0.000,0,0.000,0,0.000,0,0.000,0,0.000,0,1,0,84320000000
84320433000,0.000,0,8.100,9,8.000,1,0.600,39,0.000,0,0.000,0,0.000,0,0.000,0,0.000,0,0.000,0,0.000,0,0,0,
84325433000,0.000,0,8.100,9,8.000,1,0.600,39,0.000,0,0.000,0,0.000,0,0.000,0,0.000,0,0.000,0,0.000,0,1,0,84325000000
84325433000,0.000,0,8.100,9,8.000,1,0.600,39,0.000,0,0.000,0,0.000,0,0.000,0,0.000,0,0.000,0,0.000,0,0,0,
84330433000,0.000,0,8.100,9,8.000,1,0.600,39,0.000,0,0.000,0,0.000,0,0.000,0,0.000,0,0.000,0,0.000,0,1,0,84330000000
84330433000,0.000,0,8.100,9,8.000,1,0.600,39,0.000,0,0.000,0,0.000,0,0.000,0,0.000,0,0.000,0,0.000,0,0,0,
84335433000,0.000,0,8.100,9,8.000,1,0.600,39,0.000,0,0.000,0,0.000,0,0.000,0,0.000,0,0.000,0,0.000,0,1,0,84335000000
84335433000,0.000,0,8.100,9,8.000,1,0.600,39,0.000,0,0.000,0,0.000,0,0.000,0,0.000,0,0.000,0,0.000,0,0,0,
84340433000,0.000,0,8.100,9,8.000,1,0.600,39,0.000,0,0.000,0,0.000,0,0.000,0,0.000,0,0.000,0,0.000,0,1,0,84340000000
84340433000,0.000,0,8.100,9,8.000,1,0.600,39,0.000,0,0.000,0,0.000,0,0.000,0,0.000,0,0.000,0,0.000,0,0,0,
84345433000,0.000,0,8.100,9,8.000,1,0.600,39,0.000,0,0.000,0,0.000,0,0.000,0,0.000,0,0.000,0,0.000,0,1,0,84345000000
84345433000,0.000,0,8.100,9,8.000,1,0.600,39,0.000,0,0.000,0,0.000,0,0.000,0,0.000,0,0.000,0,0.000,0,0,0,
84350433000,0.000,0,8.100,9,8.000,1,0.600,39,0.000,0,0.000,0,0.000,0,0.000,0,0.000,0,0.000,0,0.000,0,1,0,84350000000
84350433000,0.000,0,8.100,9,8.000,1,0.600,39,0.000,0,0.000,0,0.000,0,0.000,0,0.000,0,0.000,0,0.000,0,0,0,
84355433000,0.000,0,8.100,9,8.000,1,0.600,39,0.000,0,0.000,0,0.000,0,0.000,0,0.000,0,0.000,0,0.000,0,1,0,84355000000
84355433000,0.000,0,8.100,9,8.000,1,0.600,39,0.000,0,0.000,0,0.000,0,0.000,0,0.000,0,0.000,0,0.000,0,0,0,
84400433000,0.000,0,8.100,9,8.000,1,0.600,39,0.000,0,0.000,0,0.000,0,0.000,0,0.000,0,0.000,0,0.000,0,1,0,84400000000
84400433000,0.000,0,8.100,9,8.000,1,0.600,39,0.000,0,0.000,0,0.000,0,0.000,0,0.000,0,0.000,0,0.000,0,0,0,
84405433000,0.000,0,8.100,9,8.000,1,0.600,39,0.000,0,0.000,0,0.000,0,0.000,0,0.000,0,0.000,0,0.000,0,1,0,84405000000
84405433000,0.000,0,8.100,9,8.000,1,0.600,39,0.000,0,0.000,0,0.000,0,0.000,0,0.000,0,0.000,0,0.000,0,0,0,
84410433000,0.000,0,8.100,9,8.000,1,0.600,39,0.000,0,0.000,0,0.000,0,0.000,0,0.000,0,0.000,0,0.000,0,1,0,84410000000
84410433000,0.000,0,8.100,9,8.000,1,0.600,39,0.000,0,0.000,0,0.000,0,0.000,0,0.000,0,0.000,0,0.000,0,0,0,
84415433000,0.000,0,8.100,9,8.000,1,0.600,39,0.000,0,0.000,0,0.000,0,0.000,0,0.000,0,0.000,0,0.000,0,1,0,84415000000
84415433000,0.000,0,8.100,9,8.000,1,0.600,39,0.000,0,0.000,0,0.000,0,0.000,0,0.000,0,0.000,0,0.000,0,0,0,
84420433000,0.000,0,8.100,9,8.000,1,0.600,39,0.000,0,0.000,0,0.000,0,0.000,0,0.000,0,0.000,0,0.000,0,1,0,84420000000
84420433000,0.000,0,8.100,9,8.000,1,0.600,39,0.000,0,0.000,0,0.000,0,0.000,0,0.000,0,0.000,0,0.000,0,0,0,
84425433000,0.000,0,8.100,9,8.000,1,0.600,39,0.000,0,0.000,0,0.000,0,0.000,0,0.000,0,0.000,0,0.000,0,1,0,84425000000
84425433000,0.000,0,8.100,9,8.000,1,0.600,39,0.000,0,0.000,0,0.000,0,0.000,0,0.000,0,0.000,0,0.000,0,0,0,
84430433000,0.000,0,8.100,9,8.000,1,0.600,39,0.000,0,0.000,0,0.000,0,0.000,0,0.000,0,0.000,0,0.000,0,1,0,84430000000
84430433000,0.000,0,8.100,9,8.000,1,0.600,39,0.000,0,0.000,0,0.000,0,0.000,0,0.000,0,0.000,0,0.000,0,0,0,
84435433000,0.000,0,8.100,9,8.000,1,0.600,39,0.000,0,0.000,0,0.000,0,0.000,0,0.000,0,0.000,0,0.000,0,1,0,84435000000
84435433000,0.000,0,8.100,9,8.000,1,0.600,39,0.000,0,0.000,0,0.000,0,0.000,0,0.000,0,0.000,0,0.000,0,0,0,
84440433000,0.000,0,8.100,9,8.000,1,0.600,39,0.000,0,0.000,0,0.000,0,0.000,0,0.000,0,0.000,0,0.000,0,1,0,84440000000
84440433000,0.000,0,8.100,9,8.000,1,0.600,39,0.000,0,0.000,0,0.000,0,0.000,0,0.000,0,0.000,0,0.000,0,0,0,
84445433000,0.000,0,8.100,9,8.000,1,0.600,39,0.000,0,0.000,0,0.000,0,0.000,0,0.000,0,0.000,0,0.000,0,1,0,84445000000
84445433000,0.000,0,8.100,9,8.000,1,0.600,39,0.000,0,0.000,0,0.000,0,0.000,0,0.000,0,0.000,0,0.000,0,0,0,
84450433000,0.000,0,8.100,9,8.000,1,0.600,39,0.000,0,0.000,0,0.000,0,0.000,0,0.000,0,0.000,0,0.000,0,1,0,84450000000
84450433000,0.000,0,8.100,9,8.000,1,0.600,39,0.000,0,0.000,0,0.000,0,0.000,0,0.000,0,0.000,0,0.000,0,0,0,
84455433000,0.000,0,8.100,9,8.000,1,0.600,39,0.000,0,0.000,0,0.000,0,0.000,0,0.000,0,0.000,0,0.000,0,1,0,84455000000
84455433000,0.000,0,8.100,9,8.000,1,0.600,39,0.000,0,0.000,0,0.000,0,0.000,0,0.000,0,0.000,0,0.000,0,0,0,
84500048000,0.000,0,8.100,9,8.000,1,0.600,39,0.000,0,0.000,0,0.000,0,0.000,0,0.000,0,0.000,0,0.000,0,0,0,
84533541000,0.000,0,14.000,1,8.100,9,8.000,1,0.600,39,0.000,0,0.000,0,0.000,0,0.000,0,0.000,0,0.000,0,0,0,
84659166000,0.000,0,1190.000,3,14.000,1,8.100,9,8.000,1,0.600,39,1490.000,3,0.000,0,0.000,0,0.000,0,0.000,0,0,0,
84811168000,0.000,0,14.000,1,8.100,9,8.000,1,0.600,39,0.000,0,0.000,0,0.000,0,0.000,0,0.000,0,0.000,0,0,0,
84812167000,0.000,0,1190.000,3,14.000,1,8.100,9,8.000,1,0.600,39,1490.000,3,0.000,0,0.000,0,0.000,0,0.000,0,0,0,
84922792000,0.000,0,14.000,1,8.100,9,8.000,1,0.600,39,0.000,0,0.000,0,0.000,0,0.000,0,0.000,0,0.000,0,0,0,
84924041000,0.000,0,1190.000,3,14.000,1,8.100,9,8.000,1,0.600,39,1490.000,3,0.000,0,0.000,0,0.000,0,0.000,0,0,0,
84928292000,0.000,0,1190.000,3,14.000,1,8.100,9,8.000,1,0.600,39,0.000,0,0.000,0,0.000,0,0.000,0,0.000,0,0,0,
84928416000,0.000,0,14.000,1,8.100,9,8.000,1,0.600,39,0.000,0,0.000,0,0.000,0,0.000,0,0.000,0,0.000,0,0,0,
84929041000,0.000,0,1190.000,3,14.000,1,8.100,9,8.000,1,0.600,39,1490.000,3,0.000,0,0.000,0,0.000,0,0.000,0,0,0,
85011417000,0.000,0,14.000,1,8.100,9,8.000,1,0.600,39,0.000,0,0.000,0,0.000,0,0.000,0,0.000,0,0.000,0,0,0,
85011542000,0.000,0,1200.000,3,14.000,1,8.100,9,8.000,1,0.600,39,0.000,0,0.000,0,0.000,0,0.000,0,0.000,0,0,0,
85011666000,0.000,0,1200.000,3,14.000,1,8.100,9,8.000,1,0.600,39,1500.000,3,0.000,0,0.000,0,0.000,0,0.000,0,0,0,
85011791000,0.000,0,1200.000,3,14.000,1,8.100,9,8.000,1,0.600,39,0.000,0,0.000,0,0.000,0,0.000,0,0.000,0,0,0,
85011916000,0.000,0,1200.000,3,14.000,1,8.100,9,8.000,1,0.600,39,1490.000,3,0.000,0,0.000,0,0.000,0,0.000,0,0,0,
85014541000,0.000,0,1190.000,3,14.000,1,8.100,9,8.000,1,0.600,39,1490.000,3,0.000,0,0.000,0,0.000,0,0.000,0,0,0,
85020791000,0.000,0,14.000,1,8.100,9,8.000,1,0.600,39,0.000,0,0.000,0,0.000,0,0.000,0,0.000,0,0.000,0,0,0,
85021792000,0.000,0,1200.000,3,14.000,1,8.100,9,8.000,1,0.600,39,1500.000,3,0.000,0,0.000,0,0.000,0,0.000,0,0,0,
85039291000,0.000,0,14.000,1,8.100,9,8.000,1,0.600,39,0.000,0,0.000,0,0.000,0,0.000,0,0.000,0,0.000,0,0,0,
85039791000,0.000,0,1190.000,3,14.000,1,8.100,9,8.000,1,0.600,39,1490.000,3,0.000,0,0.000,0,0.000,0,0.000,0,0,0,
85124916000,0.000,0,1200.000,1,1190.000,3,14.000,1,8.100,9,8.000,1,1490.000,3,1520.000,1,0.000,0,0.000,0,0.000,0,0,0,
85125916000,0.000,0,1210.000,3,1200.000,1,14.000,1,8.100,9,8.000,1,1490.000,3,1520.000,1,0.000,0,0.000,0,0.000,0,0,0,
85305793000,0.000,0,1200.000,1,14.000,1,8.100,9,8.000,1,0.600,39,1520.000,1,0.000,0,0.000,0,0.000,0,0.000,0,0,0,
85306916000,0.000,0,1210.000,3,1200.000,1,14.000,1,8.100,9,8.000,1,1490.000,3,1520.000,1,0.000,0,0.000,0,0.000,0,0,0,
85314293000,0.000,0,1200.000,1,14.000,1,8.100,9,8.000,1,0.600,39,1520.000,1,0.000,0,0.000,0,0.000,0,0.000,0,0,0,
85315541000,0.000,0,1210.000,3,1200.000,1,14.000,1,8.100,9,8.000,1,1490.000,3,1520.000,1,0.000,0,0.000,0,0.000,0,0,0,
85318418000,0.000,0,1210.000,3,1200.000,1,14.000,1,8.100,9,8.000,1,1520.000,1,0.000,0,0.000,0,0.000,0,0.000,0,0,0,
85318791000,0.000,0,1210.000,3,1200.000,1,14.000,1,8.100,9,8.000,1,1490.000,3,1520.000,1,0.000,0,0.000,0,0.000,0,0,0,
85554542000,0.000,0,1200.000,1,14.000,1,8.100,9,8.000,1,0.600,39,1520.000,1,0.000,0,0.000,0,0.000,0,0.000,0,0,0,
85554668000,0.000,0,1340.000,20,1200.000,1,14.000,1,8.100,9,8.000,1,1380.000,20,1520.000,1,0.000,0,0.000,0,0.000,0,0,0,
85643166000,0.000,0,1210.000,3,1200.000,1,14.000,1,8.100,9,8.000,1,1490.000,3,1520.000,1,0.000,0,0.000,0,0.000,0,0,0,
85644166000,0.000,0,1340.000,20,1210.000,3,1200.000,1,14.000,1,8.100,9,1380.000,20,1490.000,3,1520.000,1,0.000,0,0.000,0,0,0,
85644416000,0.000,0,1340.000,20,1200.000,1,14.000,1,8.100,9,8.000,1,1380.000,20,1520.000,1,0.000,0,0.000,0,0.000,0,0,0,
85645166000,0.000,0,1210.000,3,1200.000,1,14.000,1,8.100,9,8.000,1,1490.000,3,1520.000,1,0.000,0,0.000,0,0.000,0,0,0,
85648541000,0.000,0,1340.000,20,1210.000,3,1200.000,1,14.000,1,8.100,9,1380.000,20,1490.000,3,1520.000,1,0.000,0,0.000,0,0,0,
85650666000,0.000,0,1340.000,20,1200.000,1,14.000,1,8.100,9,8.000,1,1380.000,20,1520.000,1,0.000,0,0.000,0,0.000,0,0,0,
85725168000,0.000,0,1200.000,1,14.000,1,8.100,9,8.000,1,0.600,39,1520.000,1,0.000,0,0.000,0,0.000,0,0.000,0,0,0,
85725291000,0.000,0,1210.000,3,1200.000,1,14.000,1,8.100,9,8.000,1,1490.000,3,1520.000,1,0.000,0,0.000,0,0.000,0,0,0,
85732166000,0.000,0,1340.000,20,1210.000,3,1200.000,1,14.000,1,8.100,9,1380.000,20,1490.000,3,1520.000,1,0.000,0,0.000,0,0,0,
85733916000,0.000,0,1340.000,20,1200.000,1,14.000,1,8.100,9,8.000,1,1380.000,20,1520.000,1,0.000,0,0.000,0,0.000,0,0,0,
85742166000,0.000,0,1200.000,1,14.000,1,8.100,9,8.000,1,0.600,39,1520.000,1,0.000,0,0.000,0,0.000,0,0.000,0,0,0,
85742291000,0.000,0,1210.000,3,1200.000,1,14.000,1,8.100,9,8.000,1,1490.000,3,1520.000,1,0.000,0,0.000,0,0.000,0,0,0,
85753792000,0.000,0,1210.000,3,1200.000,1,14.000,1,8.100,9,8.000,1,1520.000,1,0.000,0,0.000,0,0.000,0,0.000,0,0,0,
85754167000,0.000,0,1340.000,20,1210.000,3,1200.000,1,14.000,1,8.100,9,1380.000,20,1490.000,3,1520.000,1,0.000,0,0.000,0,0,0,
85755791000,0.000,0,1340.000,20,1200.000,1,14.000,1,8.100,9,8.000,1,1380.000,20,1520.000,1,0.000,0,0.000,0,0.000,0,0,0,
85801166000,0.000,0,1200.000,1,14.000,1,8.100,9,8.000,1,0.600,39,1520.000,1,0.000,0,0.000,0,0.000,0,0.000,0,0,0,
85801291000,0.000,0,1210.000,3,1200.000,1,14.000,1,8.100,9,8.000,1,1490.000,3,1520.000,1,0.000,0,0.000,0,0.000,0,0,0,
85804166000,0.000,0,1340.000,20,1210.000,3,1200.000,1,14.000,1,8.100,9,1380.000,20,1490.000,3,1520.000,1,0.000,0,0.000,0,0,0,
85805041000,0.000,0,1340.000,20,1200.000,1,14.000,1,8.100,9,8.000,1,1380.000,20,1520.000,1,0.000,0,0.000,0,0.000,0,0,0,
85808416000,0.000,0,1340.000,30,1200.000,1,14.000,1,8.100,9,8.000,1,1380.000,30,1520.000,1,0.000,0,0.000,0,0.000,0,0,0,
85826916000,0.000,0,1340.000,30,1200.000,1,14.000,1,8.100,9,8.000,1,1380.000,30,1520.000,1,0.000,0,0.000,0,0.000,0,0,0,
85829666000,0.000,0,1340.000,30,1330.000,5,1200.000,1,14.000,1,8.100,9,1380.000,30,1520.000,1,0.000,0,0.000,0,0.000,0,0,0,
85830791000,0.000,0,1340.000,30,1330.000,5,1200.000,1,14.000,1,8.100,9,1380.000,35,1520.000,1,0.000,0,0.000,0,0.000,0,0,0,
85837291000,0.000,0,1330.000,5,1200.000,1,14.000,1,8.100,9,8.000,1,1380.000,5,1520.000,1,0.000,0,0.000,0,0.000,0,0,0,
85838291000,0.000,0,1330.000,25,1200.000,1,14.000,1,8.100,9,8.000,1,1370.000,20,1380.000,5,1520.000,1,0.000,0,0.000,0,0,0,
85839291000,0.000,0,1340.000,20,1330.000,5,1200.000,1,14.000,1,8.100,9,1370.000,20,1380.000,5,1520.000,1,0.000,0,0.000,0,0,0,
85845291000,0.000,0,1330.000,25,1200.000,1,14.000,1,8.100,9,8.000,1,1370.000,20,1380.000,5,1520.000,1,0.000,0,0.000,0,0,0,
85915916000,0.000,0,1330.000,35,1200.000,1,14.000,1,8.100,9,8.000,1,1370.000,30,1380.000,5,1520.000,1,0.000,0,0.000,0,0,0,
85928917000,0.000,0,1330.000,30,1200.000,1,14.000,1,8.100,9,8.000,1,1370.000,30,1380.000,5,1520.000,1,0.000,0,0.000,0,0,0,
85935541000,0.000,0,1330.000,30,1200.000,1,14.000,1,8.100,9,8.000,1,1370.000,30,1380.000,5,1520.000,1,0.000,0,0.000,0,0,0,
85955166000,0.000,0,1330.000,30,1200.000,1,14.000,1,8.100,9,8.000,1,1370.000,30,1380.000,5,1520.000,1,0.000,0,0.000,0,0,0,
85957666000,0.000,0,1330.000,30,1320.000,5,1200.000,1,14.000,1,8.100,9,1370.000,30,1380.000,5,1520.000,1,0.000,0,0.000,0,0,0,
90000669000,0.000,0,1330.000,20,1320.000,5,1200.000,1,14.000,1,8.100,9,1370.000,20,1380.000,5,1520.000,1,0.000,0,0.000,0,0,0,
90002792000,0.000,0,1340.000,20,1320.000,5,1200.000,1,14.000,1,8.100,9,1380.000,25,1520.000,1,0.000,0,0.000,0,0.000,0,0,0,
90003792000,0.000,0,1330.000,20,1320.000,5,1200.000,1,14.000,1,8.100,9,1370.000,20,1380.000,5,1520.000,1,0.000,0,0.000,0,0,0,
90009292000,0.000,0,1340.000,20,1320.000,5,1200.000,1,14.000,1,8.100,9,1380.000,25,1520.000,1,0.000,0,0.000,0,0.000,0,0,0,
90021292000,0.000,0,1330.000,20,1320.000,5,1200.000,1,14.000,1,8.100,9,1370.000,20,1380.000,5,1520.000,1,0.000,0,0.000,0,0,0,
90029293000,0.000,0,1340.000,20,1320.000,5,1200.000,1,14.000,1,8.100,9,1380.000,25,1520.000,1,0.000,0,0.000,0,0.000,0,0,0,
90039667000,0.000,0,1340.000,20,1320.000,5,1200.000,1,14.000,1,8.100,9,1380.000,20,1520.000,1,0.000,0,0.000,0,0.000,0,0,0,
90040292000,0.000,0,1320.000,5,1200.000,1,14.000,1,8.100,9,8.000,1,1520.000,1,0.000,0,0.000,0,0.000,0,0.000,0,0,0,
90040418000,0.000,0,1320.000,5,1200.000,1,14.000,1,8.100,9,8.000,1,1500.000,3,1520.000,1,0.000,0,0.000,0,0.000,0,0,0,
90050792000,0.000,0,1320.000,5,1200.000,1,14.000,1,8.100,9,8.000,1,1520.000,1,0.000,0,0.000,0,0.000,0,0.000,0,0,0,
90051916000,0.000,0,1320.000,5,1200.000,1,14.000,1,8.100,9,8.000,1,1500.000,3,1520.000,1,0.000,0,0.000,0,0.000,0,0,0,
90054417000,0.000,0,1320.000,5,1200.000,1,14.000,1,8.100,9,8.000,1,1520.000,1,0.000,0,0.000,0,0.000,0,0.000,0,0,0,
90054666000,0.000,0,1320.000,5,1200.000,1,14.000,1,8.100,9,8.000,1,1500.000,3,1520.000,1,0.000,0,0.000,0,0.000,0,0,0,
90058292000,0.000,0,1350.000,20,1320.000,5,1200.000,1,14.000,1,8.100,9,1390.000,20,1500.000,3,1520.000,1,0.000,0,0.000,0,0,0,
90059294000,0.000,0,1320.000,5,1200.000,1,14.000,1,8.100,9,8.000,1,1520.000,1,0.000,0,0.000,0,0.000,0,0.000,0,0,0,
90100166000,0.000,0,1320.000,5,1200.000,1,14.000,1,8.100,9,8.000,1,1500.000,3,1520.000,1,0.000,0,0.000,0,0.000,0,0,0,
90101417000,0.000,0,1320.000,5,1200.000,1,14.000,1,8.100,9,8.000,1,1520.000,1,0.000,0,0.000,0,0.000,0,0.000,0,0,0,
90101916000,0.000,0,1320.000,5,1200.000,1,14.000,1,8.100,9,8.000,1,1500.000,3,1520.000,1,0.000,0,0.000,0,0.000,0,0,0,
90102292000,0.000,0,1350.000,20,1320.000,5,1200.000,1,14.000,1,8.100,9,1390.000,20,1500.000,3,1520.000,1,0.000,0,0.000,0,0,0,
90103917000,0.000,0,1350.000,30,1320.000,5,1200.000,1,14.000,1,8.100,9,1390.000,30,1520.000,1,0.000,0,0.000,0,0.000,0,0,0,
90104293000,0.000,0,1350.000,20,1320.000,5,1200.000,1,14.000,1,8.100,9,1390.000,20,1520.000,1,0.000,0,0.000,0,0.000,0,0,0,
90105292000,0.000,0,1320.000,5,1200.000,1,14.000,1,8.100,9,8.000,1,1520.000,1,0.000,0,0.000,0,0.000,0,0.000,0,0,0,
90106042000,0.000,0,1320.000,5,1200.000,1,14.000,1,8.100,9,8.000,1,1500.000,3,1520.000,1,0.000,0,0.000,0,0.000,0,0,0,
90106166000,0.000,0,1320.000,5,1200.000,1,14.000,1,8.100,9,8.000,1,1520.000,1,0.000,0,0.000,0,0.000,0,0.000,0,0,0,
90106292000,0.000,0,1320.000,5,1200.000,1,14.000,1,8.100,9,8.000,1,1500.000,3,1520.000,1,0.000,0,0.000,0,0.000,0,0,0,
90109292000,0.000,0,1350.000,30,1320.000,5,1200.000,1,14.000,1,8.100,9,1390.000,30,1500.000,3,1520.000,1,0.000,0,0.000,0,0,0,
90110041000,0.000,0,1350.000,30,1320.000,5,1200.000,1,14.000,1,8.100,9,1390.000,30,1520.000,1,0.000,0,0.000,0,0.000,0,0,0,
90111292000,0.000,0,1320.000,5,1200.000,1,14.000,1,8.100,9,8.000,1,1520.000,1,0.000,0,0.000,0,0.000,0,0.000,0,0,0,
90112043000,0.000,0,1320.000,5,1200.000,1,14.000,1,8.100,9,8.000,1,1500.000,3,1520.000,1,0.000,0,0.000,0,0.000,0,0,0,
90114670000,0.000,0,1320.000,5,1200.000,1,14.000,1,8.100,9,8.000,1,1520.000,1,0.000,0,0.000,0,0.000,0,0.000,0,0,0,
90117166000,0.000,0,1320.000,5,1200.000,1,14.000,1,8.100,9,8.000,1,1500.000,3,1520.000,1,0.000,0,0.000,0,0.000,0,0,0,
90120293000,0.000,0,1320.000,5,1200.000,1,14.000,1,8.100,9,8.000,1,1520.000,1,0.000,0,0.000,0,0.000,0,0.000,0,0,0,
90121166000,0.000,0,1320.000,5,1200.000,1,14.000,1,8.100,9,8.000,1,1500.000,3,1520.000,1,0.000,0,0.000,0,0.000,0,0,0,
90121293000,0.000,0,1340.000,20,1320.000,5,1200.000,1,14.000,1,8.100,9,1380.000,20,1500.000,3,1520.000,1,0.000,0,0.000,0,0,0,
90122292000,0.000,0,1340.000,30,1320.000,5,1200.000,1,14.000,1,8.100,9,1380.000,30,1520.000,1,0.000,0,0.000,0,0.000,0,0,0,
90142416000,0.000,0,1340.000,20,1320.000,5,1200.000,1,14.000,1,8.100,9,1380.000,20,1520.000,1,0.000,0,0.000,0,0.000,0,0,0,
90145541000,0.000,0,1340.000,30,1320.000,5,1200.000,1,14.000,1,8.100,9,1380.000,35,1520.000,1,0.000,0,0.000,0,0.000,0,0,0,
90146666000,0.000,0,1340.000,30,1200.000,1,14.000,1,8.100,9,8.000,1,1380.000,35,1520.000,1,0.000,0,0.000,0,0.000,0,0,0,
90147791000,0.000,0,1340.000,30,1330.000,5,1200.000,1,14.000,1,8.100,9,1380.000,35,1520.000,1,0.000,0,0.000,0,0.000,0,0,0,
90205666000,0.000,0,1340.000,20,1330.000,5,1200.000,1,14.000,1,8.100,9,1380.000,25,1520.000,1,0.000,0,0.000,0,0.000,0,0,0,
90222042000,0.000,0,1340.000,30,1330.000,5,1200.000,1,14.000,1,8.100,9,1380.000,35,1520.000,1,0.000,0,0.000,0,0.000,0,0,0,
90222168000,0.000,0,1340.000,20,1330.000,5,1200.000,1,14.000,1,8.100,9,1380.000,25,1520.000,1,0.000,0,0.000,0,0.000,0,0,0,
90231916000,0.000,0,1340.000,30,1330.000,5,1200.000,1,14.000,1,8.100,9,1380.000,35,1520.000,1,0.000,0,0.000,0,0.000,0,0,0,
90248918000,0.000,0,1340.000,30,1330.000,5,1200.000,1,14.000,1,8.100,9,1380.000,30,1520.000,1,0.000,0,0.000,0,0.000,0,0,0,
90251416000,0.000,0,1340.000,30,1330.000,5,1200.000,1,14.000,1,8.100,9,1380.000,30,1520.000,1,0.000,0,0.000,0,0.000,0,0,0,
90254794000,0.000,0,1340.000,20,1330.000,5,1200.000,1,14.000,1,8.100,9,1380.000,20,1520.000,1,0.000,0,0.000,0,0.000,0,0,0,
90255291000,0.000,0,1330.000,5,1200.000,1,14.000,1,8.100,9,8.000,1,1520.000,1,0.000,0,0.000,0,0.000,0,0.000,0,0,0,
90255541000,0.000,0,1330.000,5,1200.000,1,14.000,1,8.100,9,8.000,1,1500.000,3,1520.000,1,0.000,0,0.000,0,0.000,0,0,0,
90301419000,0.000,0,1350.000,20,1330.000,5,1200.000,1,14.000,1,8.100,9,1390.000,20,1500.000,3,1520.000,1,0.000,0,0.000,0,0,0,
90303292000,0.000,0,1350.000,20,1330.000,5,1200.000,1,14.000,1,8.100,9,1390.000,20,1520.000,1,0.000,0,0.000,0,0.000,0,0,0,
90320917000,0.000,0,1350.000,30,1330.000,5,1200.000,1,14.000,1,8.100,9,1390.000,30,1520.000,1,0.000,0,0.000,0,0.000,0,0,0,
90335043000,0.000,0,1350.000,20,1330.000,5,1200.000,1,14.000,1,8.100,9,1390.000,20,1520.000,1,0.000,0,0.000,0,0.000,0,0,0,
90340417000,0.000,0,1350.000,30,1330.000,5,1200.000,1,14.000,1,8.100,9,1390.000,30,1520.000,1,0.000,0,0.000,0,0.000,0,0,0,
90349916000,0.000,0,1350.000,30,1330.000,5,1200.000,1,14.000,1,8.100,9,1390.000,35,1520.000,1,0.000,0,0.000,0,0.000,0,0,0,
90355416000,0.000,0,1350.000,30,1340.000,5,1200.000,1,14.000,1,8.100,9,1390.000,35,1520.000,1,0.000,0,0.000,0,0.000,0,0,0,
90400416000,0.000,0,1350.000,20,1340.000,5,1200.000,1,14.000,1,8.100,9,1390.000,25,1520.000,1,0.000,0,0.000,0,0.000,0,0,0,
90419666000,0.000,0,1350.000,30,1340.000,5,1200.000,1,14.000,1,8.100,9,1390.000,35,1520.000,1,0.000,0,0.000,0,0.000,0,0,0,
90439167000,0.000,0,1350.000,30,1340.000,5,1200.000,1,14.000,1,8.100,9,1390.000,35,1520.000,1,0.000,0,0.000,0,0.000,0,0,0,
90459293000,0.000,0,1350.000,20,1340.000,5,1200.000,1,14.000,1,8.100,9,1390.000,25,1520.000,1,0.000,0,0.000,0,0.000,0,0,0,
90510918000,0.000,0,1350.000,20,1340.000,5,1200.000,1,14.000,1,8.100,9,1390.000,20,1520.000,1,0.000,0,0.000,0,0.000,0,0,0,
90511417000,0.000,0,1340.000,5,1200.000,1,14.000,1,8.100,9,8.000,1,1510.000,3,1520.000,1,0.000,0,0.000,0,0.000,0,0,0,
90517541000,0.000,0,1350.000,20,1340.000,5,1200.000,1,14.000,1,8.100,9,1390.000,20,1510.000,3,1520.000,1,0.000,0,0.000,0,0,0,
90518916000,0.000,0,1350.000,30,1340.000,5,1200.000,1,14.000,1,8.100,9,1390.000,30,1520.000,1,0.000,0,0.000,0,0.000,0,0,0,
90519166000,0.000,0,1350.000,30,1340.000,5,1200.000,1,14.000,1,8.100,9,1390.000,30,1400.000,5,1520.000,1,0.000,0,0.000,0,0,0,
90538166000,0.000,0,1350.000,30,1340.000,5,1200.000,1,14.000,1,8.100,9,1390.000,30,1400.000,5,1520.000,1,0.000,0,0.000,0,0,0,
90544542000,0.000,0,1350.000,10,1340.000,5,1200.000,1,14.000,1,8.100,9,1390.000,10,1400.000,5,1520.000,1,0.000,0,0.000,0,0,0,
90545541000,0.000,0,1350.000,20,1340.000,15,1200.000,1,14.000,1,8.100,9,1380.000,30,1400.000,5,1520.000,1,0.000,0,0.000,0,0,0,
90556543000,0.000,0,1350.000,20,1340.000,5,1200.000,1,14.000,1,8.100,9,1390.000,20,1400.000,5,1520.000,1,0.000,0,0.000,0,0,0,
90646791000,0.000,0,1350.000,30,1340.000,5,1200.000,1,14.000,1,8.100,9,1390.000,30,1400.000,5,1520.000,1,0.000,0,0.000,0,0,0,
90701918000,0.000,0,1350.000,20,1340.000,5,1200.000,1,14.000,1,8.100,9,1390.000,20,1400.000,5,1520.000,1,0.000,0,0.000,0,0,0,
90706541000,0.000,0,1350.000,30,1340.000,5,1200.000,1,14.000,1,8.100,9,1390.000,30,1400.000,5,1520.000,1,0.000,0,0.000,0,0,0,
90724417000,0.000,0,1350.000,40,1340.000,5,1200.000,1,14.000,1,8.100,9,1390.000,40,1400.000,5,1520.000,1,0.000,0,0.000,0,0,0,
90726541000,0.000,0,1350.000,40,1340.000,5,1200.000,1,14.000,1,8.100,9,1390.000,40,1400.000,5,1520.000,1,0.000,0,0.000,0,0,0,
90728793000,0.000,0,1350.000,30,1340.000,5,1200.000,1,14.000,1,8.100,9,1390.000,30,1400.000,5,1520.000,1,0.000,0,0.000,0,0,0,
90735167000,0.000,0,1350.000,39,1340.000,5,1200.000,1,14.000,1,8.100,9,1390.000,30,1400.000,14,1520.000,1,0.000,0,0.000,0,0,0,
90746542000,0.000,0,1360.000,20,1350.000,9,1340.000,5,1200.000,1,14.000,1,1400.000,34,1520.000,1,0.000,0,0.000,0,0.000,0,0,0,
90747541000,0.000,0,1360.000,20,1350.000,9,1340.000,5,1200.000,1,14.000,1,1390.000,20,1400.000,14,1520.000,1,0.000,0,0.000,0,0,0,
90756792000,0.000,0,1360.000,30,1350.000,9,1340.000,5,1200.000,1,14.000,1,1390.000,20,1400.000,24,1520.000,1,0.000,0,0.000,0,0,0,
90757668000,0.000,0,1360.000,20,1350.000,9,1340.000,5,1200.000,1,14.000,1,1390.000,20,1400.000,14,1520.000,1,0.000,0,0.000,0,0,0,
90808667000,0.000,0,1360.000,20,1350.000,9,1340.000,5,1200.000,1,14.000,1,1400.000,34,1520.000,1,0.000,0,0.000,0,0.000,0,0,0,
90810542000,0.000,0,1360.000,20,1350.000,9,1340.000,5,1200.000,1,14.000,1,1390.000,20,1400.000,14,1520.000,1,0.000,0,0.000,0,0,0,
90815291000,0.000,0,1360.000,20,1350.000,19,1340.000,5,1200.000,1,14.000,1,1390.000,30,1400.000,14,1520.000,1,0.000,0,0.000,0,0,0,
90815541000,0.000,0,1360.000,20,1350.000,9,1340.000,5,1200.000,1,14.000,1,1400.000,34,1520.000,1,0.000,0,0.000,0,0.000,0,0,0,
90825041000,0.000,0,1360.000,40,1350.000,9,1340.000,5,1200.000,1,14.000,1,1400.000,54,1520.000,1,0.000,0,0.000,0,0.000,0,0,0,
90844791000,0.000,0,1360.000,40,1350.000,9,1340.000,5,1200.000,1,14.000,1,1400.000,54,1520.000,1,0.000,0,0.000,0,0.000,0,0,0,
90851918000,0.000,0,1360.000,30,1350.000,9,1340.000,5,1200.000,1,14.000,1,1400.000,44,1520.000,1,0.000,0,0.000,0,0.000,0,0,0,
90852541000,0.000,0,1360.000,20,1350.000,9,1340.000,5,1200.000,1,14.000,1,1390.000,20,1400.000,14,1520.000,1,0.000,0,0.000,0,0,0,
90900544000,0.000,0,1360.000,20,1350.000,9,1340.000,5,1200.000,1,14.000,1,1400.000,34,1520.000,1,0.000,0,0.000,0,0.000,0,0,0,
90909542000,0.000,0,1360.000,20,1350.000,9,1340.000,5,1200.000,1,14.000,1,1390.000,20,1400.000,14,1520.000,1,0.000,0,0.000,0,0,0,
90914541000,0.000,0,1360.000,20,1350.000,9,1340.000,5,1200.000,1,14.000,1,1400.000,34,1520.000,1,0.000,0,0.000,0,0.000,0,0,0,
90923417000,0.000,0,1360.000,40,1350.000,9,1340.000,5,1200.000,1,14.000,1,1400.000,54,1520.000,1,0.000,0,0.000,0,0.000,0,0,0,
90930667000,0.000,0,1360.000,30,1350.000,9,1340.000,5,1200.000,1,14.000,1,1400.000,44,1520.000,1,0.000,0,0.000,0,0.000,0,0,0,
90931543000,0.000,0,1350.000,29,1340.000,5,1200.000,1,14.000,1,8.100,9,1390.000,20,1400.000,14,1520.000,1,0.000,0,0.000,0,0,0,
90932917000,0.000,0,1360.000,20,1350.000,9,1340.000,5,1200.000,1,14.000,1,1390.000,20,1400.000,14,1520.000,1,0.000,0,0.000,0,0,0,
90933918000,0.000,0,1350.000,29,1340.000,5,1200.000,1,14.000,1,8.100,9,1390.000,20,1400.000,14,1520.000,1,0.000,0,0.000,0,0,0,
90944668000,0.000,0,1350.000,49,1340.000,5,1200.000,1,14.000,1,8.100,9,1390.000,40,1400.000,14,1520.000,1,0.000,0,0.000,0,0,0,
90948044000,0.000,0,1350.000,49,1340.000,5,1200.000,1,14.000,1,8.100,9,1390.000,40,1400.000,17,1520.000,1,0.000,0,0.000,0,0,0,
90951293000,0.000,0,1350.000,29,1340.000,5,1200.000,1,14.000,1,8.100,9,1390.000,20,1400.000,17,1520.000,1,0.000,0,0.000,0,0,0,
90959292000,0.000,0,1350.000,29,1340.000,5,1200.000,1,14.000,1,8.100,9,1390.000,20,1400.000,14,1520.000,1,0.000,0,0.000,0,0,0,
91001542000,0.000,0,1360.000,20,1350.000,9,1340.000,5,1200.000,1,14.000,1,1390.000,20,1400.000,14,1520.000,1,0.000,0,0.000,0,0,0,
91007668000,0.000,0,1350.000,29,1340.000,5,1200.000,1,14.000,1,8.100,9,1390.000,20,1400.000,14,1520.000,1,0.000,0,0.000,0,0,0,
91010292000,0.000,0,1350.000,29,1340.000,5,1200.000,1,14.000,1,8.100,9,1390.000,20,1400.000,17,1520.000,1,0.000,0,0.000,0,0,0,
91011542000,0.000,0,1350.000,29,1340.000,5,1200.000,1,14.000,1,8.100,9,1390.000,20,1400.000,14,1520.000,1,0.000,0,0.000,0,0,0,
91013042000,0.000,0,1350.000,29,1340.000,5,1200.000,1,14.000,1,8.100,9,1390.000,20,1400.000,17,1520.000,1,0.000,0,0.000,0,0,0,
91020791000,0.000,0,1350.000,29,1340.000,5,1200.000,1,14.000,1,8.100,9,1390.000,20,1400.000,14,1520.000,1,0.000,0,0.000,0,0,0,
91021042000,0.000,0,1350.000,29,1340.000,5,1200.000,1,14.000,1,8.100,9,1390.000,20,1400.000,17,1520.000,1,0.000,0,0.000,0,0,0,
91023916000,0.000,0,1350.000,39,1340.000,5,1200.000,1,14.000,1,8.100,9,1390.000,30,1400.000,14,1520.000,1,0.000,0,0.000,0,0,0,
91025168000,0.000,0,1350.000,39,1340.000,5,1200.000,1,14.000,1,8.100,9,1390.000,30,1400.000,17,1520.000,1,0.000,0,0.000,0,0,0,
91027292000,0.000,0,1350.000,49,1340.000,5,1200.000,1,14.000,1,8.100,9,1390.000,40,1400.000,17,1520.000,1,0.000,0,0.000,0,0,0,
91035292000,0.000,0,1350.000,30,1340.000,5,1200.000,1,14.000,1,8.100,9,1390.000,30,1400.000,17,1520.000,1,0.000,0,0.000,0,0,0,
91035546000,0.000,0,1340.000,5,1200.000,1,14.000,1,8.100,9,8.000,1,1400.000,17,1520.000,1,0.000,0,0.000,0,0.000,0,0,0,
91036042000,0.000,0,1340.000,5,1200.000,1,14.000,1,8.100,9,8.000,1,1400.000,14,1410.000,3,1520.000,1,0.000,0,0.000,0,0,0,
91037667000,0.000,0,1350.000,20,1340.000,5,1200.000,1,14.000,1,8.100,9,1390.000,20,1400.000,14,1410.000,3,1520.000,1,0.000,0,0,0,
91042668000,0.000,0,1340.000,5,1330.000,9,1200.000,1,14.000,1,8.100,9,1400.000,14,1410.000,3,1520.000,1,0.000,0,0.000,0,0,0,
91045042000,0.000,0,1340.000,5,1330.000,9,1200.000,1,14.000,1,8.100,9,1400.000,17,1520.000,1,0.000,0,0.000,0,0.000,0,0,0,
91058668000,0.000,0,1350.000,20,1340.000,5,1330.000,9,1200.000,1,14.000,1,1390.000,20,1400.000,17,1520.000,1,0.000,0,0.000,0,0,0,
91109669000,0.000,0,1340.000,5,1330.000,9,1200.000,1,14.000,1,8.100,9,1400.000,17,1520.000,1,0.000,0,0.000,0,0.000,0,0,0,
91112541000,0.000,0,1340.000,35,1330.000,9,1200.000,1,14.000,1,8.100,9,1380.000,30,1390.000,3,1400.000,14,1520.000,1,0.000,0,0,0,
91113546000,0.000,0,1350.000,20,1340.000,5,1330.000,9,1200.000,1,14.000,1,1380.000,20,1390.000,3,1400.000,14,1520.000,1,0.000,0,0,0,
91114668000,0.000,0,1340.000,25,1330.000,9,1200.000,1,14.000,1,8.100,9,1380.000,20,1390.000,3,1400.000,14,1520.000,1,0.000,0,0,0,
91115667000,0.000,0,1350.000,20,1340.000,5,1330.000,9,1200.000,1,14.000,1,1380.000,20,1400.000,14,1520.000,1,0.000,0,0.000,0,0,0,
91116666000,0.000,0,1350.000,20,1340.000,5,1330.000,9,1200.000,1,14.000,1,1390.000,20,1400.000,17,1520.000,1,0.000,0,0.000,0,0,0,
91121917000,0.000,0,1350.000,30,1340.000,5,1330.000,9,1200.000,1,14.000,1,1390.000,33,1400.000,14,1520.000,1,0.000,0,0.000,0,0,0,
91122541000,0.000,0,1340.000,5,1330.000,9,1200.000,1,14.000,1,8.100,9,1390.000,3,1400.000,14,1520.000,1,0.000,0,0.000,0,0,0,
91123542000,0.000,0,1340.000,35,1330.000,9,1200.000,1,14.000,1,8.100,9,1380.000,30,1390.000,3,1400.000,14,1520.000,1,0.000,0,0,0,
91123667000,0.000,0,1340.000,45,1330.000,9,1200.000,1,14.000,1,8.100,9,1380.000,40,1390.000,3,1400.000,14,1520.000,1,0.000,0,0,0,
91130042000,0.000,0,1340.000,45,1330.000,9,1200.000,1,14.000,1,8.100,9,1380.000,40,1390.000,3,1400.000,9,1520.000,1,0.000,0,0,0,
91131166000,0.000,0,1340.000,45,1330.000,9,1200.000,1,14.000,1,8.100,9,1380.000,40,1390.000,8,1400.000,9,1520.000,1,0.000,0,0,0,
91143667000,0.000,0,1340.000,35,1330.000,9,1200.000,1,14.000,1,8.100,9,1380.000,30,1390.000,8,1400.000,9,1520.000,1,0.000,0,0,0,
91151416000,0.000,0,1340.000,45,1330.000,9,1200.000,1,14.000,1,8.100,9,1380.000,40,1390.000,8,1400.000,9,1520.000,1,0.000,0,0,0,
91153170000,0.000,0,1340.000,35,1330.000,9,1200.000,1,14.000,1,8.100,9,1380.000,30,1390.000,8,1400.000,9,1520.000,1,0.000,0,0,0,
91158792000,0.000,0,1340.000,35,1330.000,9,1200.000,1,14.000,1,8.100,9,1380.000,30,1390.000,5,1400.000,9,1520.000,1,0.000,0,0,0,
91202417000,0.000,0,1340.000,45,1330.000,9,1200.000,1,14.000,1,8.100,9,1380.000,40,1390.000,8,1400.000,9,1520.000,1,0.000,0,0,0,
91203420000,0.000,0,1340.000,25,1330.000,9,1200.000,1,14.000,1,8.100,9,1380.000,20,1390.000,8,1400.000,9,1520.000,1,0.000,0,0,0,
91203669000,0.000,0,1350.000,20,1340.000,5,1330.000,9,1200.000,1,14.000,1,1380.000,20,1390.000,8,1400.000,9,1520.000,1,0.000,0,0,0,
91204919000,0.000,0,1350.000,20,1340.000,5,1330.000,9,1200.000,1,14.000,1,1380.000,20,1390.000,5,1400.000,9,1520.000,1,0.000,0,0,0,
91205793000,0.000,0,1350.000,20,1340.000,5,1330.000,9,1200.000,1,14.000,1,1390.000,25,1400.000,12,1520.000,1,0.000,0,0.000,0,0,0,
91209291000,0.000,0,1350.000,20,1340.000,5,1330.000,9,1200.000,1,14.000,1,1380.000,20,1390.000,5,1400.000,12,1520.000,1,0.000,0,0,0,
91217168000,0.000,0,1350.000,20,1340.000,5,1330.000,9,1200.000,1,14.000,1,1380.000,20,1390.000,5,1400.000,9,1520.000,1,0.000,0,0,0,
91221667000,0.000,0,1350.000,30,1340.000,5,1330.000,9,1200.000,1,14.000,1,1390.000,35,1400.000,9,1520.000,1,0.000,0,0.000,0,0,0,
91221791000,0.000,0,1350.000,40,1340.000,5,1330.000,9,1200.000,1,14.000,1,1390.000,45,1400.000,12,1520.000,1,0.000,0,0.000,0,0,0,
91224418000,0.000,0,1350.000,30,1340.000,5,1330.000,9,1200.000,1,14.000,1,1390.000,35,1400.000,12,1520.000,1,0.000,0,0.000,0,0,0,
91236291000,0.000,0,1350.000,40,1340.000,5,1330.000,9,1200.000,1,14.000,1,1390.000,45,1400.000,12,1520.000,1,0.000,0,0.000,0,0,0,
91238542000,0.000,0,1350.000,30,1340.000,5,1330.000,9,1200.000,1,14.000,1,1390.000,35,1400.000,12,1520.000,1,0.000,0,0.000,0,0,0,
91240541000,0.000,0,1350.000,30,1340.000,5,1330.000,9,1200.000,1,14.000,1,1390.000,35,1400.000,12,1520.000,1,0.000,0,0.000,0,0,0,
91245043000,0.000,0,1350.000,30,1340.000,5,1330.000,9,1200.000,1,14.000,1,1390.000,35,1400.000,9,1520.000,1,0.000,0,0.000,0,0,0,
91245668000,0.000,0,1350.000,20,1340.000,5,1330.000,9,1200.000,1,14.000,1,1390.000,20,1400.000,9,1520.000,1,0.000,0,0.000,0,0,0,
91251793000,0.000,0,1360.000,20,1340.000,5,1330.000,9,1200.000,1,14.000,1,1400.000,29,1520.000,1,0.000,0,0.000,0,0.000,0,0,0,
91253417000,0.000,0,1360.000,30,1340.000,5,1330.000,9,1200.000,1,14.000,1,1400.000,39,1410.000,3,1520.000,1,0.000,0,0.000,0,0,0,
91257541000,0.000,0,1360.000,30,1340.000,5,1200.000,1,14.000,1,8.100,9,1400.000,30,1410.000,3,1520.000,1,0.000,0,0.000,0,0,0,
91300295000,0.000,0,1360.000,20,1340.000,5,1200.000,1,14.000,1,8.100,9,1400.000,20,1410.000,3,1520.000,1,0.000,0,0.000,0,0,0,
91300419000,0.000,0,1360.000,20,1340.000,5,1200.000,1,14.000,1,8.100,9,1400.000,20,1520.000,1,0.000,0,0.000,0,0.000,0,0,0,
91311293000,0.000,0,1360.000,20,1340.000,5,1200.000,1,14.000,1,8.100,9,1400.000,20,1410.000,3,1520.000,1,0.000,0,0.000,0,0,0,
91316793000,0.000,0,1340.000,5,1200.000,1,14.000,1,8.100,9,8.000,1,1410.000,3,1520.000,1,0.000,0,0.000,0,0.000,0,0,0,
91316916000,0.000,0,1340.000,5,1330.000,3,1200.000,1,14.000,1,8.100,9,1410.000,3,1520.000,1,0.000,0,0.000,0,0.000,0,0,0,
91317792000,0.000,0,1360.000,20,1340.000,5,1330.000,3,1200.000,1,14.000,1,1400.000,20,1410.000,3,1520.000,1,0.000,0,0.000,0,0,0,
91324793000,0.000,0,1340.000,5,1330.000,3,1200.000,1,14.000,1,8.100,9,1410.000,3,1520.000,1,0.000,0,0.000,0,0.000,0,0,0,
91325043000,0.000,0,1340.000,5,1330.000,3,1200.000,1,14.000,1,8.100,9,1510.000,3,1520.000,1,0.000,0,0.000,0,0.000,0,0,0,
91335541000,0.000,0,1340.000,5,1330.000,3,1200.000,1,14.000,1,8.100,9,1500.000,5,1510.000,3,1520.000,1,0.000,0,0.000,0,0,0,
91337417000,0.000,0,1340.000,5,1200.000,1,14.000,1,8.100,9,8.000,1,1490.000,3,1500.000,5,1520.000,1,0.000,0,0.000,0,0,0,
91337792000,0.000,0,1340.000,5,1330.000,3,1200.000,1,14.000,1,8.100,9,1490.000,3,1500.000,5,1520.000,1,0.000,0,0.000,0,0,0,
91346666000,0.000,0,1340.000,5,1200.000,1,14.000,1,8.100,9,8.000,1,1490.000,3,1500.000,5,1520.000,1,0.000,0,0.000,0,0,0,
91347794000,0.000,0,1350.000,20,1340.000,5,1200.000,1,14.000,1,8.100,9,1390.000,20,1490.000,3,1500.000,5,1520.000,1,0.000,0,0,0,
91349667000,0.000,0,1350.000,20,1340.000,5,1200.000,1,14.000,1,8.100,9,1390.000,20,1400.000,3,1500.000,5,1520.000,1,0.000,0,0,0,
91356417000,0.000,0,1350.000,30,1340.000,5,1200.000,1,14.000,1,8.100,9,1390.000,30,1400.000,3,1520.000,1,0.000,0,0.000,0,0,0,
91358917000,0.000,0,1350.000,30,1340.000,5,1200.000,1,14.000,1,8.100,9,1390.000,30,1520.000,1,0.000,0,0.000,0,0.000,0,0,0,
91359171000,0.000,0,1350.000,20,1340.000,5,1200.000,1,14.000,1,8.100,9,1390.000,20,1520.000,1,0.000,0,0.000,0,0.000,0,0,0,
91359667000,0.000,0,1340.000,5,1200.000,1,14.000,1,8.100,9,8.000,1,1510.000,3,1520.000,1,0.000,0,0.000,0,0.000,0,0,0,
91401793000,0.000,0,1340.000,5,1330.000,3,1200.000,1,14.000,1,8.100,9,1510.000,3,1520.000,1,0.000,0,0.000,0,0.000,0,0,0,
91406417000,0.000,0,1340.000,5,1330.000,3,1200.000,1,14.000,1,8.100,9,1500.000,5,1510.000,3,1520.000,1,0.000,0,0.000,0,0,0,
91408041000,0.000,0,1340.000,5,1330.000,3,1200.000,1,14.000,1,8.100,9,1500.000,5,1520.000,1,0.000,0,0.000,0,0.000,0,0,0,
91410170000,0.000,0,1340.000,5,1330.000,3,1200.000,1,14.000,1,8.100,9,1490.000,3,1500.000,5,1520.000,1,0.000,0,0.000,0,0,0,
91410666000,0.000,0,1350.000,20,1340.000,5,1330.000,3,1200.000,1,14.000,1,1390.000,20,1490.000,3,1500.000,5,1520.000,1,0.000,0,0,0,
91411166000,0.000,0,1350.000,20,1340.000,5,1200.000,1,14.000,1,8.100,9,1390.000,20,1500.000,5,1520.000,1,0.000,0,0.000,0,0,0,
91411293000,0.000,0,1350.000,30,1340.000,5,1200.000,1,14.000,1,8.100,9,1390.000,30,1500.000,5,1520.000,1,0.000,0,0.000,0,0,0,
91412916000,0.000,0,1350.000,30,1340.000,5,1200.000,1,14.000,1,8.100,9,1390.000,30,1520.000,1,0.000,0,0.000,0,0.000,0,0,0,
91414041000,0.000,0,1350.000,30,1340.000,5,1200.000,1,14.000,1,8.100,9,1390.000,30,1400.000,5,1520.000,1,0.000,0,0.000,0,0,0,
91431291000,0.000,0,1350.000,20,1340.000,5,1200.000,1,14.000,1,8.100,9,1390.000,20,1400.000,5,1520.000,1,0.000,0,0.000,0,0,0,
91448668000,0.000,0,1350.000,40,1340.000,5,1200.000,1,14.000,1,8.100,9,1390.000,40,1400.000,5,1520.000,1,0.000,0,0.000,0,0,0,
91450170000,0.000,0,1350.000,30,1340.000,5,1200.000,1,14.000,1,8.100,9,1390.000,30,1400.000,5,1520.000,1,0.000,0,0.000,0,0,0,
91456543000,0.000,0,1350.000,40,1340.000,5,1200.000,1,14.000,1,8.100,9,1390.000,40,1400.000,8,1520.000,1,0.000,0,0.000,0,0,0,
91459046000,0.000,0,1350.000,20,1340.000,5,1200.000,1,14.000,1,8.100,9,1390.000,20,1400.000,8,1520.000,1,0.000,0,0.000,0,0,0,
91500669000,0.000,0,1350.000,20,1340.000,5,1200.000,1,14.000,1,8.100,9,1390.000,20,1400.000,5,1520.000,1,0.000,0,0.000,0,0,0,
91503541000,0.000,0,1350.000,20,1340.000,5,1200.000,1,14.000,1,8.100,9,1390.000,20,1400.000,8,1520.000,1,0.000,0,0.000,0,0,0,
91506792000,0.000,0,1350.000,20,1340.000,5,1200.000,1,14.000,1,8.100,9,1390.000,20,1400.000,5,1520.000,1,0.000,0,0.000,0,0,0,
91506917000,0.000,0,1350.000,20,1340.000,5,1200.000,1,14.000,1,8.100,9,1390.000,20,1400.000,8,1520.000,1,0.000,0,0.000,0,0,0,
91509917000,0.000,0,1350.000,20,1340.000,5,1200.000,1,14.000,1,8.100,9,1390.000,20,1400.000,5,1520.000,1,0.000,0,0.000,0,0,0,
91510042000,0.000,0,1350.000,30,1340.000,5,1200.000,1,14.000,1,8.100,9,1390.000,30,1400.000,8,1520.000,1,0.000,0,0.000,0,0,0,
91521046000,0.000,0,1350.000,20,1340.000,5,1200.000,1,14.000,1,8.100,9,1390.000,20,1400.000,8,1520.000,1,0.000,0,0.000,0,0,0,
91522168000,0.000,0,1350.000,20,1340.000,5,1200.000,1,14.000,1,8.100,9,1390.000,20,1400.000,5,1520.000,1,0.000,0,0.000,0,0,0,
91523416000,0.000,0,1350.000,20,1340.000,5,1200.000,1,14.000,1,8.100,9,1390.000,20,1400.000,8,1520.000,1,0.000,0,0.000,0,0,0,
91547916000,0.000,0,1350.000,30,1340.000,14,1200.000,1,14.000,1,8.100,9,1390.000,39,1400.000,8,1520.000,1,0.000,0,0.000,0,0,0,
91600794000,0.000,0,1340.000,14,1200.000,1,14.000,1,8.100,9,8.000,1,1390.000,9,1400.000,8,1520.000,1,0.000,0,0.000,0,0,0,
91602044000,0.000,0,1340.000,14,1200.000,1,14.000,1,8.100,9,8.000,1,1390.000,9,1400.000,5,1520.000,1,0.000,0,0.000,0,0,0,
91602294000,0.000,0,1340.000,14,1200.000,1,14.000,1,8.100,9,8.000,1,1390.000,9,1400.000,8,1520.000,1,0.000,0,0.000,0,0,0,
91603166000,0.000,0,1340.000,34,1200.000,1,14.000,1,8.100,9,8.000,1,1380.000,20,1390.000,9,1400.000,8,1520.000,1,0.000,0,0,0,
91611042000,0.000,0,1340.000,54,1200.000,1,14.000,1,8.100,9,8.000,1,1380.000,40,1390.000,9,1400.000,8,1520.000,1,0.000,0,0,0,
91617418000,0.000,0,1340.000,54,1200.000,1,14.000,1,8.100,9,8.000,1,1380.000,40,1390.000,12,1400.000,5,1520.000,1,0.000,0,0,0,
91620541000,0.000,0,1340.000,54,1200.000,1,14.000,1,8.100,9,8.000,1,1380.000,40,1390.000,9,1400.000,5,1520.000,1,0.000,0,0,0,
91625917000,0.000,0,1340.000,54,1200.000,1,14.000,1,8.100,9,8.000,1,1380.000,40,1390.000,12,1400.000,5,1520.000,1,0.000,0,0,0,
91631166000,0.000,0,1340.000,44,1200.000,1,14.000,1,8.100,9,8.000,1,1380.000,30,1390.000,12,1400.000,5,1520.000,1,0.000,0,0,0,
91637793000,0.000,0,1350.000,20,1340.000,14,1200.000,1,14.000,1,8.100,9,1380.000,20,1390.000,12,1400.000,5,1520.000,1,0.000,0,0,0,
91638917000,0.000,0,1350.000,20,1340.000,14,1200.000,1,14.000,1,8.100,9,1380.000,20,1390.000,9,1400.000,5,1520.000,1,0.000,0,0,0,
91639917000,0.000,0,1350.000,20,1340.000,14,1200.000,1,14.000,1,8.100,9,1390.000,29,1400.000,5,1520.000,1,0.000,0,0.000,0,0,0,
91641166000,0.000,0,1350.000,20,1340.000,14,1200.000,1,14.000,1,8.100,9,1390.000,29,1400.000,8,1520.000,1,0.000,0,0.000,0,0,0,
91648043000,0.000,0,1350.000,20,1340.000,14,1200.000,1,14.000,1,8.100,9,1390.000,29,1400.000,5,1520.000,1,0.000,0,0.000,0,0,0,
91649417000,0.000,0,1350.000,20,1340.000,14,1200.000,1,14.000,1,8.100,9,1390.000,29,1400.000,8,1520.000,1,0.000,0,0.000,0,0,0,
91651167000,0.000,0,1350.000,20,1340.000,14,1200.000,1,14.000,1,8.100,9,1390.000,29,1400.000,5,1520.000,1,0.000,0,0.000,0,0,0,
91651417000,0.000,0,1350.000,40,1340.000,14,1200.000,1,14.000,1,8.100,9,1390.000,49,1400.000,8,1520.000,1,0.000,0,0.000,0,0,0,
91654292000,0.000,0,1350.000,40,1340.000,14,1200.000,1,14.000,1,8.100,9,1390.000,49,1400.000,5,1520.000,1,0.000,0,0.000,0,0,0,
91658794000,0.000,0,1360.000,20,1340.000,14,1200.000,1,14.000,1,8.100,9,1400.000,25,1520.000,1,0.000,0,0.000,0,0.000,0,0,0,
91658918000,0.000,0,1360.000,20,1340.000,14,1200.000,1,14.000,1,8.100,9,1400.000,25,1410.000,3,1520.000,1,0.000,0,0.000,0,0,0,
91700417000,0.000,0,1360.000,20,1340.000,14,1200.000,1,14.000,1,8.100,9,1400.000,25,1520.000,1,0.000,0,0.000,0,0.000,0,0,0,
91702541000,0.000,0,1360.000,20,1340.000,14,1200.000,1,14.000,1,8.100,9,1400.000,25,1410.000,3,1520.000,1,0.000,0,0.000,0,0,0,
91704792000,0.000,0,1350.000,20,1340.000,14,1200.000,1,14.000,1,8.100,9,1390.000,20,1400.000,5,1410.000,3,1520.000,1,0.000,0,0,0,
91704917000,0.000,0,1350.000,40,1340.000,14,1200.000,1,14.000,1,8.100,9,1390.000,40,1400.000,5,1410.000,3,1520.000,1,0.000,0,0,0,
91706542000,0.000,0,1350.000,40,1340.000,14,1200.000,1,14.000,1,8.100,9,1390.000,40,1400.000,5,1520.000,1,0.000,0,0.000,0,0,0,
91724917000,0.000,0,1350.000,30,1340.000,14,1200.000,1,14.000,1,8.100,9,1390.000,30,1400.000,5,1520.000,1,0.000,0,0.000,0,0,0,
91727045000,0.000,0,1350.000,20,1340.000,14,1200.000,1,14.000,1,8.100,9,1390.000,20,1400.000,5,1520.000,1,0.000,0,0.000,0,0,0,
91727667000,0.000,0,1350.000,40,1340.000,14,1200.000,1,14.000,1,8.100,9,1390.000,40,1400.000,5,1520.000,1,0.000,0,0.000,0,0,0,
91737919000,0.000,0,1350.000,20,1340.000,14,1200.000,1,14.000,1,8.100,9,1390.000,20,1400.000,8,1520.000,1,0.000,0,0.000,0,0,0,
91740668000,0.000,0,1350.000,20,1340.000,14,1200.000,1,14.000,1,8.100,9,1390.000,20,1400.000,5,1520.000,1,0.000,0,0.000,0,0,0,
91743418000,0.000,0,1350.000,20,1340.000,14,1200.000,1,14.000,1,8.100,9,1390.000,20,1400.000,8,1520.000,1,0.000,0,0.000,0,0,0,
91743792000,0.000,0,1350.000,20,1340.000,14,1200.000,1,14.000,1,8.100,9,1390.000,20,1400.000,5,1520.000,1,0.000,0,0.000,0,0,0,
91744543000,0.000,0,1350.000,20,1340.000,14,1200.000,1,14.000,1,8.100,9,1390.000,20,1400.000,8,1520.000,1,0.000,0,0.000,0,0,0,
91746417000,0.000,0,1350.000,30,1340.000,14,1200.000,1,14.000,1,8.100,9,1390.000,39,1400.000,8,1520.000,1,0.000,0,0.000,0,0,0,
91746792000,0.000,0,1350.000,30,1340.000,14,1200.000,1,14.000,1,8.100,9,1390.000,39,1400.000,5,1520.000,1,0.000,0,0.000,0,0,0,
91747917000,0.000,0,1350.000,30,1340.000,14,1200.000,1,14.000,1,8.100,9,1390.000,39,1400.000,8,1520.000,1,0.000,0,0.000,0,0,0,
91753546000,0.000,0,1350.000,20,1340.000,14,1200.000,1,14.000,1,8.100,9,1390.000,29,1400.000,8,1520.000,1,0.000,0,0.000,0,0,0,
91756042000,0.000,0,1350.000,20,1340.000,14,1200.000,1,14.000,1,8.100,9,1390.000,29,1400.000,5,1520.000,1,0.000,0,0.000,0,0,0,
91756292000,0.000,0,1350.000,20,1340.000,14,1200.000,1,14.000,1,8.100,9,1390.000,29,1400.000,8,1520.000,1,0.000,0,0.000,0,0,0,
91759043000,0.000,0,1350.000,20,1340.000,14,1200.000,1,14.000,1,8.100,9,1390.000,29,1400.000,5,1520.000,1,0.000,0,0.000,0,0,0,
91759667000,0.000,0,1350.000,20,1340.000,14,1200.000,1,14.000,1,8.100,9,1390.000,29,1400.000,8,1520.000,1,0.000,0,0.000,0,0,0,
91802044000,0.000,0,1350.000,30,1340.000,14,1200.000,1,14.000,1,8.100,9,1390.000,39,1400.000,5,1520.000,1,0.000,0,0.000,0,0,0,
91802169000,0.000,0,1350.000,30,1340.000,14,1200.000,1,14.000,1,8.100,9,1390.000,39,1400.000,8,1520.000,1,0.000,0,0.000,0,0,0,
91811291000,0.000,0,1350.000,30,1340.000,14,1200.000,1,14.000,1,8.100,9,1390.000,39,1400.000,5,1520.000,1,0.000,0,0.000,0,0,0,
91812792000,0.000,0,1350.000,30,1340.000,14,1200.000,1,14.000,1,8.100,9,1390.000,39,1400.000,8,1520.000,1,0.000,0,0.000,0,0,0,
91817416000,0.000,0,1350.000,30,1340.000,14,1200.000,1,14.000,1,8.100,9,1390.000,42,1400.000,5,1520.000,1,0.000,0,0.000,0,0,0,
91822166000,0.000,0,1350.000,20,1340.000,14,1200.000,1,14.000,1,8.100,9,1390.000,32,1400.000,5,1520.000,1,0.000,0,0.000,0,0,0,
91826667000,0.000,0,1350.000,20,1340.000,14,1200.000,1,14.000,1,8.100,9,1390.000,29,1400.000,5,1520.000,1,0.000,0,0.000,0,0,0,
91826791000,0.000,0,1340.000,14,1200.000,1,14.000,1,8.100,9,8.000,1,1390.000,9,1400.000,5,1520.000,1,0.000,0,0.000,0,0,0,
91827791000,0.000,0,1340.000,34,1200.000,1,14.000,1,8.100,9,8.000,1,1380.000,20,1390.000,9,1400.000,5,1520.000,1,0.000,0,0,0,
91828791000,0.000,0,1350.000,20,1340.000,14,1200.000,1,14.000,1,8.100,9,1380.000,20,1390.000,9,1400.000,5,1520.000,1,0.000,0,0,0,
91832417000,0.000,0,1350.000,20,1340.000,34,1200.000,1,14.000,1,8.100,9,1380.000,40,1390.000,9,1400.000,5,1520.000,1,0.000,0,0,0,
91833416000,0.000,0,1350.000,20,1340.000,34,1200.000,1,14.000,1,8.100,9,1380.000,40,1390.000,12,1400.000,5,1520.000,1,0.000,0,0,0,
91834041000,0.000,0,1340.000,44,1200.000,1,14.000,1,8.100,9,8.000,1,1380.000,30,1390.000,12,1400.000,5,1520.000,1,0.000,0,0,0,
91845045000,0.000,0,1340.000,34,1200.000,1,14.000,1,8.100,9,8.000,1,1380.000,20,1390.000,12,1400.000,5,1520.000,1,0.000,0,0,0,
91845168000,0.000,0,1340.000,34,1200.000,1,14.000,1,8.100,9,8.000,1,1380.000,20,1390.000,9,1400.000,5,1520.000,1,0.000,0,0,0,
91845542000,0.000,0,1350.000,20,1340.000,14,1200.000,1,14.000,1,8.100,9,1390.000,29,1400.000,5,1520.000,1,0.000,0,0.000,0,0,0,
91846792000,0.000,0,1350.000,20,1340.000,14,1200.000,1,14.000,1,8.100,9,1390.000,29,1400.000,8,1520.000,1,0.000,0,0.000,0,0,0,
91851167000,0.000,0,1350.000,20,1340.000,14,1200.000,1,14.000,1,8.100,9,1390.000,29,1400.000,5,1520.000,1,0.000,0,0.000,0,0,0,
91907167000,0.000,0,1350.000,20,1340.000,14,1200.000,1,14.000,1,8.100,9,1390.000,29,1400.000,8,1520.000,1,0.000,0,0.000,0,0,0,
91909666000,0.000,0,1350.000,20,1340.000,14,1200.000,1,14.000,1,8.100,9,1390.000,29,1400.000,5,1520.000,1,0.000,0,0.000,0,0,0,
91909792000,0.000,0,1350.000,20,1340.000,14,1200.000,1,14.000,1,8.100,9,1390.000,29,1400.000,8,1520.000,1,0.000,0,0.000,0,0,0,
91912792000,0.000,0,1350.000,20,1340.000,14,1200.000,1,14.000,1,8.100,9,1390.000,29,1400.000,5,1520.000,1,0.000,0,0.000,0,0,0,
91912916000,0.000,0,1350.000,30,1340.000,14,1200.000,1,14.000,1,8.100,9,1390.000,39,1400.000,8,1520.000,1,0.000,0,0.000,0,0,0,
91915916000,0.000,0,1350.000,30,1340.000,14,1200.000,1,14.000,1,8.100,9,1390.000,39,1400.000,5,1520.000,1,0.000,0,0.000,0,0,0,
91916042000,0.000,0,1350.000,30,1340.000,14,1200.000,1,14.000,1,8.100,9,1390.000,39,1400.000,8,1520.000,1,0.000,0,0.000,0,0,0,
91918668000,0.000,0,1350.000,20,1340.000,14,1200.000,1,14.000,1,8.100,9,1390.000,29,1400.000,8,1520.000,1,0.000,0,0.000,0,0,0,
91919041000,0.000,0,1350.000,20,1340.000,14,1200.000,1,14.000,1,8.100,9,1390.000,29,1400.000,5,1520.000,1,0.000,0,0.000,0,0,0,
91920666000,0.000,0,1350.000,20,1340.000,14,1200.000,1,14.000,1,8.100,9,1390.000,29,1400.000,8,1520.000,1,0.000,0,0.000,0,0,0,
91925167000,0.000,0,1350.000,20,1340.000,14,1200.000,1,14.000,1,8.100,9,1390.000,29,1400.000,5,1520.000,1,0.000,0,0.000,0,0,0,
91926291000,0.000,0,1350.000,40,1340.000,14,1200.000,1,14.000,1,8.100,9,1390.000,49,1400.000,5,1520.000,1,0.000,0,0.000,0,0,0,
91932166000,0.000,0,1350.000,40,1340.000,14,1200.000,1,14.000,1,8.100,9,1390.000,49,1400.000,8,1520.000,1,0.000,0,0.000,0,0,0,
91934418000,0.000,0,1350.000,40,1340.000,14,1200.000,1,14.000,1,8.100,9,1390.000,49,1400.000,5,1520.000,1,0.000,0,0.000,0,0,0,
91935168000,0.000,0,1360.000,20,1350.000,10,1340.000,14,1200.000,1,14.000,1,1390.000,19,1400.000,25,1520.000,1,0.000,0,0.000,0,0,0,
91937791000,0.000,0,1360.000,20,1350.000,10,1340.000,14,1200.000,1,14.000,1,1390.000,39,1400.000,5,1520.000,1,0.000,0,0.000,0,0,0,
91954791000,0.000,0,1360.000,20,1350.000,20,1340.000,14,1200.000,1,14.000,1,1390.000,49,1400.000,5,1520.000,1,0.000,0,0.000,0,0,0,
91957168000,0.000,0,1360.000,20,1350.000,10,1340.000,14,1200.000,1,14.000,1,1390.000,19,1400.000,25,1520.000,1,0.000,0,0.000,0,0,0,
92005917000,0.000,0,1360.000,20,1350.000,10,1340.000,14,1200.000,1,14.000,1,1390.000,39,1400.000,5,1520.000,1,0.000,0,0.000,0,0,0,
92008168000,0.000,0,1360.000,20,1350.000,20,1340.000,14,1200.000,1,14.000,1,1390.000,49,1400.000,8,1520.000,1,0.000,0,0.000,0,0,0,
92016917000,0.000,0,1360.000,20,1350.000,10,1340.000,14,1200.000,1,14.000,1,1390.000,19,1400.000,28,1520.000,1,0.000,0,0.000,0,0,0,
92017542000,0.000,0,1360.000,20,1350.000,10,1340.000,14,1200.000,1,14.000,1,1390.000,19,1400.000,25,1520.000,1,0.000,0,0.000,0,0,0,
92017916000,0.000,0,1360.000,20,1350.000,10,1340.000,14,1200.000,1,14.000,1,1390.000,39,1400.000,5,1520.000,1,0.000,0,0.000,0,0,0,
92030917000,0.000,0,1360.000,20,1350.000,10,1340.000,14,1200.000,1,14.000,1,1390.000,19,1400.000,25,1520.000,1,0.000,0,0.000,0,0,0,
92047042000,0.000,0,1360.000,20,1350.000,10,1340.000,9,1200.000,1,14.000,1,1390.000,19,1400.000,25,1520.000,1,0.000,0,0.000,0,0,0,
92048166000,0.000,0,1360.000,20,1350.000,15,1340.000,9,1200.000,1,14.000,1,1390.000,19,1400.000,25,1520.000,1,0.000,0,0.000,0,0,0,
92057793000,0.000,0,1360.000,20,1350.000,15,1340.000,9,1200.000,1,14.000,1,1390.000,39,1400.000,5,1520.000,1,0.000,0,0.000,0,0,0,
92059916000,0.000,0,1360.000,20,1350.000,15,1340.000,9,1200.000,1,14.000,1,1390.000,19,1400.000,25,1520.000,1,0.000,0,0.000,0,0,0,
92100917000,0.000,0,1360.000,20,1350.000,15,1340.000,9,1200.000,1,14.000,1,1390.000,39,1400.000,5,1520.000,1,0.000,0,0.000,0,0,0,
92102792000,0.000,0,1360.000,20,1350.000,15,1340.000,9,1200.000,1,14.000,1,1390.000,19,1400.000,25,1520.000,1,0.000,0,0.000,0,0,0,
92103417000,0.000,0,1360.000,20,1350.000,15,1340.000,9,1200.000,1,14.000,1,1390.000,19,1400.000,28,1520.000,1,0.000,0,0.000,0,0,0,
92107166000,0.000,0,1360.000,20,1350.000,15,1340.000,9,1200.000,1,14.000,1,1390.000,19,1400.000,25,1520.000,1,0.000,0,0.000,0,0,0,
92108167000,0.000,0,1360.000,20,1350.000,15,1340.000,9,1200.000,1,14.000,1,1390.000,19,1400.000,28,1520.000,1,0.000,0,0.000,0,0,0,
92112792000,0.000,0,1360.000,20,1350.000,15,1340.000,9,1200.000,1,14.000,1,1390.000,39,1400.000,8,1520.000,1,0.000,0,0.000,0,0,0,
92113291000,0.000,0,1360.000,20,1350.000,25,1340.000,9,1200.000,1,14.000,1,1390.000,49,1400.000,5,1520.000,1,0.000,0,0.000,0,0,0,
92113542000,0.000,0,1360.000,20,1350.000,25,1340.000,9,1200.000,1,14.000,1,1390.000,49,1400.000,8,1520.000,1,0.000,0,0.000,0,0,0,
92119541000,0.000,0,1360.000,20,1350.000,25,1340.000,9,1200.000,1,14.000,1,1390.000,49,1400.000,5,1520.000,1,0.000,0,0.000,0,0,0,
92119917000,0.000,0,1360.000,20,1350.000,25,1340.000,9,1200.000,1,14.000,1,1390.000,49,1400.000,8,1520.000,1,0.000,0,0.000,0,0,0,
92122666000,0.000,0,1360.000,20,1350.000,25,1340.000,9,1200.000,1,14.000,1,1390.000,49,1400.000,5,1520.000,1,0.000,0,0.000,0,0,0,
92123918000,0.000,0,1360.000,20,1350.000,15,1340.000,9,1200.000,1,14.000,1,1390.000,19,1400.000,25,1520.000,1,0.000,0,0.000,0,0,0,
92130420000,0.000,0,1360.000,20,1350.000,5,1340.000,9,1200.000,1,14.000,1,1400.000,25,1520.000,1,0.000,0,0.000,0,0.000,0,0,0,
92134043000,0.000,0,1360.000,20,1350.000,5,1340.000,9,1200.000,1,14.000,1,1400.000,25,1410.000,3,1520.000,1,0.000,0,0.000,0,0,0,
92135042000,0.000,0,1360.000,20,1350.000,5,1340.000,9,1200.000,1,14.000,1,1400.000,25,1520.000,1,0.000,0,0.000,0,0.000,0,0,0,
92135666000,0.000,0,1360.000,20,1350.000,5,1340.000,9,1200.000,1,14.000,1,1400.000,34,1520.000,1,0.000,0,0.000,0,0.000,0,0,0,
92136792000,0.000,0,1360.000,20,1350.000,5,1340.000,9,1200.000,1,14.000,1,1400.000,34,1410.000,3,1520.000,1,0.000,0,0.000,0,0,0,
92138041000,0.000,0,1360.000,30,1350.000,5,1340.000,9,1200.000,1,14.000,1,1400.000,44,1520.000,1,0.000,0,0.000,0,0.000,0,0,0,
92138542000,0.000,0,1360.000,30,1350.000,5,1340.000,9,1200.000,1,14.000,1,1400.000,44,1410.000,3,1520.000,1,0.000,0,0.000,0,0,0,
92141041000,0.000,0,1360.000,30,1350.000,5,1340.000,9,1200.000,1,14.000,1,1400.000,44,1520.000,1,0.000,0,0.000,0,0.000,0,0,0,
92142167000,0.000,0,1360.000,30,1350.000,5,1340.000,9,1200.000,1,14.000,1,1400.000,44,1410.000,3,1520.000,1,0.000,0,0.000,0,0,0,
92158166000,0.000,0,1360.000,20,1350.000,5,1340.000,9,1200.000,1,14.000,1,1400.000,34,1410.000,3,1520.000,1,0.000,0,0.000,0,0,0,
92205291000,0.000,0,1360.000,20,1350.000,5,1340.000,9,1200.000,1,14.000,1,1390.000,20,1400.000,14,1410.000,3,1520.000,1,0.000,0,0,0,
92205666000,0.000,0,1360.000,20,1350.000,5,1340.000,9,1200.000,1,14.000,1,1390.000,20,1400.000,14,1520.000,1,0.000,0,0.000,0,0,0,
92206916000,0.000,0,1360.000,20,1350.000,5,1340.000,9,1200.000,1,14.000,1,1390.000,20,1400.000,17,1520.000,1,0.000,0,0.000,0,0,0,
92208666000,0.000,0,1360.000,20,1350.000,5,1340.000,9,1200.000,1,14.000,1,1390.000,20,1400.000,14,1520.000,1,0.000,0,0.000,0,0,0,
92210418000,0.000,0,1360.000,20,1350.000,5,1340.000,9,1200.000,1,14.000,1,1390.000,20,1400.000,17,1520.000,1,0.000,0,0.000,0,0,0,
92211667000,0.000,0,1360.000,20,1350.000,5,1340.000,9,1200.000,1,14.000,1,1390.000,20,1400.000,14,1520.000,1,0.000,0,0.000,0,0,0,
92220041000,0.000,0,1360.000,30,1350.000,5,1340.000,9,1200.000,1,14.000,1,1400.000,44,1410.000,3,1520.000,1,0.000,0,0.000,0,0,0,
92224042000,0.000,0,1360.000,30,1350.000,5,1340.000,9,1200.000,1,14.000,1,1400.000,44,1520.000,1,0.000,0,0.000,0,0.000,0,0,0,
92224291000,0.000,0,1360.000,30,1350.000,5,1340.000,9,1200.000,1,14.000,1,1400.000,44,1410.000,3,1520.000,1,0.000,0,0.000,0,0,0,
92229541000,0.000,0,1360.000,40,1350.000,5,1340.000,9,1200.000,1,14.000,1,1400.000,54,1410.000,3,1520.000,1,0.000,0,0.000,0,0,0,
92236166000,0.000,0,1360.000,40,1350.000,5,1340.000,9,1200.000,1,14.000,1,1400.000,54,1520.000,1,0.000,0,0.000,0,0.000,0,0,0,
92236542000,0.000,0,1360.000,40,1350.000,5,1340.000,9,1200.000,1,14.000,1,1400.000,54,1410.000,3,1520.000,1,0.000,0,0.000,0,0,0,
92240043000,0.000,0,1360.000,30,1350.000,5,1340.000,9,1200.000,1,14.000,1,1400.000,44,1410.000,3,1520.000,1,0.000,0,0.000,0,0,0,
92243041000,0.000,0,1360.000,40,1350.000,5,1340.000,9,1200.000,1,14.000,1,1400.000,54,1410.000,3,1520.000,1,0.000,0,0.000,0,0,0,
92247418000,0.000,0,1360.000,40,1350.000,5,1340.000,9,1200.000,1,14.000,1,1400.000,49,1410.000,3,1520.000,1,0.000,0,0.000,0,0,0,
92248542000,0.000,0,1360.000,40,1350.000,5,1340.000,9,1200.000,1,14.000,1,1400.000,49,1520.000,1,0.000,0,0.000,0,0.000,0,0,0,
92248916000,0.000,0,1360.000,40,1350.000,5,1340.000,9,1200.000,1,14.000,1,1400.000,49,1410.000,3,1520.000,1,0.000,0,0.000,0,0,0,
92252167000,0.000,0,1360.000,40,1350.000,5,1340.000,9,1200.000,1,14.000,1,1400.000,49,1410.000,8,1520.000,1,0.000,0,0.000,0,0,0,
92302791000,0.000,0,1360.000,40,1350.000,5,1340.000,9,1200.000,1,14.000,1,1400.000,49,1410.000,8,1520.000,1,0.000,0,0.000,0,0,0,
92309169000,0.000,0,1360.000,20,1350.000,5,1340.000,9,1200.000,1,14.000,1,1400.000,20,1410.000,5,1520.000,1,0.000,0,0.000,0,0,0,
92322417000,0.000,0,1360.000,20,1350.000,8,1340.000,9,1200.000,1,14.000,1,1400.000,20,1410.000,8,1520.000,1,0.000,0,0.000,0,0,0,
92322542000,0.000,0,1360.000,20,1350.000,5,1340.000,9,1200.000,1,14.000,1,1400.000,20,1410.000,5,1520.000,1,0.000,0,0.000,0,0,0,
92323666000,0.000,0,1360.000,20,1350.000,5,1340.000,9,1200.000,1,14.000,1,1400.000,20,1410.000,8,1520.000,1,0.000,0,0.000,0,0,0,
92324791000,0.000,0,1360.000,40,1350.000,5,1340.000,9,1200.000,1,14.000,1,1400.000,40,1410.000,8,1520.000,1,0.000,0,0.000,0,0,0,
92325541000,0.000,0,1360.000,40,1350.000,5,1340.000,9,1200.000,1,14.000,1,1400.000,40,1410.000,5,1520.000,1,0.000,0,0.000,0,0,0,
92341044000,0.000,0,1360.000,20,1350.000,5,1340.000,9,1200.000,1,14.000,1,1400.000,20,1410.000,5,1520.000,1,0.000,0,0.000,0,0,0,
92345918000,0.000,0,1360.000,20,1350.000,5,1340.000,9,1200.000,1,14.000,1,1400.000,20,1410.000,8,1520.000,1,0.000,0,0.000,0,0,0,
92346417000,0.000,0,1360.000,40,1350.000,5,1340.000,9,1200.000,1,14.000,1,1400.000,40,1410.000,8,1520.000,1,0.000,0,0.000,0,0,0,
92356416000,0.000,0,1360.000,40,1350.000,5,1340.000,9,1200.000,1,14.000,1,1400.000,40,1410.000,5,1520.000,1,0.000,0,0.000,0,0,0,
92356917000,0.000,0,1360.000,40,1350.000,5,1340.000,9,1200.000,1,14.000,1,1400.000,40,1410.000,8,1520.000,1,0.000,0,0.000,0,0,0,
92406417000,0.000,0,1360.000,20,1350.000,5,1340.000,9,1200.000,1,14.000,1,1400.000,20,1410.000,8,1520.000,1,0.000,0,0.000,0,0,0,
92407667000,0.000,0,1360.000,20,1350.000,5,1340.000,9,1200.000,1,14.000,1,1400.000,29,1410.000,8,1520.000,1,0.000,0,0.000,0,0,0,
92407792000,0.000,0,1360.000,20,1350.000,5,1340.000,9,1200.000,1,14.000,1,1390.000,20,1400.000,9,1410.000,8,1520.000,1,0.000,0,0,0,
92410041000,0.000,0,1360.000,30,1350.000,5,1340.000,9,1200.000,1,14.000,1,1400.000,39,1410.000,8,1520.000,1,0.000,0,0.000,0,0,0,
92411916000,0.000,0,1360.000,20,1350.000,5,1340.000,9,1200.000,1,14.000,1,1400.000,29,1410.000,8,1520.000,1,0.000,0,0.000,0,0,0,
92418417000,0.000,0,1360.000,30,1350.000,5,1340.000,9,1200.000,1,14.000,1,1400.000,39,1410.000,8,1520.000,1,0.000,0,0.000,0,0,0,
92418541000,0.000,0,1360.000,40,1350.000,5,1340.000,9,1200.000,1,14.000,1,1400.000,49,1410.000,8,1520.000,1,0.000,0,0.000,0,0,0,
92434294000,0.000,0,1360.000,30,1350.000,5,1340.000,9,1200.000,1,14.000,1,1400.000,39,1410.000,8,1520.000,1,0.000,0,0.000,0,0,0,
92434667000,0.000,0,1360.000,20,1350.000,5,1340.000,9,1200.000,1,14.000,1,1400.000,29,1410.000,8,1520.000,1,0.000,0,0.000,0,0,0,
92434916000,0.000,0,1360.000,20,1350.000,5,1340.000,9,1200.000,1,14.000,1,1390.000,20,1400.000,9,1410.000,8,1520.000,1,0.000,0,0,0,
92441041000,0.000,0,1360.000,20,1350.000,5,1340.000,9,1200.000,1,14.000,1,1400.000,29,1410.000,8,1520.000,1,0.000,0,0.000,0,0,0,
92441166000,0.000,0,1360.000,40,1350.000,5,1340.000,9,1200.000,1,14.000,1,1400.000,49,1410.000,8,1520.000,1,0.000,0,0.000,0,0,0,
92443291000,0.000,0,1360.000,30,1350.000,5,1340.000,9,1200.000,1,14.000,1,1400.000,39,1410.000,8,1520.000,1,0.000,0,0.000,0,0,0,
92445792000,0.000,0,1360.000,30,1350.000,5,1340.000,9,1200.000,1,14.000,1,1400.000,42,1410.000,5,1520.000,1,0.000,0,0.000,0,0,0,
92448919000,0.000,0,1360.000,30,1350.000,5,1340.000,9,1200.000,1,14.000,1,1400.000,39,1410.000,5,1520.000,1,0.000,0,0.000,0,0,0,
92451291000,0.000,0,1360.000,30,1350.000,5,1340.000,9,1200.000,1,14.000,1,1400.000,39,1410.000,8,1520.000,1,0.000,0,0.000,0,0,0,
92455166000,0.000,0,1360.000,30,1350.000,5,1340.000,9,1200.000,1,14.000,1,1400.000,39,1410.000,5,1520.000,1,0.000,0,0.000,0,0,0,
92457166000,0.000,0,1360.000,30,1350.000,5,1340.000,9,1200.000,1,14.000,1,1400.000,39,1410.000,8,1520.000,1,0.000,0,0.000,0,0,0,
92501167000,0.000,0,1360.000,20,1350.000,5,1340.000,9,1200.000,1,14.000,1,1400.000,29,1410.000,8,1520.000,1,0.000,0,0.000,0,0,0,
92502044000,0.000,0,1360.000,20,1350.000,5,1340.000,9,1200.000,1,14.000,1,1390.000,20,1400.000,9,1410.000,8,1520.000,1,0.000,0,0,0,
92510542000,0.000,0,1360.000,20,1350.000,5,1340.000,9,1200.000,1,14.000,1,1400.000,29,1410.000,8,1520.000,1,0.000,0,0.000,0,0,0,
92513667000,0.000,0,1360.000,30,1350.000,5,1340.000,9,1200.000,1,14.000,1,1400.000,39,1410.000,5,1520.000,1,0.000,0,0.000,0,0,0,
92513791000,0.000,0,1360.000,30,1350.000,5,1340.000,9,1200.000,1,14.000,1,1400.000,39,1410.000,8,1520.000,1,0.000,0,0.000,0,0,0,
92533666000,0.000,0,1360.000,20,1350.000,5,1340.000,9,1200.000,1,14.000,1,1400.000,29,1410.000,8,1520.000,1,0.000,0,0.000,0,0,0,
92544167000,0.000,0,1360.000,20,1350.000,5,1340.000,9,1200.000,1,14.000,1,1390.000,20,1400.000,9,1410.000,8,1520.000,1,0.000,0,0,0,
92547168000,0.000,0,1350.000,25,1340.000,9,1200.000,1,14.000,1,8.100,9,1390.000,20,1400.000,9,1410.000,8,1520.000,1,0.000,0,0,0,
92547667000,0.000,0,1350.000,25,1340.000,9,1200.000,1,14.000,1,8.100,9,1390.000,20,1400.000,12,1410.000,5,1520.000,1,0.000,0,0,0,
92550667000,0.000,0,1350.000,25,1340.000,9,1200.000,1,14.000,1,8.100,9,1390.000,20,1400.000,9,1410.000,5,1520.000,1,0.000,0,0,0,
92552792000,0.000,0,1350.000,25,1340.000,9,1200.000,1,14.000,1,8.100,9,1390.000,20,1400.000,12,1410.000,5,1520.000,1,0.000,0,0,0,
92553668000,0.000,0,1350.000,25,1340.000,9,1200.000,1,14.000,1,8.100,9,1390.000,20,1400.000,9,1410.000,5,1520.000,1,0.000,0,0,0,
92553792000,0.000,0,1350.000,25,1340.000,9,1200.000,1,14.000,1,8.100,9,1390.000,20,1400.000,12,1410.000,5,1520.000,1,0.000,0,0,0,
92556167000,0.000,0,1350.000,45,1340.000,9,1200.000,1,14.000,1,8.100,9,1390.000,40,1400.000,12,1410.000,5,1520.000,1,0.000,0,0,0,
92616291000,0.000,0,1350.000,45,1340.000,9,1200.000,1,14.000,1,8.100,9,1390.000,40,1400.000,12,1410.000,5,1520.000,1,0.000,0,0,0,
92627541000,0.000,0,1350.000,45,1340.000,9,1200.000,1,14.000,1,8.100,9,1390.000,40,1400.000,9,1410.000,5,1520.000,1,0.000,0,0,0,
92632919000,0.000,0,1350.000,35,1340.000,9,1200.000,1,14.000,1,8.100,9,1390.000,30,1400.000,9,1410.000,5,1520.000,1,0.000,0,0,0,
92638791000,0.000,0,1350.000,45,1340.000,9,1200.000,1,14.000,1,8.100,9,1390.000,40,1400.000,9,1410.000,5,1520.000,1,0.000,0,0,0,
92639667000,0.000,0,1350.000,45,1340.000,9,1200.000,1,14.000,1,8.100,9,1390.000,40,1400.000,12,1410.000,5,1520.000,1,0.000,0,0,0,
92643042000,0.000,0,1350.000,45,1340.000,9,1200.000,1,14.000,1,8.100,9,1390.000,40,1400.000,9,1410.000,5,1520.000,1,0.000,0,0,0,
92643792000,0.000,0,1350.000,25,1340.000,9,1200.000,1,14.000,1,8.100,9,1390.000,20,1400.000,9,1410.000,5,1520.000,1,0.000,0,0,0,
92644041000,0.000,0,1360.000,20,1350.000,25,1340.000,9,1200.000,1,14.000,1,1390.000,40,1400.000,9,1410.000,5,1520.000,1,0.000,0,0,0,
92644166000,0.000,0,1360.000,20,1350.000,5,1340.000,9,1200.000,1,14.000,1,1390.000,20,1400.000,9,1410.000,5,1520.000,1,0.000,0,0,0,
92648167000,0.000,0,1360.000,20,1350.000,5,1340.000,9,1200.000,1,14.000,1,1400.000,29,1410.000,8,1520.000,1,0.000,0,0.000,0,0,0,
92651167000,0.000,0,1360.000,20,1350.000,5,1340.000,9,1200.000,1,14.000,1,1390.000,20,1400.000,9,1410.000,8,1520.000,1,0.000,0,0,0,
92703168000,0.000,0,1360.000,20,1350.000,5,1340.000,9,1200.000,1,14.000,1,1400.000,29,1410.000,8,1520.000,1,0.000,0,0.000,0,0,0,
92704667000,0.000,0,1360.000,40,1350.000,5,1340.000,9,1200.000,1,14.000,1,1400.000,52,1410.000,5,1520.000,1,0.000,0,0.000,0,0,0,
92707792000,0.000,0,1360.000,40,1350.000,5,1340.000,9,1200.000,1,14.000,1,1400.000,49,1410.000,8,1520.000,1,0.000,0,0.000,0,0,0,
92715043000,0.000,0,1360.000,30,1350.000,5,1340.000,9,1200.000,1,14.000,1,1400.000,39,1410.000,8,1520.000,1,0.000,0,0.000,0,0,0,
92724792000,0.000,0,1360.000,20,1350.000,5,1340.000,9,1200.000,1,14.000,1,1400.000,29,1410.000,8,1520.000,1,0.000,0,0.000,0,0,0,
92725042000,0.000,0,1360.000,20,1350.000,5,1340.000,9,1200.000,1,14.000,1,1390.000,20,1400.000,9,1410.000,8,1520.000,1,0.000,0,0,0,
92732417000,0.000,0,1360.000,20,1350.000,5,1340.000,9,1200.000,1,14.000,1,1390.000,20,1400.000,12,1410.000,5,1520.000,1,0.000,0,0,0,
92735541000,0.000,0,1360.000,20,1350.000,5,1340.000,9,1200.000,1,14.000,1,1390.000,20,1400.000,9,1410.000,5,1520.000,1,0.000,0,0,0,
92752792000,0.000,0,1360.000,30,1350.000,5,1340.000,9,1200.000,1,14.000,1,1400.000,39,1410.000,8,1520.000,1,0.000,0,0.000,0,0,0,
92800291000,0.000,0,1360.000,30,1350.000,5,1340.000,9,1200.000,1,14.000,1,1400.000,39,1410.000,5,1520.000,1,0.000,0,0.000,0,0,0,
92800542000,0.000,0,1360.000,30,1350.000,5,1340.000,9,1200.000,1,14.000,1,1400.000,39,1410.000,8,1520.000,1,0.000,0,0.000,0,0,0,
92812916000,0.000,0,1360.000,20,1350.000,5,1340.000,9,1200.000,1,14.000,1,1400.000,29,1410.000,8,1520.000,1,0.000,0,0.000,0,0,0,
92813041000,0.000,0,1360.000,20,1350.000,5,1340.000,9,1200.000,1,14.000,1,1390.000,20,1400.000,9,1410.000,8,1520.000,1,0.000,0,0,0,
92817791000,0.000,0,1360.000,20,1350.000,5,1340.000,9,1200.000,1,14.000,1,1400.000,29,1410.000,8,1520.000,1,0.000,0,0.000,0,0,0,
92819916000,0.000,0,1360.000,30,1350.000,5,1340.000,9,1200.000,1,14.000,1,1400.000,39,1410.000,8,1520.000,1,0.000,0,0.000,0,0,0,
92839666000,0.000,0,1360.000,30,1350.000,5,1340.000,9,1200.000,1,14.000,1,1400.000,39,1410.000,8,1520.000,1,0.000,0,0.000,0,0,0,
92842166000,0.000,0,1360.000,30,1350.000,5,1340.000,9,1200.000,1,14.000,1,1390.000,20,1400.000,19,1410.000,8,1520.000,1,0.000,0,0,0,
92842291000,0.000,0,1360.000,30,1350.000,15,1340.000,9,1200.000,1,14.000,1,1390.000,30,1400.000,19,1410.000,8,1520.000,1,0.000,0,0,0,
92845417000,0.000,0,1360.000,30,1350.000,5,1340.000,9,1200.000,1,14.000,1,1390.000,20,1400.000,19,1410.000,8,1520.000,1,0.000,0,0,0,
92847541000,0.000,0,1360.000,20,1350.000,25,1340.000,9,1200.000,1,14.000,1,1390.000,40,1400.000,9,1410.000,8,1520.000,1,0.000,0,0,0,
92848792000,0.000,0,1360.000,20,1350.000,15,1340.000,9,1200.000,1,14.000,1,1390.000,30,1400.000,9,1410.000,8,1520.000,1,0.000,0,0,0,
92905292000,0.000,0,1360.000,20,1350.000,5,1340.000,9,1200.000,1,14.000,1,1400.000,29,1410.000,8,1520.000,1,0.000,0,0.000,0,0,0,
92912167000,0.000,0,1360.000,20,1350.000,5,1340.000,9,1200.000,1,14.000,1,1390.000,20,1400.000,9,1410.000,8,1520.000,1,0.000,0,0,0,
92917292000,0.000,0,1360.000,20,1350.000,5,1340.000,9,1200.000,1,14.000,1,1390.000,20,1400.000,9,1410.000,5,1520.000,1,0.000,0,0,0,
92921168000,0.000,0,1360.000,20,1350.000,5,1340.000,9,1200.000,1,14.000,1,1400.000,29,1410.000,5,1520.000,1,0.000,0,0.000,0,0,0,
92921292000,0.000,0,1360.000,40,1350.000,5,1340.000,9,1200.000,1,14.000,1,1400.000,49,1410.000,8,1520.000,1,0.000,0,0.000,0,0,0,
92921416000,0.000,0,1360.000,30,1350.000,5,1340.000,9,1200.000,1,14.000,1,1400.000,39,1410.000,8,1520.000,1,0.000,0,0.000,0,0,0,
92930541000,0.000,0,1360.000,40,1350.000,5,1340.000,9,1200.000,1,14.000,1,1400.000,49,1410.000,8,1520.000,1,0.000,0,0.000,0,0,0,
92934417000,0.000,0,1360.000,20,1350.000,5,1340.000,9,1200.000,1,14.000,1,1400.000,29,1410.000,8,1520.000,1,0.000,0,0.000,0,0,0,
92935168000,0.000,0,1360.000,20,1350.000,5,1340.000,9,1200.000,1,14.000,1,1390.000,20,1400.000,9,1410.000,8,1520.000,1,0.000,0,0,0,
92936292000,0.000,0,1350.000,45,1340.000,9,1200.000,1,14.000,1,8.100,9,1390.000,40,1400.000,9,1410.000,8,1520.000,1,0.000,0,0,0,
92936666000,0.000,0,1350.000,25,1340.000,9,1200.000,1,14.000,1,8.100,9,1390.000,20,1400.000,9,1410.000,8,1520.000,1,0.000,0,0,0,
92937292000,0.000,0,1360.000,20,1350.000,5,1340.000,9,1200.000,1,14.000,1,1390.000,20,1400.000,9,1410.000,8,1520.000,1,0.000,0,0,0,
92938916000,0.000,0,1360.000,20,1350.000,5,1340.000,9,1200.000,1,14.000,1,1390.000,20,1400.000,12,1410.000,5,1520.000,1,0.000,0,0,0,
92946291000,0.000,0,1350.000,35,1340.000,9,1200.000,1,14.000,1,8.100,9,1390.000,30,1400.000,12,1410.000,5,1520.000,1,0.000,0,0,0,
92959166000,0.000,0,1350.000,45,1340.000,9,1200.000,1,14.000,1,8.100,9,1390.000,40,1400.000,12,1410.000,5,1520.000,1,0.000,0,0,0,
93001668000,0.000,0,1350.000,40,1340.000,9,1200.000,1,14.000,1,8.100,9,1390.000,40,1400.000,12,1410.000,5,1520.000,1,0.000,0,0,0,
93003542000,0.000,0,1350.000,40,1340.000,9,1200.000,1,14.000,1,8.100,9,1390.000,40,1400.000,9,1410.000,5,1520.000,1,0.000,0,0,0,
93004542000,0.000,0,1350.000,40,1340.000,9,1200.000,1,14.000,1,8.100,9,1390.000,40,1400.000,12,1410.000,5,1520.000,1,0.000,0,0,0,
93005042000,0.000,0,1350.000,20,1340.000,9,1200.000,1,14.000,1,8.100,9,1390.000,20,1400.000,12,1410.000,5,1520.000,1,0.000,0,0,0,
93010917000,0.000,0,1350.000,30,1340.000,9,1200.000,1,14.000,1,8.100,9,1390.000,30,1400.000,12,1410.000,5,1520.000,1,0.000,0,0,0,
93017793000,0.000,0,1350.000,20,1340.000,9,1200.000,1,14.000,1,8.100,9,1390.000,20,1400.000,12,1410.000,5,1520.000,1,0.000,0,0,0,
93025168000,0.000,0,1350.000,20,1340.000,9,1200.000,1,14.000,1,8.100,9,1390.000,20,1400.000,9,1410.000,5,1520.000,1,0.000,0,0,0,
93025417000,0.000,0,1350.000,20,1340.000,9,1200.000,1,14.000,1,8.100,9,1390.000,20,1400.000,12,1410.000,5,1520.000,1,0.000,0,0,0,
93028167000,0.000,0,1350.000,20,1340.000,9,1200.000,1,14.000,1,8.100,9,1390.000,20,1400.000,9,1410.000,5,1520.000,1,0.000,0,0,0,
93028292000,0.000,0,1350.000,20,1340.000,9,1200.000,1,14.000,1,8.100,9,1390.000,23,1400.000,9,1410.000,5,1520.000,1,0.000,0,0,0,
93031294000,0.000,0,1350.000,20,1340.000,9,1200.000,1,14.000,1,8.100,9,1390.000,20,1400.000,12,1410.000,5,1520.000,1,0.000,0,0,0,
93038916000,0.000,0,1350.000,30,1340.000,9,1200.000,1,14.000,1,8.100,9,1390.000,30,1400.000,12,1410.000,5,1520.000,1,0.000,0,0,0,
93052793000,0.000,0,1350.000,30,1340.000,9,1200.000,1,14.000,1,8.100,9,1390.000,30,1400.000,9,1410.000,5,1520.000,1,0.000,0,0,0,
93053044000,0.000,0,1350.000,20,1340.000,9,1200.000,1,14.000,1,8.100,9,1390.000,20,1400.000,9,1410.000,5,1520.000,1,0.000,0,0,0,
93057416000,0.000,0,1350.000,20,1340.000,9,1200.000,1,14.000,1,8.100,9,1390.000,20,1400.000,12,1410.000,5,1520.000,1,0.000,0,0,0,
93058917000,0.000,0,1350.000,20,1340.000,9,1200.000,1,14.000,1,8.100,9,1390.000,20,1400.000,9,1410.000,5,1520.000,1,0.000,0,0,0,
93059042000,0.000,0,1350.000,30,1340.000,9,1200.000,1,14.000,1,8.100,9,1390.000,30,1400.000,12,1410.000,5,1520.000,1,0.000,0,0,0,
93100291000,0.000,0,1340.000,9,1200.000,1,14.000,1,8.100,9,8.000,1,1400.000,12,1410.000,5,1520.000,1,0.000,0,0.000,0,0,0,
93102047000,0.000,0,1340.000,9,1200.000,1,14.000,1,8.100,9,8.000,1,1400.000,9,1410.000,5,1520.000,1,0.000,0,0.000,0,0,0,
93102667000,0.000,0,1340.000,9,1200.000,1,14.000,1,8.100,9,8.000,1,1400.000,9,1410.000,8,1520.000,1,0.000,0,0.000,0,0,0,
93105167000,0.000,0,1340.000,39,1200.000,1,14.000,1,8.100,9,8.000,1,1380.000,30,1390.000,3,1400.000,9,1410.000,5,1520.000,1,0,0,
93107292000,0.000,0,1340.000,49,1200.000,1,14.000,1,8.100,9,8.000,1,1380.000,40,1390.000,3,1400.000,9,1410.000,5,1520.000,1,0,0,
93110918000,0.000,0,1340.000,39,1200.000,1,14.000,1,8.100,9,8.000,1,1380.000,30,1390.000,3,1400.000,9,1410.000,5,1520.000,1,0,0,
93128416000,0.000,0,1340.000,49,1200.000,1,14.000,1,8.100,9,8.000,1,1380.000,40,1390.000,3,1400.000,9,1410.000,5,1520.000,1,0,0,
93135294000,0.000,0,1340.000,39,1200.000,1,14.000,1,8.100,9,8.000,1,1380.000,30,1390.000,3,1400.000,9,1410.000,5,1520.000,1,0,0,
93135791000,0.000,0,1340.000,39,1200.000,1,14.000,1,8.100,9,8.000,1,1380.000,30,1400.000,9,1410.000,5,1520.000,1,0.000,0,0,0,
93148416000,0.000,0,1340.000,29,1200.000,1,14.000,1,8.100,9,8.000,1,1380.000,20,1400.000,9,1410.000,5,1520.000,1,0.000,0,0,0,
93149166000,0.000,0,1350.000,20,1340.000,9,1200.000,1,14.000,1,8.100,9,1390.000,20,1400.000,12,1410.000,5,1520.000,1,0.000,0,0,0,
93151292000,0.000,0,1350.000,20,1340.000,9,1200.000,1,14.000,1,8.100,9,1390.000,23,1400.000,9,1410.000,5,1520.000,1,0.000,0,0,0,
93154416000,0.000,0,1350.000,20,1340.000,9,1200.000,1,14.000,1,8.100,9,1390.000,20,1400.000,9,1410.000,5,1520.000,1,0.000,0,0,0,
93155541000,0.000,0,1350.000,20,1340.000,9,1200.000,1,14.000,1,8.100,9,1390.000,20,1400.000,12,1410.000,5,1520.000,1,0.000,0,0,0,
93214917000,0.000,0,1350.000,30,1340.000,14,1200.000,1,14.000,1,8.100,9,1390.000,35,1400.000,12,1520.000,1,0.000,0,0.000,0,0,0,
93220293000,0.000,0,1340.000,14,1200.000,1,14.000,1,8.100,9,8.000,1,1390.000,5,1400.000,12,1520.000,1,0.000,0,0.000,0,0,0,
93221291000,0.000,0,1340.000,34,1200.000,1,14.000,1,8.100,9,8.000,1,1380.000,20,1390.000,5,1400.000,12,1520.000,1,0.000,0,0,0,
93222043000,0.000,0,1340.000,34,1200.000,1,14.000,1,8.100,9,8.000,1,1380.000,20,1390.000,8,1400.000,9,1520.000,1,0.000,0,0,0,
93224291000,0.000,0,1350.000,20,1340.000,14,1200.000,1,14.000,1,8.100,9,1380.000,20,1390.000,8,1400.000,9,1520.000,1,0.000,0,0,0,
93225166000,0.000,0,1350.000,20,1340.000,24,1200.000,1,14.000,1,8.100,9,1380.000,30,1390.000,5,1400.000,9,1520.000,1,0.000,0,0,0,
93225416000,0.000,0,1350.000,20,1340.000,24,1200.000,1,14.000,1,8.100,9,1380.000,30,1390.000,8,1400.000,9,1520.000,1,0.000,0,0,0,
93231416000,0.000,0,1350.000,20,1340.000,24,1200.000,1,14.000,1,8.100,9,1380.000,30,1390.000,5,1400.000,9,1520.000,1,0.000,0,0,0,
93233543000,0.000,0,1350.000,20,1340.000,24,1200.000,1,14.000,1,8.100,9,1380.000,30,1390.000,8,1400.000,9,1520.000,1,0.000,0,0,0,
93237666000,0.000,0,1350.000,20,1340.000,24,1200.000,1,14.000,1,8.100,9,1380.000,30,1390.000,5,1400.000,9,1520.000,1,0.000,0,0,0,
93238292000,0.000,0,1350.000,20,1340.000,24,1200.000,1,14.000,1,8.100,9,1380.000,30,1390.000,8,1400.000,9,1520.000,1,0.000,0,0,0,
93240791000,0.000,0,1350.000,20,1340.000,24,1200.000,1,14.000,1,8.100,9,1380.000,30,1390.000,5,1400.000,9,1520.000,1,0.000,0,0,0,
93244166000,0.000,0,1350.000,20,1340.000,24,1200.000,1,14.000,1,8.100,9,1380.000,30,1390.000,8,1400.000,9,1520.000,1,0.000,0,0,0,
93247042000,0.000,0,1350.000,20,1340.000,24,1200.000,1,14.000,1,8.100,9,1380.000,30,1390.000,5,1400.000,9,1520.000,1,0.000,0,0,0,
93251792000,0.000,0,1350.000,20,1340.000,24,1200.000,1,14.000,1,8.100,9,1380.000,30,1390.000,8,1400.000,9,1520.000,1,0.000,0,0,0,
93253291000,0.000,0,1350.000,20,1340.000,24,1200.000,1,14.000,1,8.100,9,1380.000,30,1390.000,5,1400.000,9,1520.000,1,0.000,0,0,0,
93259293000,0.000,0,1340.000,44,1200.000,1,14.000,1,8.100,9,8.000,1,1380.000,30,1390.000,8,1400.000,9,1520.000,1,0.000,0,0,0,
93259417000,0.000,0,1340.000,54,1200.000,1,14.000,1,8.100,9,8.000,1,1380.000,40,1390.000,8,1400.000,9,1520.000,1,0.000,0,0,0,
93259791000,0.000,0,1340.000,44,1200.000,1,14.000,1,8.100,9,8.000,1,1380.000,30,1390.000,8,1400.000,9,1520.000,1,0.000,0,0,0,
93304292000,0.000,0,1340.000,44,1200.000,1,14.000,1,8.100,9,8.000,1,1380.000,30,1390.000,8,1400.000,9,1520.000,1,0.000,0,0,0,
93305917000,0.000,0,1340.000,34,1200.000,1,14.000,1,8.100,9,8.000,1,1380.000,20,1390.000,8,1400.000,9,1520.000,1,0.000,0,0,0,
93306166000,0.000,0,1350.000,20,1340.000,14,1200.000,1,14.000,1,8.100,9,1380.000,20,1390.000,8,1400.000,9,1520.000,1,0.000,0,0,0,
93306291000,0.000,0,1350.000,20,1340.000,34,1200.000,1,14.000,1,8.100,9,1380.000,40,1390.000,8,1400.000,9,1520.000,1,0.000,0,0,0,
93307166000,0.000,0,1340.000,44,1200.000,1,14.000,1,8.100,9,8.000,1,1380.000,30,1390.000,8,1400.000,9,1520.000,1,0.000,0,0,0,
93317667000,0.000,0,1340.000,54,1200.000,1,14.000,1,8.100,9,8.000,1,1380.000,40,1390.000,8,1400.000,9,1520.000,1,0.000,0,0,0,
93325041000,0.000,0,1340.000,44,1200.000,1,14.000,1,8.100,9,8.000,1,1380.000,30,1390.000,8,1400.000,9,1520.000,1,0.000,0,0,0,
93326042000,0.000,0,1340.000,54,1200.000,1,14.000,1,8.100,9,8.000,1,1380.000,40,1390.000,8,1400.000,9,1520.000,1,0.000,0,0,0,
93337541000,0.000,0,1340.000,54,1200.000,1,14.000,1,8.100,9,8.000,1,1380.000,40,1390.000,8,1400.000,9,1520.000,1,0.000,0,0,0,
93344541000,0.000,0,1340.000,34,1200.000,1,14.000,1,8.100,9,8.000,1,1380.000,20,1390.000,8,1400.000,9,1520.000,1,0.000,0,0,0,
93345291000,0.000,0,1350.000,20,1340.000,14,1200.000,1,14.000,1,8.100,9,1380.000,20,1390.000,8,1400.000,9,1520.000,1,0.000,0,0,0,
93350416000,0.000,0,1340.000,34,1200.000,1,14.000,1,8.100,9,8.000,1,1380.000,20,1390.000,8,1400.000,9,1520.000,1,0.000,0,0,0,
93409166000,0.000,0,1340.000,54,1200.000,1,14.000,1,8.100,9,8.000,1,1380.000,40,1390.000,8,1400.000,9,1520.000,1,0.000,0,0,0,
93427416000,0.000,0,1340.000,54,1200.000,1,14.000,1,8.100,9,8.000,1,1380.000,40,1390.000,8,1400.000,9,1520.000,1,0.000,0,0,0,
93447291000,0.000,0,1340.000,54,1200.000,1,14.000,1,8.100,9,8.000,1,1380.000,40,1390.000,8,1400.000,9,1520.000,1,0.000,0,0,0,
93456042000,0.000,0,1340.000,44,1200.000,1,14.000,1,8.100,9,8.000,1,1380.000,30,1390.000,8,1400.000,9,1520.000,1,0.000,0,0,0,
93500167000,0.000,0,1340.000,44,1200.000,1,14.000,1,8.100,9,8.000,1,1380.000,30,1390.000,5,1400.000,9,1520.000,1,0.000,0,0,0,
93501042000,0.000,0,1340.000,44,1200.000,1,14.000,1,8.100,9,8.000,1,1380.000,30,1390.000,8,1400.000,9,1520.000,1,0.000,0,0,0,
93504418000,0.000,0,1340.000,34,1200.000,1,14.000,1,8.100,9,8.000,1,1380.000,20,1390.000,8,1400.000,9,1520.000,1,0.000,0,0,0,
93505417000,0.000,0,1350.000,20,1340.000,14,1200.000,1,14.000,1,8.100,9,1380.000,20,1390.000,8,1400.000,9,1520.000,1,0.000,0,0,0,
93506417000,0.000,0,1340.000,34,1200.000,1,14.000,1,8.100,9,8.000,1,1380.000,20,1390.000,8,1400.000,9,1520.000,1,0.000,0,0,0,
93507416000,0.000,0,1350.000,20,1340.000,14,1200.000,1,14.000,1,8.100,9,1380.000,20,1390.000,8,1400.000,9,1520.000,1,0.000,0,0,0,
93515667000,0.000,0,1350.000,20,1340.000,14,1200.000,1,14.000,1,8.100,9,1380.000,20,1390.000,5,1400.000,9,1520.000,1,0.000,0,0,0,
93521418000,0.000,0,1350.000,30,1340.000,14,1200.000,1,14.000,1,8.100,9,1390.000,35,1400.000,12,1520.000,1,0.000,0,0.000,0,0,0,
93525917000,0.000,0,1350.000,20,1340.000,14,1200.000,1,14.000,1,8.100,9,1390.000,25,1400.000,12,1520.000,1,0.000,0,0.000,0,0,0,
93526292000,0.000,0,1350.000,20,1340.000,14,1200.000,1,14.000,1,8.100,9,1380.000,20,1390.000,5,1400.000,12,1520.000,1,0.000,0,0,0,
93528542000,0.000,0,1340.000,34,1200.000,1,14.000,1,8.100,9,8.000,1,1380.000,20,1390.000,5,1400.000,12,1520.000,1,0.000,0,0,0,
93531167000,0.000,0,1340.000,44,1200.000,1,14.000,1,8.100,9,8.000,1,1380.000,30,1390.000,8,1400.000,9,1520.000,1,0.000,0,0,0,
93546916000,0.000,0,1340.000,54,1200.000,1,14.000,1,8.100,9,8.000,1,1380.000,40,1390.000,8,1400.000,9,1520.000,1,0.000,0,0,0,
93551292000,0.000,0,1340.000,54,1200.000,1,14.000,1,8.100,9,8.000,1,1380.000,40,1390.000,8,1400.000,9,1520.000,1,0.000,0,0,0,
93555667000,0.000,0,1340.000,44,1200.000,1,14.000,1,8.100,9,8.000,1,1380.000,30,1390.000,8,1400.000,9,1520.000,1,0.000,0,0,0,
93557291000,0.000,0,1340.000,54,1200.000,1,14.000,1,8.100,9,8.000,1,1380.000,40,1390.000,8,1400.000,9,1520.000,1,0.000,0,0,0,
93557792000,0.000,0,1340.000,44,1200.000,1,14.000,1,8.100,9,8.000,1,1380.000,30,1390.000,8,1400.000,9,1520.000,1,0.000,0,0,0,
93608166000,0.000,0,1340.000,54,1200.000,1,14.000,1,8.100,9,8.000,1,1380.000,40,1390.000,8,1400.000,9,1520.000,1,0.000,0,0,0,
93611416000,0.000,0,1340.000,44,1200.000,1,14.000,1,8.100,9,8.000,1,1380.000,30,1390.000,8,1400.000,9,1520.000,1,0.000,0,0,0,
93614666000,0.000,0,1340.000,54,1200.000,1,14.000,1,8.100,9,8.000,1,1380.000,40,1390.000,5,1400.000,9,1520.000,1,0.000,0,0,0,
93615416000,0.000,0,1340.000,54,1200.000,1,14.000,1,8.100,9,8.000,1,1380.000,40,1390.000,8,1400.000,9,1520.000,1,0.000,0,0,0,
93634666000,0.000,0,1340.000,44,1200.000,1,14.000,1,8.100,9,8.000,1,1380.000,30,1390.000,8,1400.000,9,1520.000,1,0.000,0,0,0,
93639541000,0.000,0,1340.000,54,1200.000,1,14.000,1,8.100,9,8.000,1,1380.000,43,1390.000,5,1400.000,9,1520.000,1,0.000,0,0,0,
93641168000,0.000,0,1340.000,54,1330.000,3,1200.000,1,14.000,1,8.100,9,1380.000,43,1390.000,5,1400.000,9,1520.000,1,0.000,0,0,0,
93641293000,0.000,0,1340.000,54,1200.000,1,14.000,1,8.100,9,8.000,1,1380.000,43,1390.000,5,1400.000,9,1520.000,1,0.000,0,0,0,
93642543000,0.000,0,1340.000,54,1200.000,1,14.000,1,8.100,9,8.000,1,1380.000,40,1390.000,5,1400.000,9,1520.000,1,0.000,0,0,0,
93646293000,0.000,0,1340.000,54,1200.000,1,14.000,1,8.100,9,8.000,1,1380.000,40,1390.000,8,1400.000,9,1520.000,1,0.000,0,0,0,
93659541000,0.000,0,1340.000,44,1200.000,1,14.000,1,8.100,9,8.000,1,1380.000,30,1390.000,8,1400.000,9,1520.000,1,0.000,0,0,0,
93705291000,0.000,0,1340.000,54,1200.000,1,14.000,1,8.100,9,8.000,1,1380.000,40,1390.000,8,1400.000,9,1520.000,1,0.000,0,0,0,
93709794000,0.000,0,1340.000,49,1200.000,1,14.000,1,8.100,9,8.000,1,1380.000,40,1390.000,8,1400.000,9,1520.000,1,0.000,0,0,0,
93709919000,0.000,0,1340.000,49,1200.000,1,14.000,1,8.100,9,8.000,1,1380.000,40,1390.000,5,1400.000,9,1520.000,1,0.000,0,0,0,
93712292000,0.000,0,1340.000,49,1200.000,1,14.000,1,8.100,9,8.000,1,1380.000,40,1390.000,8,1400.000,9,1520.000,1,0.000,0,0,0,
93713542000,0.000,0,1340.000,49,1200.000,1,14.000,1,8.100,9,8.000,1,1380.000,40,1390.000,5,1400.000,9,1520.000,1,0.000,0,0,0,
93714041000,0.000,0,1340.000,49,1200.000,1,14.000,1,8.100,9,8.000,1,1380.000,40,1390.000,8,1400.000,9,1520.000,1,0.000,0,0,0,
93725416000,0.000,0,1340.000,39,1200.000,1,14.000,1,8.100,9,8.000,1,1380.000,30,1390.000,8,1400.000,9,1520.000,1,0.000,0,0,0,
93735167000,0.000,0,1340.000,49,1200.000,1,14.000,1,8.100,9,8.000,1,1380.000,43,1390.000,5,1400.000,9,1520.000,1,0.000,0,0,0,
93738292000,0.000,0,1340.000,49,1200.000,1,14.000,1,8.100,9,8.000,1,1380.000,40,1390.000,8,1400.000,9,1520.000,1,0.000,0,0,0,
93749791000,0.000,0,1340.000,49,1330.000,5,1200.000,1,14.000,1,8.100,9,1380.000,40,1390.000,8,1400.000,9,1520.000,1,0.000,0,0,0,
93753543000,0.000,0,1340.000,29,1330.000,5,1200.000,1,14.000,1,8.100,9,1380.000,20,1390.000,8,1400.000,9,1520.000,1,0.000,0,0,0,
93754544000,0.000,0,1350.000,20,1340.000,9,1330.000,5,1200.000,1,14.000,1,1380.000,20,1390.000,8,1400.000,9,1520.000,1,0.000,0,0,0,
93756916000,0.000,0,1350.000,20,1340.000,9,1330.000,5,1200.000,1,14.000,1,1380.000,20,1390.000,5,1400.000,9,1520.000,1,0.000,0,0,0,
93814416000,0.000,0,1350.000,20,1340.000,9,1330.000,5,1200.000,1,14.000,1,1380.000,20,1390.000,8,1400.000,9,1520.000,1,0.000,0,0,0,
93815417000,0.000,0,1350.000,20,1340.000,9,1330.000,5,1200.000,1,14.000,1,1380.000,20,1390.000,5,1400.000,9,1520.000,1,0.000,0,0,0,
93816792000,0.000,0,1350.000,30,1340.000,9,1330.000,5,1200.000,1,14.000,1,1380.000,20,1390.000,15,1400.000,9,1520.000,1,0.000,0,0,0,
93816916000,0.000,0,1350.000,20,1340.000,9,1330.000,5,1200.000,1,14.000,1,1380.000,20,1390.000,5,1400.000,9,1520.000,1,0.000,0,0,0,
93826292000,0.000,0,1350.000,20,1340.000,19,1330.000,5,1200.000,1,14.000,1,1380.000,30,1390.000,8,1400.000,9,1520.000,1,0.000,0,0,0,
93826541000,0.000,0,1350.000,20,1340.000,9,1330.000,5,1200.000,1,14.000,1,1390.000,28,1400.000,9,1520.000,1,0.000,0,0.000,0,0,0,
93827542000,0.000,0,1350.000,20,1340.000,9,1330.000,5,1200.000,1,14.000,1,1380.000,20,1390.000,8,1400.000,9,1520.000,1,0.000,0,0,0,
93828542000,0.000,0,1350.000,30,1340.000,9,1330.000,5,1200.000,1,14.000,1,1390.000,38,1400.000,9,1520.000,1,0.000,0,0.000,0,0,0,
93830666000,0.000,0,1350.000,40,1340.000,9,1330.000,5,1200.000,1,14.000,1,1390.000,45,1400.000,9,1520.000,1,0.000,0,0.000,0,0,0,
93832419000,0.000,0,1350.000,40,1340.000,9,1330.000,5,1200.000,1,14.000,1,1390.000,45,1400.000,12,1520.000,1,0.000,0,0.000,0,0,0,
93833791000,0.000,0,1350.000,40,1340.000,9,1330.000,5,1200.000,1,14.000,1,1390.000,45,1400.000,9,1520.000,1,0.000,0,0.000,0,0,0,
93834167000,0.000,0,1350.000,40,1340.000,9,1330.000,5,1200.000,1,14.000,1,1390.000,45,1400.000,12,1520.000,1,0.000,0,0.000,0,0,0,
93843044000,0.000,0,1350.000,40,1340.000,9,1330.000,5,1200.000,1,14.000,1,1390.000,45,1400.000,9,1520.000,1,0.000,0,0.000,0,0,0,
93844168000,0.000,0,1350.000,40,1340.000,9,1330.000,5,1200.000,1,14.000,1,1390.000,45,1400.000,12,1520.000,1,0.000,0,0.000,0,0,0,
93850791000,0.000,0,1350.000,30,1340.000,9,1330.000,5,1200.000,1,14.000,1,1390.000,35,1400.000,12,1520.000,1,0.000,0,0.000,0,0,0,
93856416000,0.000,0,1350.000,40,1340.000,9,1330.000,5,1200.000,1,14.000,1,1390.000,45,1400.000,12,1520.000,1,0.000,0,0.000,0,0,0,
93905542000,0.000,0,1350.000,40,1340.000,9,1200.000,1,14.000,1,8.100,9,1390.000,45,1400.000,12,1520.000,1,0.000,0,0.000,0,0,0,
93905916000,0.000,0,1350.000,40,1340.000,14,1200.000,1,14.000,1,8.100,9,1390.000,45,1400.000,12,1520.000,1,0.000,0,0.000,0,0,0,
93916416000,0.000,0,1350.000,40,1340.000,14,1200.000,1,14.000,1,8.100,9,1390.000,45,1400.000,12,1520.000,1,0.000,0,0.000,0,0,0,
93936291000,0.000,0,1350.000,40,1340.000,14,1200.000,1,14.000,1,8.100,9,1390.000,45,1400.000,12,1520.000,1,0.000,0,0.000,0,0,0,
93945168000,0.000,0,1350.000,40,1340.000,14,1200.000,1,14.000,1,8.100,9,1390.000,48,1400.000,9,1520.000,1,0.000,0,0.000,0,0,0,
93948291000,0.000,0,1350.000,40,1340.000,14,1200.000,1,14.000,1,8.100,9,1390.000,45,1400.000,12,1520.000,1,0.000,0,0.000,0,0,0,
93956166000,0.000,0,1350.000,40,1340.000,14,1200.000,1,14.000,1,8.100,9,1390.000,45,1400.000,12,1520.000,1,0.000,0,0.000,0,0,0,
94000668000,0.000,0,1350.000,40,1340.000,14,1200.000,1,14.000,1,8.100,9,1390.000,45,1400.000,9,1520.000,1,0.000,0,0.000,0,0,0,
94001293000,0.000,0,1350.000,40,1340.000,14,1200.000,1,14.000,1,8.100,9,1390.000,40,1400.000,9,1520.000,1,0.000,0,0.000,0,0,0,
94005041000,0.000,0,1350.000,40,1340.000,14,1200.000,1,14.000,1,8.100,9,1390.000,40,1400.000,12,1520.000,1,0.000,0,0.000,0,0,0,
94016041000,0.000,0,1350.000,40,1340.000,14,1200.000,1,14.000,1,8.100,9,1390.000,40,1400.000,9,1520.000,1,0.000,0,0.000,0,0,0,
94016544000,0.000,0,1350.000,20,1340.000,14,1200.000,1,14.000,1,8.100,9,1390.000,20,1400.000,9,1520.000,1,0.000,0,0.000,0,0,0,
94024043000,0.000,0,1350.000,20,1340.000,14,1200.000,1,14.000,1,8.100,9,1390.000,20,1400.000,12,1520.000,1,0.000,0,0.000,0,0,0,
94046417000,0.000,0,1350.000,40,1340.000,14,1200.000,1,14.000,1,8.100,9,1390.000,40,1400.000,12,1520.000,1,0.000,0,0.000,0,0,0,
94047043000,0.000,0,1350.000,40,1340.000,14,1200.000,1,14.000,1,8.100,9,1390.000,40,1400.000,9,1520.000,1,0.000,0,0.000,0,0,0,
94047166000,0.000,0,1350.000,40,1340.000,14,1200.000,1,14.000,1,8.100,9,1390.000,40,1400.000,17,1520.000,1,0.000,0,0.000,0,0,0,
94056667000,0.000,0,1350.000,20,1340.000,14,1200.000,1,14.000,1,8.100,9,1390.000,20,1400.000,17,1520.000,1,0.000,0,0.000,0,0,0,
94102542000,0.000,0,1350.000,40,1340.000,14,1200.000,1,14.000,1,8.100,9,1390.000,40,1400.000,17,1520.000,1,0.000,0,0.000,0,0,0,
94122541000,0.000,0,1350.000,30,1340.000,14,1200.000,1,14.000,1,8.100,9,1390.000,30,1400.000,17,1520.000,1,0.000,0,0.000,0,0,0,
94125916000,0.000,0,1350.000,40,1340.000,14,1200.000,1,14.000,1,8.100,9,1390.000,40,1400.000,17,1520.000,1,0.000,0,0.000,0,0,0,
94133920000,0.000,0,1350.000,20,1340.000,14,1200.000,1,14.000,1,8.100,9,1390.000,20,1400.000,17,1520.000,1,0.000,0,0.000,0,0,0,
94136542000,0.000,0,1350.000,20,1340.000,14,1200.000,1,14.000,1,8.100,9,1390.000,20,1400.000,14,1520.000,1,0.000,0,0.000,0,0,0,
94136666000,0.000,0,1350.000,20,1340.000,14,1200.000,1,14.000,1,8.100,9,1390.000,20,1400.000,17,1520.000,1,0.000,0,0.000,0,0,0,
94148791000,0.000,0,1350.000,20,1340.000,14,1200.000,1,14.000,1,8.100,9,1390.000,20,1400.000,14,1520.000,1,0.000,0,0.000,0,0,0,
94154542000,0.000,0,1350.000,20,1340.000,14,1200.000,1,14.000,1,8.100,9,1390.000,20,1400.000,17,1520.000,1,0.000,0,0.000,0,0,0,
94201416000,0.000,0,1350.000,40,1340.000,14,1200.000,1,14.000,1,8.100,9,1390.000,40,1400.000,17,1520.000,1,0.000,0,0.000,0,0,0,
94221417000,0.000,0,1350.000,30,1340.000,14,1200.000,1,14.000,1,8.100,9,1390.000,30,1400.000,17,1520.000,1,0.000,0,0.000,0,0,0,
94225666000,0.000,0,1350.000,40,1340.000,14,1200.000,1,14.000,1,8.100,9,1390.000,40,1400.000,17,1520.000,1,0.000,0,0.000,0,0,0,
94234918000,0.000,0,1350.000,30,1340.000,14,1200.000,1,14.000,1,8.100,9,1390.000,30,1400.000,17,1520.000,1,0.000,0,0.000,0,0,0,
94240666000,0.000,0,1350.000,40,1340.000,14,1200.000,1,14.000,1,8.100,9,1390.000,40,1400.000,17,1520.000,1,0.000,0,0.000,0,0,0,
94300666000,0.000,0,1350.000,30,1340.000,14,1200.000,1,14.000,1,8.100,9,1390.000,30,1400.000,17,1520.000,1,0.000,0,0.000,0,0,0,
94301543000,0.000,0,1350.000,40,1340.000,17,1200.000,1,14.000,1,8.100,9,1390.000,40,1400.000,17,1520.000,1,0.000,0,0.000,0,0,0,
94303166000,0.000,0,1350.000,40,1340.000,14,1200.000,1,14.000,1,8.100,9,1390.000,40,1400.000,17,1520.000,1,0.000,0,0.000,0,0,0,
94321541000,0.000,0,1350.000,30,1340.000,14,1200.000,1,14.000,1,8.100,9,1390.000,30,1400.000,17,1520.000,1,0.000,0,0.000,0,0,0,
94325416000,0.000,0,1350.000,40,1340.000,14,1200.000,1,14.000,1,8.100,9,1390.000,40,1400.000,17,1520.000,1,0.000,0,0.000,0,0,0,
94336418000,0.000,0,1350.000,20,1340.000,14,1200.000,1,14.000,1,8.100,9,1390.000,20,1400.000,17,1520.000,1,0.000,0,0.000,0,0,0,
94337418000,0.000,0,1350.000,20,1340.000,14,1200.000,1,14.000,1,8.100,9,1390.000,20,1400.000,14,1520.000,1,0.000,0,0.000,0,0,0,
94339167000,0.000,0,1350.000,20,1340.000,17,1200.000,1,14.000,1,8.100,9,1390.000,20,1400.000,14,1520.000,1,0.000,0,0.000,0,0,0,
94339916000,0.000,0,1350.000,20,1340.000,17,1200.000,1,14.000,1,8.100,9,1390.000,20,1400.000,17,1520.000,1,0.000,0,0.000,0,0,0,
94340416000,0.000,0,1350.000,20,1340.000,14,1200.000,1,14.000,1,8.100,9,1390.000,20,1400.000,14,1520.000,1,0.000,0,0.000,0,0,0,
94347045000,0.000,0,1350.000,30,1340.000,14,1200.000,1,14.000,1,8.100,9,1390.000,30,1400.000,17,1520.000,1,0.000,0,0.000,0,0,0,
94347668000,0.000,0,1350.000,40,1340.000,14,1200.000,1,14.000,1,8.100,9,1390.000,40,1400.000,17,1520.000,1,0.000,0,0.000,0,0,0,
94405418000,0.000,0,1350.000,40,1340.000,14,1200.000,1,14.000,1,8.100,9,1390.000,40,1400.000,17,1520.000,1,0.000,0,0.000,0,0,0,
94425291000,0.000,0,1350.000,40,1340.000,14,1200.000,1,14.000,1,8.100,9,1390.000,40,1400.000,17,1520.000,1,0.000,0,0.000,0,0,0,
94435666000,0.000,0,1350.000,40,1340.000,14,1200.000,1,14.500,9,14.000,1,1390.000,40,1400.000,17,1520.000,1,0.000,0,0.000,0,0,0,
94436420000,0.000,0,1350.000,30,1340.000,14,1200.000,1,14.500,9,14.000,1,1390.000,30,1400.000,17,1520.000,1,0.000,0,0.000,0,0,0,
94441791000,0.000,0,1350.000,40,1340.000,14,1200.000,1,14.500,9,14.000,1,1390.000,40,1400.000,17,1520.000,1,0.000,0,0.000,0,0,0,
94501668000,0.000,0,1350.000,20,1340.000,14,1200.000,1,14.500,9,14.000,1,1390.000,20,1400.000,17,1520.000,1,0.000,0,0.000,0,0,0,
94502416000,0.000,0,1350.000,40,1340.000,14,1200.000,1,14.500,9,14.000,1,1390.000,40,1400.000,17,1520.000,1,0.000,0,0.000,0,0,0,
94502917000,0.000,0,1350.000,20,1340.000,14,1200.000,1,14.500,9,14.000,1,1390.000,20,1400.000,17,1520.000,1,0.000,0,0.000,0,0,0,
94516417000,0.000,0,1350.000,20,1340.000,14,1200.000,1,14.500,9,14.000,1,1390.000,20,1400.000,14,1520.000,1,0.000,0,0.000,0,0,0,
94516542000,0.000,0,1350.000,20,1340.000,14,1200.000,1,14.500,9,14.000,1,1390.000,20,1400.000,17,1520.000,1,0.000,0,0.000,0,0,0,
94518792000,0.000,0,1340.000,14,1200.000,1,14.500,9,14.000,1,8.100,9,1400.000,17,1520.000,1,0.000,0,0.000,0,0.000,0,0,0,
94522666000,0.000,0,1340.000,34,1200.000,1,14.500,9,14.000,1,8.100,9,1380.000,20,1390.000,3,1400.000,14,1520.000,1,0.000,0,0,0,
94522791000,0.000,0,1340.000,54,1200.000,1,14.500,9,14.000,1,8.100,9,1380.000,40,1390.000,3,1400.000,14,1520.000,1,0.000,0,0,0,
94531292000,0.000,0,1340.000,44,1200.000,1,14.500,9,14.000,1,8.100,9,1380.000,30,1390.000,3,1400.000,14,1520.000,1,0.000,0,0,0,
94531917000,0.000,0,1340.000,44,1200.000,1,14.500,9,14.000,1,8.100,9,1380.000,30,1400.000,14,1520.000,1,0.000,0,0.000,0,0,0,
94542167000,0.000,0,1340.000,54,1200.000,1,14.500,9,14.000,1,8.100,9,1380.000,40,1390.000,3,1400.000,14,1520.000,1,0.000,0,0,0,
94601542000,0.000,0,1340.000,34,1200.000,1,14.500,9,14.000,1,8.100,9,1380.000,20,1390.000,3,1400.000,14,1520.000,1,0.000,0,0,0,
94601667000,0.000,0,1350.000,20,1340.000,14,1200.000,1,14.500,9,14.000,1,1380.000,20,1390.000,3,1400.000,14,1520.000,1,0.000,0,0,0,
94602792000,0.000,0,1350.000,20,1340.000,14,1200.000,1,14.500,9,14.000,1,1390.000,20,1400.000,14,1520.000,1,0.000,0,0.000,0,0,0,
94602916000,0.000,0,1350.000,20,1340.000,14,1200.000,1,14.500,9,14.000,1,1390.000,20,1400.000,17,1520.000,1,0.000,0,0.000,0,0,0,
94633791000,0.000,0,1350.000,20,1340.000,14,1200.000,1,14.500,9,14.000,1,1390.000,23,1400.000,14,1520.000,1,0.000,0,0.000,0,0,0,
94634541000,0.000,0,1340.000,14,1200.000,1,14.500,9,14.000,1,8.100,9,1390.000,3,1400.000,14,1520.000,1,0.000,0,0.000,0,0,0,
94635541000,0.000,0,1340.000,44,1200.000,1,14.500,9,14.000,1,8.100,9,1380.000,30,1390.000,3,1400.000,14,1520.000,1,0.000,0,0,0,
94635666000,0.000,0,1340.000,54,1200.000,1,14.500,9,14.000,1,8.100,9,1380.000,40,1390.000,3,1400.000,14,1520.000,1,0.000,0,0,0,
94641667000,0.000,0,1340.000,44,1200.000,1,14.500,9,14.000,1,8.100,9,1380.000,30,1390.000,3,1400.000,14,1520.000,1,0.000,0,0,0,
94650416000,0.000,0,1340.000,54,1200.000,1,14.500,9,14.000,1,8.100,9,1380.000,40,1390.000,3,1400.000,14,1520.000,1,0.000,0,0,0,
94655167000,0.000,0,1340.000,54,1200.000,1,14.500,9,14.000,1,8.100,9,1380.000,40,1390.000,3,1400.000,14,1520.000,1,0.000,0,0,0,
94658542000,0.000,0,1340.000,54,1200.000,1,14.500,9,14.000,1,8.100,9,1380.000,40,1400.000,14,1520.000,1,0.000,0,0.000,0,0,0,
94659166000,0.000,0,1340.000,54,1200.000,1,14.500,9,14.000,1,8.100,9,1380.000,40,1390.000,3,1400.000,14,1520.000,1,0.000,0,0,0,
94705044000,0.000,0,1340.000,44,1200.000,1,14.500,9,14.000,1,8.100,9,1380.000,30,1390.000,3,1400.000,14,1520.000,1,0.000,0,0,0,
94715166000,0.000,0,1340.000,54,1200.000,1,14.500,9,14.000,1,8.100,9,1380.000,40,1390.000,3,1400.000,14,1520.000,1,0.000,0,0,0,
94726543000,0.000,0,1340.000,54,1200.000,1,14.500,9,14.000,1,8.100,9,1380.000,43,1400.000,14,1520.000,1,0.000,0,0.000,0,0,0,
94729666000,0.000,0,1340.000,54,1200.000,1,14.500,9,14.000,1,8.100,9,1380.000,40,1390.000,3,1400.000,14,1520.000,1,0.000,0,0,0,
94735166000,0.000,0,1340.000,54,1200.000,1,14.500,9,14.000,1,8.100,9,1380.000,40,1390.000,3,1400.000,14,1520.000,1,0.000,0,0,0,
94751416000,0.000,0,1340.000,54,1200.000,1,14.500,9,14.000,1,8.100,9,1380.000,40,1390.000,3,1400.000,9,1520.000,1,0.000,0,0,0,
94751666000,0.000,0,1340.000,54,1200.000,1,14.500,9,14.000,1,8.100,9,1380.000,40,1390.000,8,1400.000,9,1520.000,1,0.000,0,0,0,
94755041000,0.000,0,1340.000,54,1200.000,1,14.500,9,14.000,1,8.100,9,1380.000,40,1390.000,8,1400.000,9,1520.000,1,0.000,0,0,0,
94757416000,0.000,0,1340.000,54,1200.000,1,14.500,9,14.000,1,8.100,9,1380.000,40,1390.000,5,1400.000,9,1520.000,1,0.000,0,0,0,
94801043000,0.000,0,1340.000,54,1200.000,1,14.500,9,14.000,1,8.100,9,1380.000,40,1390.000,8,1400.000,9,1520.000,1,0.000,0,0,0,
94808795000,0.000,0,1340.000,35,1200.000,1,14.500,9,14.000,1,8.100,9,1380.000,30,1390.000,8,1400.000,9,1520.000,1,0.000,0,0,0,
94808920000,0.000,0,1340.000,25,1200.000,1,14.500,9,14.000,1,8.100,9,1380.000,20,1390.000,5,1400.000,9,1520.000,1,0.000,0,0,0,
94812542000,0.000,0,1340.000,25,1200.000,1,14.500,9,14.000,1,8.100,9,1380.000,20,1390.000,8,1400.000,9,1520.000,1,0.000,0,0,0,
94826292000,0.000,0,1340.000,45,1200.000,1,14.500,9,14.000,1,8.100,9,1380.000,40,1390.000,8,1400.000,9,1520.000,1,0.000,0,0,0,
94830669000,0.000,0,1340.000,40,1200.000,1,14.500,9,14.000,1,8.100,9,1380.000,40,1390.000,8,1400.000,9,1520.000,1,0.000,0,0,0,
94830794000,0.000,0,1340.000,20,1200.000,1,14.500,9,14.000,1,8.100,9,1380.000,20,1390.000,8,1400.000,9,1520.000,1,0.000,0,0,0,
94831045000,0.000,0,1340.000,20,1200.000,1,14.500,9,14.000,1,8.100,9,1380.000,20,1390.000,5,1400.000,9,1520.000,1,0.000,0,0,0,
94832542000,0.000,0,1340.000,20,1200.000,1,14.500,9,14.000,1,8.100,9,1380.000,20,1390.000,8,1400.000,9,1520.000,1,0.000,0,0,0,
94837417000,0.000,0,1340.000,20,1200.000,1,14.500,9,14.000,1,8.100,9,1380.000,23,1390.000,5,1400.000,9,1520.000,1,0.000,0,0,0,
94846793000,0.000,0,1200.000,1,14.500,9,14.000,1,8.100,9,8.000,1,1380.000,3,1390.000,5,1400.000,9,1520.000,1,0.000,0,0,0,
94846917000,0.000,0,1210.000,3,1200.000,1,14.500,9,14.000,1,8.100,9,1380.000,3,1390.000,5,1400.000,9,1520.000,1,0.000,0,0,0,
94847792000,0.000,0,1330.000,20,1210.000,3,1200.000,1,14.500,9,14.000,1,1370.000,20,1380.000,3,1390.000,5,1400.000,9,1520.000,1,0,0,
94847917000,0.000,0,1330.000,30,1210.000,3,1200.000,1,14.500,9,14.000,1,1370.000,30,1380.000,3,1390.000,5,1400.000,9,1520.000,1,0,0,
94848168000,0.000,0,1330.000,20,1210.000,3,1200.000,1,14.500,9,14.000,1,1370.000,20,1380.000,3,1390.000,5,1400.000,9,1520.000,1,0,0,
94849667000,0.000,0,1330.000,20,1200.000,1,14.500,9,14.000,1,8.100,9,1370.000,20,1380.000,3,1390.000,5,1400.000,9,1520.000,1,0,0,
94855041000,0.000,0,1330.000,40,1200.000,1,14.500,9,14.000,1,8.100,9,1370.000,40,1380.000,3,1390.000,5,1400.000,9,1520.000,1,0,0,
94900419000,0.000,0,1330.000,40,1200.000,1,14.500,9,14.000,1,8.100,9,1370.000,40,1390.000,5,1400.000,9,1520.000,1,0.000,0,0,0,
94903542000,0.000,0,1330.000,40,1200.000,1,14.500,9,14.000,1,8.100,9,1370.000,40,1380.000,3,1390.000,5,1400.000,9,1520.000,1,0,0,
94905168000,0.000,0,1330.000,30,1200.000,1,14.500,9,14.000,1,8.100,9,1370.000,30,1380.000,3,1390.000,5,1400.000,9,1520.000,1,0,0,
94923541000,0.000,0,1330.000,40,1200.000,1,14.500,9,14.000,1,8.100,9,1370.000,43,1390.000,5,1400.000,9,1520.000,1,0.000,0,0,0,
94926666000,0.000,0,1330.000,40,1200.000,1,14.500,9,14.000,1,8.100,9,1370.000,40,1380.000,3,1390.000,5,1400.000,9,1520.000,1,0,0,
94943666000,0.000,0,1330.000,30,1200.000,1,14.500,9,14.000,1,8.100,9,1370.000,30,1380.000,3,1390.000,5,1400.000,9,1520.000,1,0,0,
94955041000,0.000,0,1330.000,40,1200.000,1,14.500,9,14.000,1,8.100,9,1370.000,40,1380.000,3,1390.000,5,1400.000,9,1520.000,1,0,0,
95000667000,0.000,0,1330.000,40,1200.000,1,14.500,9,14.000,1,8.100,9,1370.000,40,1390.000,5,1400.000,9,1520.000,1,0.000,0,0,0,
95001294000,0.000,0,1330.000,40,1200.000,1,14.500,9,14.000,1,8.100,9,1370.000,40,1380.000,3,1390.000,5,1400.000,9,1520.000,1,0,0,
95006792000,0.000,0,1330.000,40,1200.000,1,14.500,9,14.000,1,8.100,9,1370.000,40,1390.000,5,1400.000,9,1520.000,1,0.000,0,0,0,
95007047000,0.000,0,1330.000,40,1200.000,1,14.500,9,14.000,1,8.100,9,1370.000,40,1380.000,3,1390.000,5,1400.000,9,1520.000,1,0,0,
95009917000,0.000,0,1330.000,40,1200.000,1,14.500,9,14.000,1,8.100,9,1370.000,43,1390.000,5,1400.000,9,1520.000,1,0.000,0,0,0,
95015166000,0.000,0,1330.000,30,1200.000,1,14.500,9,14.000,1,8.100,9,1370.000,33,1390.000,5,1400.000,9,1520.000,1,0.000,0,0,0,
95021042000,0.000,0,1330.000,40,1200.000,1,14.500,9,14.000,1,8.100,9,1370.000,43,1390.000,5,1400.000,9,1520.000,1,0.000,0,0,0,
95031417000,0.000,0,1330.000,40,1200.000,1,14.500,9,14.000,1,8.100,9,1370.000,40,1380.000,3,1390.000,5,1400.000,9,1520.000,1,0,0,
95033416000,0.000,0,1330.000,40,1320.000,5,1200.000,1,14.500,9,14.000,1,1370.000,40,1380.000,3,1390.000,5,1400.000,9,1520.000,1,0,0,
95034291000,0.000,0,1330.000,40,1320.000,5,1200.000,1,14.500,9,14.000,1,1370.000,40,1380.000,3,1400.000,9,1520.000,1,0.000,0,0,0,
95034541000,0.000,0,1330.000,40,1320.000,5,1200.000,1,14.500,9,14.000,1,1370.000,40,1380.000,8,1400.000,9,1520.000,1,0.000,0,0,0,
95041041000,0.000,0,1330.000,30,1320.000,5,1200.000,1,14.500,9,14.000,1,1370.000,30,1380.000,8,1400.000,9,1520.000,1,0.000,0,0,0,
95043791000,0.000,0,1330.000,40,1320.000,5,1200.000,1,14.500,9,14.000,1,1370.000,43,1380.000,5,1400.000,9,1520.000,1,0.000,0,0,0,
95046917000,0.000,0,1330.000,40,1320.000,5,1200.000,1,14.500,9,14.000,1,1370.000,40,1380.000,8,1400.000,9,1520.000,1,0.000,0,0,0,
95050042000,0.000,0,1330.000,40,1320.000,5,1200.000,1,14.500,9,14.000,1,1370.000,40,1380.000,5,1400.000,9,1520.000,1,0.000,0,0,0,
95050541000,0.000,0,1330.000,40,1320.000,5,1200.000,1,14.500,9,14.000,1,1370.000,40,1380.000,8,1400.000,9,1520.000,1,0.000,0,0,0,
95102418000,0.000,0,1330.000,40,1320.000,5,1200.000,1,14.500,9,14.000,1,1370.000,43,1380.000,5,1400.000,9,1520.000,1,0.000,0,0,0,
95114295000,0.000,0,1330.000,30,1320.000,5,1200.000,1,14.500,9,14.000,1,1370.000,33,1380.000,5,1400.000,9,1520.000,1,0.000,0,0,0,
95114420000,0.000,0,1330.000,30,1320.000,5,1200.000,1,14.500,9,14.000,1,1370.000,30,1380.000,5,1400.000,9,1520.000,1,0.000,0,0,0,
95114545000,0.000,0,1330.000,20,1320.000,5,1200.000,1,14.500,9,14.000,1,1370.000,20,1380.000,5,1400.000,9,1520.000,1,0.000,0,0,0,
95116542000,0.000,0,1330.000,20,1320.000,5,1200.000,1,14.500,9,14.000,1,1370.000,20,1380.000,8,1400.000,9,1520.000,1,0.000,0,0,0,
95117791000,0.000,0,1330.000,20,1320.000,5,1200.000,1,14.500,9,14.000,1,1370.000,23,1380.000,5,1400.000,9,1520.000,1,0.000,0,0,0,
95129542000,0.000,0,1330.000,30,1320.000,5,1200.000,1,14.500,9,14.000,1,1370.000,33,1380.000,5,1400.000,9,1520.000,1,0.000,0,0,0,
95129666000,0.000,0,1330.000,40,1320.000,5,1200.000,1,14.500,9,14.000,1,1370.000,43,1380.000,5,1400.000,9,1520.000,1,0.000,0,0,0,
95136417000,0.000,0,1330.000,40,1320.000,5,1200.000,1,14.500,9,14.000,1,1370.000,40,1380.000,8,1400.000,9,1520.000,1,0.000,0,0,0,
95145541000,0.000,0,1330.000,40,1320.000,5,1200.000,1,14.500,9,14.000,1,1370.000,43,1380.000,5,1400.000,9,1520.000,1,0.000,0,0,0,
95149666000,0.000,0,1330.000,30,1320.000,5,1200.000,1,14.500,9,14.000,1,1370.000,33,1380.000,5,1400.000,9,1520.000,1,0.000,0,0,0,
95155041000,0.000,0,1330.000,40,1320.000,5,1200.000,1,14.500,9,14.000,1,1370.000,43,1380.000,5,1400.000,9,1520.000,1,0.000,0,0,0,
95157916000,0.000,0,1330.000,40,1320.000,5,1200.000,1,14.500,9,14.000,1,1370.000,40,1380.000,8,1400.000,9,1520.000,1,0.000,0,0,0,
95204167000,0.000,0,1330.000,40,1320.000,5,1200.000,1,14.500,9,14.000,1,1370.000,43,1380.000,5,1400.000,9,1520.000,1,0.000,0,0,0,
95211668000,0.000,0,1330.000,20,1320.000,5,1200.000,1,14.500,9,14.000,1,1370.000,23,1380.000,5,1400.000,9,1520.000,1,0.000,0,0,0,
95212417000,0.000,0,1330.000,20,1320.000,14,1200.000,1,14.500,9,14.000,1,1370.000,23,1380.000,5,1400.000,9,1520.000,1,0.000,0,0,0,
95223417000,0.000,0,1330.000,40,1320.000,14,1200.000,1,14.500,9,14.000,1,1370.000,43,1380.000,5,1400.000,9,1520.000,1,0.000,0,0,0,
95224417000,0.000,0,1330.000,20,1320.000,14,1200.000,1,14.500,9,14.000,1,1370.000,23,1380.000,5,1400.000,9,1520.000,1,0.000,0,0,0,
95228791000,0.000,0,1330.000,30,1320.000,14,1200.000,1,14.500,9,14.000,1,1370.000,30,1380.000,5,1400.000,9,1520.000,1,0.000,0,0,0,
95229168000,0.000,0,1330.000,40,1320.000,14,1200.000,1,14.500,9,14.000,1,1370.000,43,1380.000,5,1400.000,9,1520.000,1,0.000,0,0,0,
95233292000,0.000,0,1330.000,30,1320.000,14,1200.000,1,14.500,9,14.000,1,1370.000,33,1380.000,5,1400.000,9,1520.000,1,0.000,0,0,0,
95234291000,0.000,0,1330.000,40,1320.000,14,1200.000,1,14.500,9,14.000,1,1370.000,43,1380.000,5,1400.000,9,1520.000,1,0.000,0,0,0,
95238542000,0.000,0,1330.000,20,1320.000,14,1200.000,1,14.500,9,14.000,1,1370.000,23,1380.000,5,1400.000,9,1520.000,1,0.000,0,0,0,
95244166000,0.000,0,1330.000,20,1320.000,14,1200.000,1,14.500,9,14.000,1,1370.000,20,1380.000,8,1400.000,9,1520.000,1,0.000,0,0,0,
95244792000,0.000,0,1330.000,40,1320.000,14,1200.000,1,14.500,9,14.000,1,1370.000,40,1380.000,8,1400.000,9,1520.000,1,0.000,0,0,0,
95252917000,0.000,0,1330.000,20,1320.000,14,1200.000,1,14.500,9,14.000,1,1370.000,20,1380.000,8,1400.000,9,1520.000,1,0.000,0,0,0,
95256291000,0.000,0,1330.000,40,1320.000,14,1200.000,1,14.500,9,14.000,1,1370.000,40,1380.000,8,1400.000,9,1520.000,1,0.000,0,0,0,
95257292000,0.000,0,1330.000,30,1320.000,14,1200.000,1,14.500,9,14.000,1,1370.000,30,1380.000,8,1400.000,9,1520.000,1,0.000,0,0,0,
95302667000,0.000,0,1330.000,30,1320.000,14,1200.000,1,14.500,9,14.000,1,1370.000,30,1380.000,5,1400.000,9,1520.000,1,0.000,0,0,0,
95304167000,0.000,0,1330.000,30,1320.000,14,1200.000,1,14.500,9,14.000,1,1370.000,30,1380.000,8,1400.000,9,1520.000,1,0.000,0,0,0,
95307420000,0.000,0,1330.000,20,1320.000,14,1200.000,1,14.500,9,14.000,1,1370.000,20,1380.000,5,1400.000,9,1520.000,1,0.000,0,0,0,
95307670000,0.000,0,1320.000,14,1200.000,1,14.500,9,14.000,1,8.100,9,1380.000,5,1400.000,9,1520.000,1,0.000,0,0.000,0,0,0,
95308045000,0.000,0,1320.000,5,1200.000,1,14.500,9,14.000,1,8.100,9,1380.000,5,1400.000,9,1520.000,1,0.000,0,0.000,0,0,0,
95308169000,0.000,0,1200.000,1,14.500,9,14.000,1,8.100,9,8.000,1,1380.000,5,1400.000,9,1520.000,1,0.000,0,0.000,0,0,0,
95311669000,0.000,0,1200.000,1,14.500,9,14.000,1,8.100,9,8.000,1,1380.000,5,1520.000,1,0.000,0,0.000,0,0.000,0,0,0,
95312417000,0.000,0,1200.000,1,1190.000,3,14.500,9,14.000,1,8.100,9,1380.000,5,1520.000,1,0.000,0,0.000,0,0.000,0,0,0,
95312917000,0.000,0,1200.000,1,1190.000,3,14.500,9,14.000,1,8.100,9,1380.000,5,1390.000,3,1520.000,1,0.000,0,0.000,0,0,0,
95314918000,0.000,0,1210.000,3,1200.000,1,14.500,9,14.000,1,8.100,9,1380.000,5,1390.000,3,1520.000,1,0.000,0,0.000,0,0,0,
95316793000,0.000,0,1200.000,1,14.500,9,14.000,1,8.100,9,8.000,1,1380.000,5,1520.000,1,0.000,0,0.000,0,0.000,0,0,0,
95317292000,0.000,0,1200.000,1,1190.000,3,14.500,9,14.000,1,8.100,9,1380.000,5,1520.000,1,0.000,0,0.000,0,0.000,0,0,0,
95317917000,0.000,0,1210.000,3,1200.000,1,14.500,9,14.000,1,8.100,9,1380.000,5,1520.000,1,0.000,0,0.000,0,0.000,0,0,0,
95318167000,0.000,0,1210.000,3,1200.000,1,14.500,9,14.000,1,8.100,9,1380.000,8,1520.000,1,0.000,0,0.000,0,0.000,0,0,0,
95321042000,0.000,0,1210.000,3,1200.000,1,14.500,9,14.000,1,8.100,9,1370.000,3,1380.000,5,1520.000,1,0.000,0,0.000,0,0,0,
95348667000,0.000,0,1300.000,20,1210.000,3,1200.000,1,14.500,9,14.000,1,1340.000,20,1370.000,3,1380.000,5,1520.000,1,0.000,0,0,0,
95351542000,0.000,0,1300.000,20,1200.000,1,14.500,9,14.000,1,8.100,9,1340.000,20,1350.000,3,1380.000,5,1520.000,1,0.000,0,0,0,
95355795000,0.000,0,1300.000,20,1200.000,1,14.500,9,14.000,1,8.100,9,1340.000,20,1380.000,5,1520.000,1,0.000,0,0.000,0,0,0,
95356044000,0.000,0,1200.000,1,14.500,9,14.000,1,8.100,9,8.000,1,1380.000,5,1520.000,1,0.000,0,0.000,0,0.000,0,0,0,
95356792000,0.000,0,1210.000,3,1200.000,1,14.500,9,14.000,1,8.100,9,1380.000,5,1520.000,1,0.000,0,0.000,0,0.000,0,0,0,
95357419000,0.000,0,1210.000,3,1200.000,1,14.500,9,14.000,1,8.100,9,1370.000,3,1380.000,5,1520.000,1,0.000,0,0.000,0,0,0,
95357667000,0.000,0,1210.000,3,1200.000,1,14.500,9,14.000,1,8.100,9,1380.000,5,1390.000,3,1520.000,1,0.000,0,0.000,0,0,0,
95400792000,0.000,0,1200.000,1,14.500,9,14.000,1,8.100,9,8.000,1,1380.000,5,1520.000,1,0.000,0,0.000,0,0.000,0,0,0,
95401042000,0.000,0,1200.000,1,1190.000,3,14.500,9,14.000,1,8.100,9,1380.000,5,1520.000,1,0.000,0,0.000,0,0.000,0,0,0,
95401292000,0.000,0,1200.000,1,1190.000,3,14.500,9,14.000,1,8.100,9,1380.000,8,1520.000,1,0.000,0,0.000,0,0.000,0,0,0,
95403792000,0.000,0,1210.000,3,1200.000,1,14.500,9,14.000,1,8.100,9,1370.000,3,1380.000,5,1520.000,1,0.000,0,0.000,0,0,0,
95415542000,0.000,0,1300.000,20,1210.000,3,1200.000,1,14.500,9,14.000,1,1340.000,20,1370.000,3,1380.000,5,1520.000,1,0.000,0,0,0,
95415918000,0.000,0,1300.000,30,1200.000,1,14.500,9,14.000,1,8.100,9,1340.000,30,1370.000,3,1380.000,5,1520.000,1,0.000,0,0,0,
95418917000,0.000,0,1300.000,30,1200.000,1,14.500,9,14.000,1,8.100,9,1340.000,30,1380.000,5,1520.000,1,0.000,0,0.000,0,0,0,
95419418000,0.000,0,1300.000,30,1200.000,1,14.500,9,14.000,1,8.100,9,1340.000,30,1350.000,3,1380.000,5,1520.000,1,0.000,0,0,0,
95421042000,0.000,0,1200.000,1,14.500,9,14.000,1,8.100,9,8.000,1,1350.000,3,1380.000,5,1520.000,1,0.000,0,0.000,0,0,0,
95421292000,0.000,0,1210.000,3,1200.000,1,14.500,9,14.000,1,8.100,9,1350.000,3,1380.000,5,1520.000,1,0.000,0,0.000,0,0,0,
95422045000,0.000,0,1300.000,20,1200.000,1,14.500,9,14.000,1,8.100,9,1340.000,20,1380.000,5,1520.000,1,0.000,0,0.000,0,0,0,
95422167000,0.000,0,1300.000,20,1200.000,1,14.500,9,14.000,1,8.100,9,1340.000,20,1350.000,3,1380.000,5,1520.000,1,0.000,0,0,0,
95425044000,0.000,0,1210.000,3,1200.000,1,14.500,9,14.000,1,8.100,9,1370.000,3,1380.000,5,1520.000,1,0.000,0,0.000,0,0,0,
95449542000,0.000,0,1210.000,3,1200.000,1,14.500,9,14.000,1,8.100,9,1380.000,8,1520.000,1,0.000,0,0.000,0,0.000,0,0,0,
95452667000,0.000,0,1210.000,3,1200.000,1,14.500,9,14.000,1,8.100,9,1370.000,3,1380.000,5,1520.000,1,0.000,0,0.000,0,0,0,
95454042000,0.000,0,1300.000,30,1210.000,3,1200.000,1,14.500,9,14.000,1,1340.000,30,1370.000,3,1380.000,5,1520.000,1,0.000,0,0,0,
95454794000,0.000,0,1210.000,3,1200.000,1,14.500,9,14.000,1,8.100,9,1370.000,3,1380.000,5,1520.000,1,0.000,0,0.000,0,0,0,
95500420000,0.000,0,1200.000,1,14.500,9,14.000,1,8.100,9,8.000,1,1380.000,5,1520.000,1,0.000,0,0.000,0,0.000,0,0,0,
95502167000,0.000,0,1210.000,3,1200.000,1,14.500,9,14.000,1,8.100,9,1380.000,5,1520.000,1,0.000,0,0.000,0,0.000,0,0,0,
95502294000,0.000,0,1210.000,3,1200.000,1,14.500,9,14.000,1,8.100,9,1380.000,5,1390.000,3,1520.000,1,0.000,0,0.000,0,0,0,
95505045000,0.000,0,1210.000,3,1200.000,1,14.500,9,14.000,1,8.100,9,1370.000,3,1380.000,5,1520.000,1,0.000,0,0.000,0,0,0,
95514168000,0.000,0,1200.000,1,14.500,9,14.000,1,8.100,9,8.000,1,1380.000,5,1520.000,1,0.000,0,0.000,0,0.000,0,0,0,
95514293000,0.000,0,1200.000,4,14.500,9,14.000,1,8.100,9,8.000,1,1380.000,5,1390.000,3,1520.000,1,0.000,0,0.000,0,0,0,
95520042000,0.000,0,1290.000,30,1200.000,4,14.500,9,14.000,1,8.100,9,1330.000,30,1380.000,5,1390.000,3,1520.000,1,0.000,0,0,0,
95520293000,0.000,0,1290.000,30,1200.000,1,14.500,9,14.000,1,8.100,9,1330.000,30,1340.000,3,1380.000,5,1520.000,1,0.000,0,0,0,
95522292000,0.000,0,1290.000,20,1200.000,1,14.500,9,14.000,1,8.100,9,1330.000,20,1340.000,3,1380.000,5,1520.000,1,0.000,0,0,0,
95525043000,0.000,0,1200.000,1,14.500,9,14.000,1,8.100,9,8.000,1,1340.000,3,1380.000,5,1520.000,1,0.000,0,0.000,0,0,0,
95525167000,0.000,0,1210.000,3,1200.000,1,14.500,9,14.000,1,8.100,9,1340.000,3,1380.000,5,1520.000,1,0.000,0,0.000,0,0,0,
95526416000,0.000,0,1210.000,3,1200.000,1,14.500,9,14.000,1,8.100,9,1370.000,3,1380.000,5,1520.000,1,0.000,0,0.000,0,0,0,
95526917000,0.000,0,1290.000,20,1210.000,3,1200.000,1,14.500,9,14.000,1,1330.000,20,1370.000,3,1380.000,5,1520.000,1,0.000,0,0,0,
95527792000,0.000,0,1210.000,3,1200.000,1,14.500,9,14.000,1,8.100,9,1370.000,3,1380.000,5,1520.000,1,0.000,0,0.000,0,0,0,
95542045000,0.000,0,1290.000,30,1210.000,3,1200.000,1,14.500,9,14.000,1,1330.000,30,1370.000,3,1380.000,5,1520.000,1,0.000,0,0,0,
95544792000,0.000,0,1290.000,30,1200.000,1,14.500,9,14.000,1,8.100,9,1330.000,30,1340.000,3,1380.000,5,1520.000,1,0.000,0,0,0,
95547918000,0.000,0,1290.000,30,1200.000,1,14.500,9,14.000,1,8.100,9,1330.000,30,1380.000,5,1520.000,1,0.000,0,0.000,0,0,0,
95548416000,0.000,0,1290.000,30,1200.000,1,14.500,9,14.000,1,8.100,9,1330.000,30,1340.000,3,1380.000,5,1520.000,1,0.000,0,0,0,
95552047000,0.000,0,1210.000,3,1200.000,1,14.500,9,14.000,1,8.100,9,1340.000,3,1380.000,5,1520.000,1,0.000,0,0.000,0,0,0,
95553043000,0.000,0,1290.000,20,1210.000,3,1200.000,1,14.500,9,14.000,1,1330.000,20,1340.000,3,1380.000,5,1520.000,1,0.000,0,0,0,
95554043000,0.000,0,1290.000,20,1200.000,1,14.500,9,14.000,1,8.100,9,1330.000,20,1340.000,3,1380.000,5,1520.000,1,0.000,0,0,0,
95608043000,0.000,0,1200.000,1,14.500,9,14.000,1,8.100,9,8.000,1,1340.000,3,1380.000,5,1520.000,1,0.000,0,0.000,0,0,0,
95608166000,0.000,0,1210.000,3,1200.000,1,14.500,9,14.000,1,8.100,9,1340.000,3,1380.000,5,1520.000,1,0.000,0,0.000,0,0,0,
95609541000,0.000,0,1210.000,3,1200.000,1,14.500,9,14.000,1,8.100,9,1370.000,3,1380.000,5,1520.000,1,0.000,0,0.000,0,0,0,
95609916000,0.000,0,1290.000,30,1210.000,3,1200.000,1,14.500,9,14.000,1,1330.000,30,1370.000,3,1380.000,5,1520.000,1,0.000,0,0,0,
95610917000,0.000,0,1210.000,3,1200.000,1,14.500,9,14.000,1,8.100,9,1370.000,3,1380.000,5,1520.000,1,0.000,0,0.000,0,0,0,
95613042000,0.000,0,1290.000,30,1210.000,3,1200.000,1,14.500,9,14.000,1,1330.000,30,1370.000,3,1380.000,5,1520.000,1,0.000,0,0,0,
95615666000,0.000,0,1290.000,30,1200.000,1,14.500,9,14.000,1,8.100,9,1330.000,30,1340.000,3,1380.000,5,1520.000,1,0.000,0,0,0,
95615917000,0.000,0,1210.000,3,1200.000,1,14.500,9,14.000,1,8.100,9,1340.000,3,1380.000,5,1520.000,1,0.000,0,0.000,0,0,0,
95616917000,0.000,0,1290.000,20,1210.000,3,1200.000,1,14.500,9,14.000,1,1330.000,20,1340.000,3,1380.000,5,1520.000,1,0.000,0,0,0,
95617793000,0.000,0,1210.000,3,1200.000,1,14.500,9,14.000,1,8.100,9,1340.000,3,1380.000,5,1520.000,1,0.000,0,0.000,0,0,0,
95618666000,0.000,0,1210.000,3,1200.000,1,14.500,9,14.000,1,8.100,9,1370.000,3,1380.000,5,1520.000,1,0.000,0,0.000,0,0,0,
95620042000,0.000,0,1290.000,20,1210.000,3,1200.000,1,14.500,9,14.000,1,1330.000,20,1370.000,3,1380.000,5,1520.000,1,0.000,0,0,0,
95621667000,0.000,0,1290.000,30,1200.000,1,14.500,9,14.000,1,8.100,9,1330.000,30,1340.000,3,1380.000,5,1520.000,1,0.000,0,0,0,
95629043000,0.000,0,1200.000,1,14.500,9,14.000,1,8.100,9,8.000,1,1340.000,3,1380.000,5,1520.000,1,0.000,0,0.000,0,0,0,
95629166000,0.000,0,1210.000,3,1200.000,1,14.500,9,14.000,1,8.100,9,1340.000,3,1380.000,5,1520.000,1,0.000,0,0.000,0,0,0,
95630042000,0.000,0,1290.000,20,1210.000,3,1200.000,1,14.500,9,14.000,1,1330.000,20,1340.000,3,1380.000,5,1520.000,1,0.000,0,0,0,
95630917000,0.000,0,1290.000,10,1200.000,1,14.500,9,14.000,1,8.100,9,1330.000,10,1340.000,3,1380.000,5,1520.000,1,0.000,0,0,0,
95633917000,0.000,0,1200.000,1,14.500,9,14.000,1,8.100,9,8.000,1,1330.000,3,1380.000,5,1520.000,1,0.000,0,0.000,0,0,0,
95634042000,0.000,0,1210.000,3,1200.000,1,14.500,9,14.000,1,8.100,9,1330.000,3,1380.000,5,1520.000,1,0.000,0,0.000,0,0,0,
95636916000,0.000,0,1210.000,3,1200.000,1,14.500,9,14.000,1,8.100,9,1370.000,3,1380.000,5,1520.000,1,0.000,0,0.000,0,0,0,
95637045000,0.000,0,1290.000,30,1210.000,3,1200.000,1,14.500,9,14.000,1,1330.000,30,1370.000,3,1380.000,5,1520.000,1,0.000,0,0,0,
95640043000,0.000,0,1290.000,30,1200.000,1,14.500,9,14.000,1,8.100,9,1330.000,30,1340.000,3,1380.000,5,1520.000,1,0.000,0,0,0,
95649167000,0.000,0,1290.000,30,1200.000,1,14.500,9,14.000,1,8.100,9,1330.000,30,1380.000,5,1520.000,1,0.000,0,0.000,0,0,0,
95649791000,0.000,0,1290.000,30,1200.000,1,14.500,9,14.000,1,8.100,9,1330.000,30,1340.000,3,1380.000,5,1520.000,1,0.000,0,0,0,
95649916000,0.000,0,1200.000,1,14.500,9,14.000,1,8.100,9,8.000,1,1340.000,3,1380.000,5,1520.000,1,0.000,0,0.000,0,0,0,
95650041000,0.000,0,1210.000,3,1200.000,1,14.500,9,14.000,1,8.100,9,1340.000,3,1380.000,5,1520.000,1,0.000,0,0.000,0,0,0,
95650916000,0.000,0,1290.000,20,1210.000,3,1200.000,1,14.500,9,14.000,1,1330.000,20,1340.000,3,1380.000,5,1520.000,1,0.000,0,0,0,
95651917000,0.000,0,1210.000,3,1200.000,1,14.500,9,14.000,1,8.100,9,1340.000,3,1380.000,5,1520.000,1,0.000,0,0.000,0,0,0,
95652291000,0.000,0,1210.000,3,1200.000,1,14.500,9,14.000,1,8.100,9,1370.000,3,1380.000,5,1520.000,1,0.000,0,0.000,0,0,0,
95656416000,0.000,0,1220.000,5,1210.000,3,1200.000,1,14.500,9,14.000,1,1370.000,3,1520.000,1,0.000,0,0.000,0,0.000,0,0,0,
95658418000,0.000,0,1220.000,5,1210.000,3,1200.000,1,14.500,9,14.000,1,1440.000,3,1520.000,1,0.000,0,0.000,0,0.000,0,0,0,
95659293000,0.000,0,1220.000,5,1210.000,3,1200.000,1,14.500,9,14.000,1,1520.000,1,0.000,0,0.000,0,0.000,0,0.000,0,0,0,
95659417000,0.000,0,1220.000,5,1210.000,3,1200.000,1,14.500,9,14.000,1,1440.000,3,1520.000,1,0.000,0,0.000,0,0.000,0,0,0,
95659794000,0.000,0,1220.000,5,1200.000,1,14.500,9,14.000,1,8.100,9,1520.000,1,0.000,0,0.000,0,0.000,0,0.000,0,0,0,
95701294000,0.000,0,1220.000,5,1200.000,1,14.500,9,14.000,1,8.100,9,1430.000,3,1520.000,1,0.000,0,0.000,0,0.000,0,0,0,
95701668000,0.000,0,1220.000,5,1200.000,1,14.500,9,14.000,1,8.100,9,1520.000,1,0.000,0,0.000,0,0.000,0,0.000,0,0,0,
95701794000,0.000,0,1220.000,5,1130.000,1,14.500,9,14.000,1,8.100,9,1460.000,1,0.000,0,0.000,0,0.000,0,0.000,0,0,0,
95701920000,0.000,0,1220.000,5,1130.000,1,14.500,9,14.000,1,8.100,9,1460.000,1,0.000,0,0.000,0,0.000,0,0.000,0,0,0,
95702419000,0.000,0,1220.000,5,1130.000,1,14.500,9,14.000,1,8.100,9,1430.000,3,1460.000,1,0.000,0,0.000,0,0.000,0,0,0,
95702669000,0.000,0,1220.000,5,1130.000,1,14.500,9,14.000,1,8.100,9,1460.000,1,0.000,0,0.000,0,0.000,0,0.000,0,0,0,
95703420000,0.000,0,1220.000,5,1130.000,1,14.500,9,14.000,1,8.100,9,1430.000,3,1460.000,1,0.000,0,0.000,0,0.000,0,0,0,
95703544000,0.000,0,1220.000,5,1210.000,3,1130.000,1,14.500,9,14.000,1,1430.000,3,1460.000,1,0.000,0,0.000,0,0.000,0,0,0,
95704544000,0.000,0,1220.000,8,1130.000,1,14.500,9,14.000,1,8.100,9,1430.000,3,1460.000,1,0.000,0,0.000,0,0.000,0,0,0,
95705046000,0.000,0,1220.000,5,1130.000,1,14.500,9,14.000,1,8.100,9,1460.000,1,0.000,0,0.000,0,0.000,0,0.000,0,0,0,
95705168000,0.000,0,1220.000,5,1130.000,1,14.500,9,14.000,1,8.100,9,1430.000,3,1460.000,1,0.000,0,0.000,0,0.000,0,0,0,
95705669000,0.000,0,1220.000,5,1210.000,3,1130.000,1,14.500,9,14.000,1,1430.000,3,1460.000,1,0.000,0,0.000,0,0.000,0,0,0,
95707543000,0.000,0,1220.000,5,1130.000,1,14.500,9,14.000,1,8.100,9,1430.000,3,1460.000,1,0.000,0,0.000,0,0.000,0,0,0,
95707918000,0.000,0,1230.000,3,1220.000,5,1130.000,1,14.500,9,14.000,1,1430.000,3,1460.000,1,0.000,0,0.000,0,0.000,0,0,0,
95737167000,0.000,0,1280.000,20,1230.000,3,1220.000,5,1130.000,1,14.500,9,1320.000,20,1430.000,3,1460.000,1,0.000,0,0.000,0,0,0,
95737791000,0.000,0,1230.000,3,1220.000,5,1130.000,1,14.500,9,14.000,1,1430.000,3,1460.000,1,0.000,0,0.000,0,0.000,0,0,0,
95739166000,0.000,0,1280.000,30,1230.000,3,1220.000,5,1130.000,1,14.500,9,1320.000,30,1430.000,3,1460.000,1,0.000,0,0.000,0,0,0,
95739418000,0.000,0,1280.000,20,1230.000,3,1220.000,5,1130.000,1,14.500,9,1320.000,20,1430.000,3,1460.000,1,0.000,0,0.000,0,0,0,
95741167000,0.000,0,1230.000,3,1220.000,5,1130.000,1,14.500,9,14.000,1,1430.000,3,1460.000,1,0.000,0,0.000,0,0.000,0,0,0,
95741292000,0.000,0,1230.000,3,1220.000,5,1130.000,1,14.500,9,14.000,1,1440.000,3,1460.000,1,0.000,0,0.000,0,0.000,0,0,0,
95743167000,0.000,0,1280.000,30,1230.000,3,1220.000,5,1130.000,1,14.500,9,1320.000,30,1440.000,3,1460.000,1,0.000,0,0.000,0,0,0,
95744416000,0.000,0,1280.000,30,1220.000,5,1130.000,1,14.500,9,14.000,1,1320.000,30,1330.000,3,1460.000,1,0.000,0,0.000,0,0,0,
95803166000,0.000,0,1280.000,20,1220.000,5,1130.000,1,14.500,9,14.000,1,1320.000,20,1330.000,3,1460.000,1,0.000,0,0.000,0,0,0,
95806042000,0.000,0,1280.000,20,1130.000,1,14.500,9,14.000,1,8.100,9,1320.000,20,1330.000,3,1460.000,1,0.000,0,0.000,0,0,0,
95814416000,0.000,0,1140.000,3,1130.000,1,14.500,9,14.000,1,8.100,9,1330.000,3,1460.000,1,0.000,0,0.000,0,0.000,0,0,0,
95814792000,0.000,0,1140.000,3,1130.000,1,14.500,9,14.000,1,8.100,9,1440.000,3,1460.000,1,0.000,0,0.000,0,0.000,0,0,0,
95817916000,0.000,0,1140.000,3,1130.000,1,14.500,9,14.000,1,8.100,9,1430.000,3,1460.000,1,0.000,0,0.000,0,0.000,0,0,0,
95821041000,0.000,0,1140.000,3,1130.000,1,14.500,9,14.000,1,8.100,9,1440.000,3,1460.000,1,0.000,0,0.000,0,0.000,0,0,0,
95836416000,0.000,0,1140.000,3,1130.000,1,14.500,9,14.000,1,8.100,9,1430.000,3,1460.000,1,0.000,0,0.000,0,0.000,0,0,0,
95839542000,0.000,0,1140.000,3,1130.000,1,14.500,9,14.000,1,8.100,9,1440.000,3,1460.000,1,0.000,0,0.000,0,0.000,0,0,0,
95902167000,0.000,0,1280.000,20,1140.000,3,1130.000,1,14.500,9,14.000,1,1320.000,20,1440.000,3,1460.000,1,0.000,0,0.000,0,0,0,
95903167000,0.000,0,1140.000,3,1130.000,1,14.500,9,14.000,1,8.100,9,1440.000,3,1460.000,1,0.000,0,0.000,0,0.000,0,0,0,
95904167000,0.000,0,1140.000,3,1130.000,1,14.500,9,14.000,1,8.100,9,1430.000,3,1460.000,1,0.000,0,0.000,0,0.000,0,0,0,
95907292000,0.000,0,1140.000,3,1130.000,1,14.500,9,14.000,1,8.100,9,1460.000,1,0.000,0,0.000,0,0.000,0,0.000,0,0,0,
95907543000,0.000,0,1140.000,3,1130.000,1,14.500,9,14.000,1,8.100,9,1440.000,3,1460.000,1,0.000,0,0.000,0,0.000,0,0,0,
95924545000,0.000,0,1130.000,1,14.500,9,14.000,1,8.100,9,8.000,1,1460.000,1,0.000,0,0.000,0,0.000,0,0.000,0,0,0,
95924667000,0.000,0,1150.000,3,1130.000,1,14.500,9,14.000,1,8.100,9,1450.000,3,1460.000,1,0.000,0,0.000,0,0.000,0,0,0,
95926543000,0.000,0,1290.000,20,1150.000,3,1130.000,1,14.500,9,14.000,1,1330.000,20,1450.000,3,1460.000,1,0.000,0,0.000,0,0,0,
95928791000,0.000,0,1290.000,20,1130.000,1,14.500,9,14.000,1,8.100,9,1330.000,20,1340.000,3,1460.000,1,0.000,0,0.000,0,0,0,
95928917000,0.000,0,1130.000,1,14.500,9,14.000,1,8.100,9,8.000,1,1340.000,3,1460.000,1,0.000,0,0.000,0,0.000,0,0,0,
95929042000,0.000,0,1140.000,3,1130.000,1,14.500,9,14.000,1,8.100,9,1340.000,3,1460.000,1,0.000,0,0.000,0,0.000,0,0,0,
95929916000,0.000,0,1290.000,30,1140.000,3,1130.000,1,14.500,9,14.000,1,1330.000,30,1340.000,3,1460.000,1,0.000,0,0.000,0,0,0,
95930916000,0.000,0,1290.000,10,1140.000,3,1130.000,1,14.500,9,14.000,1,1330.000,10,1340.000,3,1460.000,1,0.000,0,0.000,0,0,0,
95931041000,0.000,0,1140.000,3,1130.000,1,14.500,9,14.000,1,8.100,9,1340.000,3,1460.000,1,0.000,0,0.000,0,0.000,0,0,0,
95931917000,0.000,0,1140.000,3,1130.000,1,14.500,9,14.000,1,8.100,9,1440.000,3,1460.000,1,0.000,0,0.000,0,0.000,0,0,0,
100000167000,0.000,0,1280.000,20,1140.000,3,1130.000,1,14.500,9,14.000,1,1320.000,20,1440.000,3,1460.000,1,0.000,0,0.000,0,0,0,
100001167000,0.000,0,1140.000,3,1130.000,1,14.500,9,14.000,1,8.100,9,1440.000,3,1460.000,1,0.000,0,0.000,0,0.000,0,0,0,
100005417000,0.000,0,1150.000,3,1130.000,1,14.500,9,14.000,1,8.100,9,1450.000,3,1460.000,1,0.000,0,0.000,0,0.000,0,0,0,
100005792000,0.000,0,1290.000,30,1150.000,3,1130.000,1,14.500,9,14.000,1,1330.000,30,1450.000,3,1460.000,1,0.000,0,0.000,0,0,0,
100008542000,0.000,0,1290.000,30,1130.000,1,14.500,9,14.000,1,8.100,9,1330.000,30,1340.000,3,1460.000,1,0.000,0,0.000,0,0,0,
100009041000,0.000,0,1140.000,3,1130.000,1,14.500,9,14.000,1,8.100,9,1340.000,3,1460.000,1,0.000,0,0.000,0,0.000,0,0,0,
100011541000,0.000,0,1150.000,3,1130.000,1,14.500,9,14.000,1,8.100,9,1450.000,3,1460.000,1,0.000,0,0.000,0,0.000,0,0,0,
100014041000,0.000,0,1290.000,20,1150.000,3,1130.000,1,14.500,9,14.000,1,1330.000,20,1450.000,3,1460.000,1,0.000,0,0.000,0,0,0,
100014667000,0.000,0,1290.000,20,1130.000,1,14.500,9,14.000,1,8.100,9,1330.000,20,1460.000,1,0.000,0,0.000,0,0.000,0,0,0,
100015042000,0.000,0,1150.000,3,1130.000,1,14.500,9,14.000,1,8.100,9,1450.000,3,1460.000,1,0.000,0,0.000,0,0.000,0,0,0,
100020167000,0.000,0,1290.000,20,1150.000,3,1130.000,1,14.500,9,14.000,1,1330.000,20,1450.000,3,1460.000,1,0.000,0,0.000,0,0,0,
100020791000,0.000,0,1290.000,30,1130.000,1,14.500,9,14.000,1,8.100,9,1330.000,30,1460.000,1,0.000,0,0.000,0,0.000,0,0,0,
100021292000,0.000,0,1290.000,30,1130.000,1,14.500,9,14.000,1,8.100,9,1330.000,30,1340.000,3,1460.000,1,0.000,0,0.000,0,0,0,
100022544000,0.000,0,1290.000,20,1130.000,1,14.500,9,14.000,1,8.100,9,1330.000,20,1340.000,3,1460.000,1,0.000,0,0.000,0,0,0,
100027793000,0.000,0,1130.000,1,14.500,9,14.000,1,8.100,9,8.000,1,1340.000,3,1460.000,1,0.000,0,0.000,0,0.000,0,0,0,
100027919000,0.000,0,1150.000,3,1130.000,1,14.500,9,14.000,1,8.100,9,1340.000,3,1460.000,1,0.000,0,0.000,0,0.000,0,0,0,
100030042000,0.000,0,1150.000,3,1130.000,1,14.500,9,14.000,1,8.100,9,1450.000,3,1460.000,1,0.000,0,0.000,0,0.000,0,0,0,
100036167000,0.000,0,1140.000,3,1130.000,1,14.500,9,14.000,1,8.100,9,1440.000,3,1460.000,1,0.000,0,0.000,0,0.000,0,0,0,
100045293000,0.000,0,1150.000,3,1130.000,1,14.500,9,14.000,1,8.100,9,1450.000,3,1460.000,1,0.000,0,0.000,0,0.000,0,0,0,
100051417000,0.000,0,1130.000,1,14.500,9,14.000,1,8.100,9,8.000,1,1460.000,1,0.000,0,0.000,0,0.000,0,0.000,0,0,0,
100053167000,0.000,0,1150.000,3,1130.000,1,14.500,9,14.000,1,8.100,9,1450.000,3,1460.000,1,0.000,0,0.000,0,0.000,0,0,0,
100054541000,0.000,0,1140.000,3,1130.000,1,14.500,9,14.000,1,8.100,9,1440.000,3,1460.000,1,0.000,0,0.000,0,0.000,0,0,0,
100200168000,0.000,0,1170.000,5,1140.000,3,1130.000,1,14.500,9,14.000,1,1440.000,3,1460.000,1,0.000,0,0.000,0,0.000,0,0,0,
100201292000,0.000,0,1170.000,5,1140.000,3,1130.000,1,14.500,9,14.000,1,1430.000,5,1440.000,3,1460.000,1,0.000,0,0.000,0,0,0,
100202045000,0.000,0,1280.000,20,1170.000,5,1140.000,3,1130.000,1,14.500,9,1320.000,20,1430.000,5,1440.000,3,1460.000,1,0.000,0,0,0,
100202168000,0.000,0,1280.000,30,1170.000,5,1130.000,1,14.500,9,14.000,1,1320.000,30,1430.000,5,1460.000,1,0.000,0,0.000,0,0,0,
100202917000,0.000,0,1280.000,30,1170.000,5,1130.000,1,14.500,9,14.000,1,1320.000,30,1330.000,3,1430.000,5,1460.000,1,0.000,0,0,0,
100203169000,0.000,0,1280.000,20,1170.000,5,1130.000,1,14.500,9,14.000,1,1320.000,20,1330.000,3,1430.000,5,1460.000,1,0.000,0,0,0,
100218916000,0.000,0,1280.000,20,1130.000,1,14.500,9,14.000,1,8.100,9,1320.000,20,1330.000,3,1460.000,1,0.000,0,0.000,0,0,0,
100223041000,0.000,0,1280.000,30,1270.000,5,1130.000,1,14.500,9,14.000,1,1320.000,30,1330.000,3,1460.000,1,0.000,0,0.000,0,0,0,
100223291000,0.000,0,1280.000,30,1270.000,5,1130.000,1,14.500,9,14.000,1,1320.000,30,1330.000,8,1460.000,1,0.000,0,0.000,0,0,0,
100240169000,0.000,0,1280.000,20,1270.000,5,1130.000,1,14.500,9,14.000,1,1320.000,20,1330.000,8,1460.000,1,0.000,0,0.000,0,0,0,
100257293000,0.000,0,1280.000,30,1270.000,5,1130.000,1,14.500,9,14.000,1,1320.000,30,1330.000,8,1460.000,1,0.000,0,0.000,0,0,0,
100303542000,0.000,0,1280.000,30,1270.000,5,1130.000,1,14.500,9,14.000,1,1320.000,33,1330.000,5,1460.000,1,0.000,0,0.000,0,0,0,
100305292000,0.000,0,1270.000,5,1130.000,1,14.500,9,14.000,1,8.100,9,1320.000,3,1330.000,5,1460.000,1,0.000,0,0.000,0,0,0,
100306292000,0.000,0,1270.000,25,1130.000,1,14.500,9,14.000,1,8.100,9,1310.000,20,1320.000,3,1330.000,5,1460.000,1,0.000,0,0,0,
100309293000,0.000,0,1280.000,20,1270.000,5,1130.000,1,14.500,9,14.000,1,1320.000,23,1330.000,5,1460.000,1,0.000,0,0.000,0,0,0,
100309792000,0.000,0,1280.000,30,1270.000,5,1130.000,1,14.500,9,14.000,1,1320.000,30,1330.000,8,1460.000,1,0.000,0,0.000,0,0,0,
100325167000,0.000,0,1280.000,30,1270.000,5,1130.000,1,14.500,9,14.000,1,1320.000,30,1330.000,5,1460.000,1,0.000,0,0.000,0,0,0,
100325542000,0.000,0,1280.000,30,1270.000,5,1130.000,1,14.500,9,14.000,1,1320.000,30,1330.000,8,1460.000,1,0.000,0,0.000,0,0,0,
100329791000,0.000,0,1280.000,20,1270.000,5,1130.000,1,14.500,9,14.000,1,1320.000,20,1330.000,8,1460.000,1,0.000,0,0.000,0,0,0,
100405418000,0.000,0,1280.000,30,1270.000,5,1130.000,1,14.500,9,14.000,1,1320.000,30,1330.000,5,1460.000,1,0.000,0,0.000,0,0,0,
100406667000,0.000,0,1280.000,30,1270.000,5,1130.000,1,14.500,9,14.000,1,1320.000,30,1330.000,8,1460.000,1,0.000,0,0.000,0,0,0,
100408417000,0.000,0,1280.000,30,1270.000,5,1130.000,1,14.500,9,14.000,1,1320.000,30,1330.000,5,1460.000,1,0.000,0,0.000,0,0,0,
100408542000,0.000,0,1280.000,30,1270.000,5,1130.000,1,14.500,9,14.000,1,1320.000,30,1330.000,8,1460.000,1,0.000,0,0.000,0,0,0,
100419416000,0.000,0,1270.000,5,1130.000,1,14.500,9,14.000,1,8.100,9,1330.000,8,1460.000,1,0.000,0,0.000,0,0.000,0,0,0,
100420416000,0.000,0,1280.000,20,1270.000,5,1130.000,1,14.500,9,14.000,1,1320.000,20,1330.000,8,1460.000,1,0.000,0,0.000,0,0,0,
100420917000,0.000,0,1280.000,20,1270.000,5,1130.000,1,14.500,9,14.000,1,1320.000,20,1330.000,5,1460.000,1,0.000,0,0.000,0,0,0,
100423666000,0.000,0,1280.000,30,1270.000,5,1130.000,1,14.500,9,14.000,1,1320.000,30,1330.000,8,1460.000,1,0.000,0,0.000,0,0,0,
100431291000,0.000,0,1270.000,5,1130.000,1,14.500,9,14.000,1,8.100,9,1330.000,8,1460.000,1,0.000,0,0.000,0,0.000,0,0,0,
100431542000,0.000,0,1270.000,5,1260.000,3,1130.000,1,14.500,9,14.000,1,1330.000,8,1460.000,1,0.000,0,0.000,0,0.000,0,0,0,
100433166000,0.000,0,1270.000,5,1130.000,1,14.500,9,14.000,1,8.100,9,1330.000,5,1460.000,1,0.000,0,0.000,0,0.000,0,0,0,
100433416000,0.000,0,1270.000,5,1260.000,3,1130.000,1,14.500,9,14.000,1,1330.000,5,1340.000,3,1460.000,1,0.000,0,0.000,0,0,0,
100434166000,0.000,0,1280.000,30,1270.000,5,1260.000,3,1130.000,1,14.500,9,1320.000,30,1330.000,5,1340.000,3,1460.000,1,0.000,0,0,0,
100441417000,0.000,0,1290.000,20,1270.000,5,1260.000,3,1130.000,1,14.500,9,1330.000,25,1340.000,3,1460.000,1,0.000,0,0.000,0,0,0,
100442417000,0.000,0,1290.000,30,1270.000,5,1130.000,1,14.500,9,14.000,1,1330.000,35,1460.000,1,0.000,0,0.000,0,0.000,0,0,0,
100442917000,0.000,0,1290.000,30,1270.000,5,1130.000,1,14.500,9,14.000,1,1330.000,35,1340.000,3,1460.000,1,0.000,0,0.000,0,0,0,
100445293000,0.000,0,1270.000,5,1130.000,1,14.500,9,14.000,1,8.100,9,1330.000,5,1340.000,3,1460.000,1,0.000,0,0.000,0,0,0,
100445667000,0.000,0,1270.000,5,1260.000,3,1130.000,1,14.500,9,14.000,1,1330.000,5,1340.000,3,1460.000,1,0.000,0,0.000,0,0,0,
100446291000,0.000,0,1290.000,30,1270.000,5,1260.000,3,1130.000,1,14.500,9,1330.000,35,1340.000,3,1460.000,1,0.000,0,0.000,0,0,0,
100455291000,0.000,0,1290.000,10,1270.000,5,1260.000,3,1130.000,1,14.500,9,1330.000,15,1340.000,3,1460.000,1,0.000,0,0.000,0,0,0,
100455417000,0.000,0,1270.000,5,1260.000,3,1130.000,1,14.500,9,14.000,1,1330.000,5,1340.000,3,1460.000,1,0.000,0,0.000,0,0,0,
100456291000,0.000,0,1280.000,20,1270.000,5,1260.000,3,1130.000,1,14.500,9,1320.000,20,1330.000,5,1340.000,3,1460.000,1,0.000,0,0,0,
100500919000,0.000,0,1280.000,20,1270.000,5,1130.000,1,14.500,9,14.000,1,1320.000,20,1330.000,5,1460.000,1,0.000,0,0.000,0,0,0,
100502917000,0.000,0,1280.000,20,1270.000,5,1130.000,1,14.500,9,14.000,1,1320.000,20,1330.000,8,1460.000,1,0.000,0,0.000,0,0,0,
100518416000,0.000,0,1280.000,30,1270.000,5,1130.000,1,14.500,9,14.000,1,1320.000,30,1330.000,8,1460.000,1,0.000,0,0.000,0,0,0,
100536543000,0.000,0,1280.000,20,1270.000,5,1130.000,1,14.500,9,14.000,1,1320.000,20,1330.000,8,1460.000,1,0.000,0,0.000,0,0,0,
100608916000,0.000,0,1280.000,30,1270.000,5,1130.000,1,14.500,9,14.000,1,1320.000,30,1330.000,8,1460.000,1,0.000,0,0.000,0,0,0,
100627418000,0.000,0,1280.000,30,1270.000,5,1130.000,1,14.500,9,14.000,1,1320.000,30,1330.000,5,1460.000,1,0.000,0,0.000,0,0,0,
100628167000,0.000,0,1280.000,30,1270.000,5,1130.000,1,14.500,9,14.000,1,1320.000,30,1330.000,8,1460.000,1,0.000,0,0.000,0,0,0,
100636667000,0.000,0,1280.000,30,1270.000,5,1130.000,1,14.500,9,14.000,1,1320.000,30,1330.000,5,1460.000,1,0.000,0,0.000,0,0,0,
100636792000,0.000,0,1280.000,30,1270.000,5,1130.000,1,14.500,9,14.000,1,1320.000,30,1330.000,8,1460.000,1,0.000,0,0.000,0,0,0,
100641045000,0.000,0,1280.000,20,1270.000,5,1130.000,1,14.500,9,14.000,1,1320.000,20,1330.000,8,1460.000,1,0.000,0,0.000,0,0,0,
100642792000,0.000,0,1280.000,20,1270.000,5,1130.000,1,14.500,9,14.000,1,1320.000,20,1330.000,5,1460.000,1,0.000,0,0.000,0,0,0,
100644418000,0.000,0,1270.000,5,1260.000,3,1130.000,1,14.500,9,14.000,1,1330.000,5,1340.000,3,1460.000,1,0.000,0,0.000,0,0,0,
100645417000,0.000,0,1280.000,20,1270.000,5,1260.000,3,1130.000,1,14.500,9,1320.000,20,1330.000,5,1340.000,3,1460.000,1,0.000,0,0,0,
100649041000,0.000,0,1280.000,20,1270.000,5,1130.000,1,14.500,9,14.000,1,1320.000,20,1330.000,8,1460.000,1,0.000,0,0.000,0,0,0,
100659291000,0.000,0,1280.000,30,1270.000,5,1130.000,1,14.500,9,14.000,1,1320.000,30,1330.000,8,1460.000,1,0.000,0,0.000,0,0,0,
100718294000,0.000,0,1280.000,30,1270.000,5,1130.000,1,14.500,9,14.000,1,1320.000,30,1330.000,5,1460.000,1,0.000,0,0.000,0,0,0,
100721167000,0.000,0,1280.000,30,1270.000,5,1130.000,1,14.500,9,14.000,1,1320.000,30,1330.000,8,1460.000,1,0.000,0,0.000,0,0,0,
100723418000,0.000,0,1270.000,5,1130.000,1,14.500,9,14.000,1,8.100,9,1330.000,8,1460.000,1,0.000,0,0.000,0,0.000,0,0,0,
100724416000,0.000,0,1280.000,20,1270.000,5,1130.000,1,14.500,9,14.000,1,1320.000,20,1330.000,8,1460.000,1,0.000,0,0.000,0,0,0,
100739666000,0.000,0,1280.000,40,1270.000,5,1130.000,1,14.500,9,14.000,1,1320.000,40,1330.000,8,1460.000,1,0.000,0,0.000,0,0,0,
100759791000,0.000,0,1280.000,40,1270.000,5,1130.000,1,14.500,9,14.000,1,1320.000,40,1330.000,8,1460.000,1,0.000,0,0.000,0,0,0,
100803043000,0.000,0,1280.000,40,1270.000,8,1130.000,1,14.500,9,14.000,1,1320.000,40,1330.000,8,1460.000,1,0.000,0,0.000,0,0,0,
100803791000,0.000,0,1280.000,40,1270.000,5,1130.000,1,14.500,9,14.000,1,1320.000,40,1330.000,8,1460.000,1,0.000,0,0.000,0,0,0,
100804041000,0.000,0,1280.000,40,1270.000,8,1130.000,1,14.500,9,14.000,1,1320.000,40,1330.000,8,1460.000,1,0.000,0,0.000,0,0,0,
100804167000,0.000,0,1280.000,40,1270.000,5,1130.000,1,14.500,9,14.000,1,1320.000,40,1330.000,8,1460.000,1,0.000,0,0.000,0,0,0,
100819917000,0.000,0,1280.000,30,1270.000,5,1130.000,1,14.500,9,14.000,1,1320.000,30,1330.000,8,1460.000,1,0.000,0,0.000,0,0,0,
100825041000,0.000,0,1280.000,40,1270.000,5,1130.000,1,14.500,9,14.000,1,1320.000,40,1330.000,8,1460.000,1,0.000,0,0.000,0,0,0,
100843418000,0.000,0,1280.000,20,1270.000,5,1130.000,1,14.500,9,14.000,1,1320.000,20,1330.000,8,1460.000,1,0.000,0,0.000,0,0,0,
100849041000,0.000,0,1280.000,30,1270.000,5,1130.000,1,14.500,9,14.000,1,1320.000,30,1330.000,8,1460.000,1,0.000,0,0.000,0,0,0,
100849168000,0.000,0,1280.000,40,1270.000,5,1130.000,1,14.500,9,14.000,1,1320.000,40,1330.000,8,1460.000,1,0.000,0,0.000,0,0,0,
100853291000,0.000,0,1280.000,20,1270.000,5,1130.000,1,14.500,9,14.000,1,1320.000,20,1330.000,8,1460.000,1,0.000,0,0.000,0,0,0,
100859041000,0.000,0,1280.000,30,1270.000,5,1130.000,1,14.500,9,14.000,1,1320.000,30,1330.000,8,1460.000,1,0.000,0,0.000,0,0,0,
100859166000,0.000,0,1280.000,40,1270.000,5,1130.000,1,14.500,9,14.000,1,1320.000,40,1330.000,8,1460.000,1,0.000,0,0.000,0,0,0,
100900292000,0.000,0,1280.000,20,1270.000,5,1130.000,1,14.500,9,14.000,1,1320.000,20,1330.000,8,1460.000,1,0.000,0,0.000,0,0,0,
100902170000,0.000,0,1270.000,5,1130.000,1,14.500,9,14.000,1,8.100,9,1330.000,5,1460.000,1,0.000,0,0.000,0,0.000,0,0,0,
100903793000,0.000,0,1280.000,20,1270.000,5,1130.000,1,14.500,9,14.000,1,1320.000,20,1330.000,5,1460.000,1,0.000,0,0.000,0,0,0,
100904792000,0.000,0,1280.000,20,1270.000,5,1130.000,1,14.500,9,14.000,1,1320.000,20,1330.000,8,1460.000,1,0.000,0,0.000,0,0,0,
100911542000,0.000,0,1280.000,20,1270.000,14,1130.000,1,14.500,9,14.000,1,1320.000,32,1330.000,5,1460.000,1,0.000,0,0.000,0,0,0,
100912291000,0.000,0,1270.000,14,1130.000,1,14.500,9,14.000,1,8.100,9,1320.000,12,1330.000,5,1460.000,1,0.000,0,0.000,0,0,0,
100914543000,0.000,0,1280.000,30,1270.000,14,1130.000,1,14.500,9,14.000,1,1320.000,39,1330.000,8,1460.000,1,0.000,0,0.000,0,0,0,
100934541000,0.000,0,1280.000,20,1270.000,14,1130.000,1,14.500,9,14.000,1,1320.000,29,1330.000,8,1460.000,1,0.000,0,0.000,0,0,0,
100937668000,0.000,0,1270.000,14,1130.000,1,14.500,9,14.000,1,8.100,9,1320.000,9,1330.000,8,1460.000,1,0.000,0,0.000,0,0,0,
100941542000,0.000,0,1270.000,34,1130.000,1,14.500,9,14.000,1,8.100,9,1310.000,20,1320.000,9,1330.000,8,1460.000,1,0.000,0,0,0,
100942293000,0.000,0,1270.000,34,1130.000,1,14.500,9,14.000,1,8.100,9,1310.000,20,1320.000,12,1330.000,5,1460.000,1,0.000,0,0,0,
100945417000,0.000,0,1270.000,34,1130.000,1,14.500,9,14.000,1,8.100,9,1310.000,20,1320.000,9,1330.000,5,1460.000,1,0.000,0,0,0,
100946292000,0.000,0,1270.000,14,1130.000,1,14.500,9,14.000,1,8.100,9,1320.000,9,1330.000,8,1460.000,1,0.000,0,0.000,0,0,0,
100947291000,0.000,0,1270.000,44,1130.000,1,14.500,9,14.000,1,8.100,9,1310.000,30,1320.000,9,1330.000,8,1460.000,1,0.000,0,0,0,
100948168000,0.000,0,1270.000,44,1260.000,3,1130.000,1,14.500,9,14.000,1,1310.000,30,1320.000,9,1330.000,8,1460.000,1,0.000,0,0,0,
100948418000,0.000,0,1270.000,44,1130.000,1,14.500,9,14.000,1,8.100,9,1310.000,30,1320.000,12,1330.000,5,1460.000,1,0.000,0,0,0,
100951798000,0.000,0,1270.000,34,1130.000,1,14.500,9,14.000,1,8.100,9,1310.000,20,1320.000,12,1330.000,5,1460.000,1,0.000,0,0,0,
100951921000,0.000,0,1270.000,29,1130.000,1,14.500,9,14.000,1,8.100,9,1310.000,20,1320.000,9,1330.000,5,1460.000,1,0.000,0,0,0,
100952052000,0.000,0,1270.000,20,1130.000,1,14.500,9,14.000,1,8.100,9,1310.000,20,1320.000,9,1330.000,5,1460.000,1,0.000,0,0,0,
100955542000,0.000,0,1270.000,20,1130.000,1,14.500,9,14.000,1,8.100,9,1310.000,20,1320.000,12,1330.000,5,1460.000,1,0.000,0,0,0,
101000793000,0.000,0,1270.000,20,1130.000,1,14.500,9,14.000,1,8.100,9,1310.000,20,1320.000,9,1330.000,5,1460.000,1,0.000,0,0,0,
101001168000,0.000,0,1270.000,20,1130.000,1,14.500,9,14.000,1,8.100,9,1310.000,20,1320.000,12,1330.000,5,1460.000,1,0.000,0,0,0,
101006918000,0.000,0,1270.000,20,1130.000,1,14.500,9,14.000,1,8.100,9,1310.000,20,1320.000,9,1330.000,5,1460.000,1,0.000,0,0,0,
101008792000,0.000,0,1270.000,20,1130.000,1,14.500,9,14.000,1,8.100,9,1310.000,20,1320.000,12,1330.000,5,1460.000,1,0.000,0,0,0,
101012916000,0.000,0,1270.000,20,1130.000,1,14.500,9,14.000,1,8.100,9,1310.000,20,1320.000,9,1330.000,5,1460.000,1,0.000,0,0,0,
101013042000,0.000,0,1270.000,20,1130.000,1,14.500,9,14.000,1,8.100,9,1310.000,20,1320.000,12,1330.000,5,1460.000,1,0.000,0,0,0,
101030042000,0.000,0,1270.000,40,1130.000,1,14.500,9,14.000,1,8.100,9,1310.000,40,1320.000,12,1330.000,5,1460.000,1,0.000,0,0,0,
101031417000,0.000,0,1270.000,40,1130.000,1,14.500,9,14.000,1,8.100,9,1310.000,40,1320.000,9,1330.000,5,1460.000,1,0.000,0,0,0,
101032791000,0.000,0,1270.000,40,1130.000,1,14.500,9,14.000,1,8.100,9,1310.000,40,1320.000,12,1330.000,5,1460.000,1,0.000,0,0,0,
101049791000,0.000,0,1270.000,40,1130.000,1,14.500,9,14.000,1,8.100,9,1310.000,40,1320.000,9,1330.000,5,1460.000,1,0.000,0,0,0,
101050292000,0.000,0,1270.000,40,1130.000,1,14.500,9,14.000,1,8.100,9,1310.000,40,1320.000,12,1330.000,5,1460.000,1,0.000,0,0,0,
101052917000,0.000,0,1270.000,40,1130.000,1,14.500,9,14.000,1,8.100,9,1310.000,40,1320.000,9,1330.000,5,1460.000,1,0.000,0,0,0,
101053042000,0.000,0,1270.000,40,1130.000,1,14.500,9,14.000,1,8.100,9,1310.000,40,1320.000,12,1330.000,5,1460.000,1,0.000,0,0,0,
101055791000,0.000,0,1270.000,40,1260.000,3,1130.000,1,14.500,9,14.000,1,1310.000,40,1320.000,12,1330.000,5,1460.000,1,0.000,0,0,0,
101056042000,0.000,0,1270.000,40,1260.000,3,1130.000,1,14.500,9,14.000,1,1310.000,43,1320.000,9,1330.000,5,1460.000,1,0.000,0,0,0,
101056167000,0.000,0,1270.000,40,1130.000,1,14.500,9,14.000,1,8.100,9,1310.000,43,1320.000,9,1330.000,5,1460.000,1,0.000,0,0,0,
101056542000,0.000,0,1270.000,40,1260.000,3,1130.000,1,14.500,9,14.000,1,1310.000,43,1320.000,9,1330.000,5,1460.000,1,0.000,0,0,0,
101056666000,0.000,0,1270.000,40,1130.000,1,14.500,9,14.000,1,8.100,9,1310.000,43,1320.000,9,1330.000,5,1460.000,1,0.000,0,0,0,
101059042000,0.000,0,1270.000,40,1130.000,1,14.500,9,14.000,1,8.100,9,1310.000,40,1320.000,12,1330.000,5,1460.000,1,0.000,0,0,0,
101103042000,0.000,0,1270.000,20,1130.000,1,14.500,9,14.000,1,8.100,9,1310.000,20,1320.000,12,1330.000,5,1460.000,1,0.000,0,0,0,
101112292000,0.000,0,1270.000,40,1130.000,1,14.500,9,14.000,1,8.100,9,1310.000,40,1320.000,12,1330.000,5,1460.000,1,0.000,0,0,0,
101114543000,0.000,0,1270.000,40,1130.000,1,14.500,9,14.000,1,8.100,9,1310.000,40,1320.000,9,1330.000,5,1460.000,1,0.000,0,0,0,
101114792000,0.000,0,1270.000,40,1130.000,1,14.500,9,14.000,1,8.100,9,1310.000,40,1320.000,12,1330.000,5,1460.000,1,0.000,0,0,0,
101120668000,0.000,0,1270.000,40,1130.000,1,14.500,9,14.000,1,8.100,9,1310.000,40,1320.000,9,1330.000,5,1460.000,1,0.000,0,0,0,
101122167000,0.000,0,1270.000,40,1130.000,1,14.500,9,14.000,1,8.100,9,1310.000,40,1320.000,12,1330.000,5,1460.000,1,0.000,0,0,0,
101132046000,0.000,0,1270.000,20,1130.000,1,14.500,9,14.000,1,8.100,9,1310.000,20,1320.000,12,1330.000,5,1460.000,1,0.000,0,0,0,
101133416000,0.000,0,1270.000,40,1130.000,1,14.500,9,14.000,1,8.100,9,1310.000,40,1320.000,12,1330.000,5,1460.000,1,0.000,0,0,0,
101152292000,0.000,0,1270.000,40,1130.000,1,14.500,9,14.000,1,8.100,9,1310.000,40,1320.000,9,1330.000,5,1460.000,1,0.000,0,0,0,
101154042000,0.000,0,1270.000,40,1130.000,1,14.500,9,14.000,1,8.100,9,1310.000,40,1320.000,12,1330.000,5,1460.000,1,0.000,0,0,0,
101157666000,0.000,0,1270.000,40,1130.000,1,14.500,9,14.000,1,8.100,9,1310.000,43,1320.000,9,1330.000,5,1460.000,1,0.000,0,0,0,
101158541000,0.000,0,1270.000,40,1260.000,5,1130.000,1,14.500,9,14.000,1,1310.000,43,1320.000,9,1460.000,1,0.000,0,0.000,0,0,0,
101159666000,0.000,0,1270.000,40,1260.000,5,1130.000,1,14.500,9,14.000,1,1310.000,43,1320.000,14,1460.000,1,0.000,0,0.000,0,0,0,
101200667000,0.000,0,1270.000,40,1260.000,5,1130.000,1,14.500,9,14.000,1,1310.000,40,1320.000,14,1460.000,1,0.000,0,0.000,0,0,0,
101200792000,0.000,0,1270.000,40,1260.000,5,1130.000,1,14.500,9,14.000,1,1310.000,40,1320.000,17,1460.000,1,0.000,0,0.000,0,0,0,
101200917000,0.000,0,1270.000,20,1260.000,5,1130.000,1,14.500,9,14.000,1,1310.000,20,1320.000,17,1460.000,1,0.000,0,0.000,0,0,0,
101205791000,0.000,0,1270.000,30,1260.000,5,1130.000,1,14.500,9,14.000,1,1310.000,30,1320.000,17,1460.000,1,0.000,0,0.000,0,0,0,
101209916000,0.000,0,1270.000,40,1260.000,5,1130.000,1,14.500,9,14.000,1,1310.000,40,1320.000,14,1460.000,1,0.000,0,0.000,0,0,0,
101210793000,0.000,0,1270.000,40,1260.000,5,1130.000,1,14.500,9,14.000,1,1310.000,40,1320.000,17,1460.000,1,0.000,0,0.000,0,0,0,
101214420000,0.000,0,1270.000,40,1260.000,5,1130.000,1,14.500,9,14.000,1,1310.000,40,1320.000,14,1460.000,1,0.000,0,0.000,0,0,0,
101217542000,0.000,0,1270.000,40,1260.000,5,1130.000,1,14.500,9,14.000,1,1310.000,40,1320.000,17,1460.000,1,0.000,0,0.000,0,0,0,
101219292000,0.000,0,1270.000,40,1260.000,5,1130.000,1,14.500,9,14.000,1,1310.000,40,1320.000,14,1460.000,1,0.000,0,0.000,0,0,0,
101219666000,0.000,0,1270.000,40,1260.000,5,1130.000,1,14.500,9,14.000,1,1310.000,40,1320.000,17,1460.000,1,0.000,0,0.000,0,0,0,
101225418000,0.000,0,1270.000,40,1260.000,5,1130.000,1,14.500,9,14.000,1,1310.000,40,1320.000,14,1460.000,1,0.000,0,0.000,0,0,0,
101227045000,0.000,0,1270.000,40,1260.000,5,1130.000,1,14.500,9,14.000,1,1310.000,40,1320.000,17,1460.000,1,0.000,0,0.000,0,0,0,
101228416000,0.000,0,1270.000,40,1260.000,5,1130.000,1,14.500,9,14.000,1,1310.000,40,1320.000,14,1460.000,1,0.000,0,0.000,0,0,0,
101229543000,0.000,0,1270.000,40,1260.000,5,1130.000,1,14.500,9,14.000,1,1310.000,40,1320.000,17,1460.000,1,0.000,0,0.000,0,0,0,
101231667000,0.000,0,1270.000,40,1260.000,8,1130.000,1,14.500,9,14.000,1,1310.000,40,1320.000,17,1460.000,1,0.000,0,0.000,0,0,0,
101232417000,0.000,0,1270.000,40,1260.000,5,1130.000,1,14.500,9,14.000,1,1310.000,40,1320.000,17,1460.000,1,0.000,0,0.000,0,0,0,
101232542000,0.000,0,1270.000,40,1260.000,8,1130.000,1,14.500,9,14.000,1,1310.000,40,1320.000,17,1460.000,1,0.000,0,0.000,0,0,0,
101233042000,0.000,0,1270.000,40,1260.000,5,1130.000,1,14.500,9,14.000,1,1310.000,40,1320.000,17,1460.000,1,0.000,0,0.000,0,0,0,
101234542000,0.000,0,1270.000,40,1260.000,8,1130.000,1,14.500,9,14.000,1,1310.000,40,1320.000,17,1460.000,1,0.000,0,0.000,0,0,0,
101235416000,0.000,0,1270.000,40,1260.000,5,1130.000,1,14.500,9,14.000,1,1310.000,40,1320.000,17,1460.000,1,0.000,0,0.000,0,0,0,
101235541000,0.000,0,1270.000,40,1260.000,8,1130.000,1,14.500,9,14.000,1,1310.000,40,1320.000,17,1460.000,1,0.000,0,0.000,0,0,0,
101236792000,0.000,0,1270.000,40,1260.000,5,1130.000,1,14.500,9,14.000,1,1310.000,40,1320.000,17,1460.000,1,0.000,0,0.000,0,0,0,
101242167000,0.000,0,1270.000,40,1260.000,8,1130.000,1,14.500,9,14.000,1,1310.000,40,1320.000,17,1460.000,1,0.000,0,0.000,0,0,0,
101244292000,0.000,0,1270.000,40,1260.000,5,1130.000,1,14.500,9,14.000,1,1310.000,40,1320.000,17,1460.000,1,0.000,0,0.000,0,0,0,
101244417000,0.000,0,1270.000,40,1260.000,8,1130.000,1,14.500,9,14.000,1,1310.000,40,1320.000,17,1460.000,1,0.000,0,0.000,0,0,0,
101244667000,0.000,0,1270.000,40,1260.000,5,1130.000,1,14.500,9,14.000,1,1310.000,40,1320.000,17,1460.000,1,0.000,0,0.000,0,0,0,
101248417000,0.000,0,1270.000,30,1260.000,5,1130.000,1,14.500,9,14.000,1,1310.000,30,1320.000,17,1460.000,1,0.000,0,0.000,0,0,0,
101250166000,0.000,0,1270.000,40,1260.000,5,1130.000,1,14.500,9,14.000,1,1310.000,40,1320.000,14,1460.000,1,0.000,0,0.000,0,0,0,
101251292000,0.000,0,1270.000,40,1260.000,5,1130.000,1,14.500,9,14.000,1,1310.000,40,1320.000,17,1460.000,1,0.000,0,0.000,0,0,0,
101252168000,0.000,0,1270.000,40,1260.000,8,1130.000,1,14.500,9,14.000,1,1310.000,40,1320.000,17,1460.000,1,0.000,0,0.000,0,0,0,
101252292000,0.000,0,1270.000,40,1260.000,5,1130.000,1,14.500,9,14.000,1,1310.000,40,1320.000,17,1460.000,1,0.000,0,0.000,0,0,0,
101301794000,0.000,0,1270.000,30,1260.000,5,1130.000,1,14.500,9,14.000,1,1310.000,30,1320.000,17,1460.000,1,0.000,0,0.000,0,0,0,
101302541000,0.000,0,1270.000,30,1260.000,5,1130.000,1,14.500,9,14.000,1,1310.000,30,1320.000,14,1460.000,1,0.000,0,0.000,0,0,0,
101302667000,0.000,0,1270.000,30,1260.000,5,1130.000,1,14.500,9,14.000,1,1310.000,30,1320.000,17,1460.000,1,0.000,0,0.000,0,0,0,
101317916000,0.000,0,1270.000,40,1260.000,5,1130.000,1,14.500,9,14.000,1,1310.000,40,1320.000,14,1460.000,1,0.000,0,0.000,0,0,0,
101318420000,0.000,0,1270.000,20,1260.000,5,1130.000,1,14.500,9,14.000,1,1310.000,20,1320.000,14,1460.000,1,0.000,0,0.000,0,0,0,
101326416000,0.000,0,1270.000,20,1260.000,5,1130.000,1,14.500,9,14.000,1,1310.000,20,1320.000,17,1460.000,1,0.000,0,0.000,0,0,0,
101330166000,0.000,0,1270.000,20,1260.000,5,1130.000,1,14.500,9,14.000,1,1310.000,20,1320.000,14,1460.000,1,0.000,0,0.000,0,0,0,
101330542000,0.000,0,1270.000,29,1260.000,5,1130.000,1,14.500,9,14.000,1,1310.000,20,1320.000,14,1460.000,1,0.000,0,0.000,0,0,0,
101344541000,0.000,0,1270.000,49,1260.000,8,1130.000,1,14.500,9,14.000,1,1310.000,40,1320.000,17,1460.000,1,0.000,0,0.000,0,0,0,
101345668000,0.000,0,1270.000,49,1260.000,5,1130.000,1,14.500,9,14.000,1,1310.000,40,1320.000,14,1460.000,1,0.000,0,0.000,0,0,0,
101350542000,0.000,0,1270.000,49,1260.000,5,1130.000,1,14.500,9,14.000,1,1310.000,40,1320.000,17,1460.000,1,0.000,0,0.000,0,0,0,
101350793000,0.000,0,1270.000,29,1260.000,8,1130.000,1,14.500,9,14.000,1,1310.000,20,1320.000,17,1460.000,1,0.000,0,0.000,0,0,0,
101351916000,0.000,0,1270.000,29,1260.000,5,1130.000,1,14.500,9,14.000,1,1310.000,20,1320.000,14,1460.000,1,0.000,0,0.000,0,0,0,
101353667000,0.000,0,1270.000,9,1260.000,5,1130.000,1,14.500,9,14.000,1,1320.000,14,1460.000,1,0.000,0,0.000,0,0.000,0,0,0,
101353792000,0.000,0,1270.000,9,1260.000,5,1130.000,1,14.500,9,14.000,1,1320.000,14,1330.000,3,1460.000,1,0.000,0,0.000,0,0,0,
101354167000,0.000,0,1270.000,9,1260.000,8,1130.000,1,14.500,9,14.000,1,1320.000,14,1330.000,3,1460.000,1,0.000,0,0.000,0,0,0,
101354667000,0.000,0,1280.000,20,1270.000,9,1260.000,8,1130.000,1,14.500,9,1320.000,34,1330.000,3,1460.000,1,0.000,0,0.000,0,0,0,
101354916000,0.000,0,1280.000,30,1270.000,9,1260.000,8,1130.000,1,14.500,9,1320.000,44,1460.000,1,0.000,0,0.000,0,0.000,0,0,0,
101355043000,0.000,0,1280.000,30,1270.000,9,1260.000,8,1130.000,1,14.500,9,1320.000,47,1460.000,1,0.000,0,0.000,0,0.000,0,0,0,
101358041000,0.000,0,1280.000,30,1270.000,9,1260.000,5,1130.000,1,14.500,9,1320.000,44,1330.000,3,1460.000,1,0.000,0,0.000,0,0,0,
101415042000,0.000,0,1280.000,20,1270.000,9,1260.000,5,1130.000,1,14.500,9,1320.000,34,1330.000,3,1460.000,1,0.000,0,0.000,0,0,0,
101415416000,0.000,0,1270.000,29,1260.000,5,1130.000,1,14.500,9,14.000,1,1310.000,20,1320.000,14,1330.000,3,1460.000,1,0.000,0,0,0,
101421041000,0.000,0,1270.000,29,1260.000,8,1130.000,1,14.500,9,14.000,1,1310.000,20,1320.000,14,1330.000,3,1460.000,1,0.000,0,0,0,
101422667000,0.000,0,1270.000,9,1260.000,8,1130.000,1,14.500,9,14.000,1,1320.000,14,1330.000,3,1460.000,1,0.000,0,0.000,0,0,0,
101423667000,0.000,0,1280.000,30,1270.000,9,1260.000,8,1130.000,1,14.500,9,1320.000,44,1330.000,3,1460.000,1,0.000,0,0.000,0,0,0,
101431667000,0.000,0,1270.000,9,1260.000,8,1130.000,1,14.500,9,14.000,1,1320.000,14,1330.000,3,1460.000,1,0.000,0,0.000,0,0,0,
101433667000,0.000,0,1270.000,29,1260.000,8,1130.000,1,14.500,9,14.000,1,1310.000,20,1320.000,14,1330.000,3,1460.000,1,0.000,0,0,0,
101435041000,0.000,0,1270.000,29,1260.000,5,1130.000,1,14.500,9,14.000,1,1310.000,20,1320.000,14,1330.000,3,1460.000,1,0.000,0,0,0,
101441167000,0.000,0,1270.000,29,1260.000,5,1130.000,1,14.500,9,14.000,1,1310.000,20,1320.000,17,1460.000,1,0.000,0,0.000,0,0,0,
101444293000,0.000,0,1270.000,29,1260.000,5,1130.000,1,14.500,9,14.000,1,1310.000,20,1320.000,14,1460.000,1,0.000,0,0.000,0,0,0,
101445043000,0.000,0,1270.000,39,1260.000,5,1130.000,1,14.500,9,14.000,1,1310.000,30,1320.000,17,1460.000,1,0.000,0,0.000,0,0,0,
101445167000,0.000,0,1270.000,49,1260.000,5,1130.000,1,14.500,9,14.000,1,1310.000,40,1320.000,17,1460.000,1,0.000,0,0.000,0,0,0,
101450542000,0.000,0,1270.000,49,1260.000,5,1130.000,1,14.500,9,14.000,1,1310.000,40,1320.000,14,1460.000,1,0.000,0,0.000,0,0,0,
101450669000,0.000,0,1270.000,49,1260.000,5,1130.000,1,14.500,9,14.000,1,1310.000,40,1320.000,17,1460.000,1,0.000,0,0.000,0,0,0,
101500424000,0.000,0,1260.000,5,1130.000,1,14.500,9,14.000,1,8.100,9,1320.000,14,1460.000,1,0.000,0,0.000,0,0.000,0,0,0,
101500918000,0.000,0,1260.000,5,1130.000,1,14.500,9,14.000,1,8.100,9,1320.000,5,1460.000,1,0.000,0,0.000,0,0.000,0,0,0,
101504543000,0.000,0,1260.000,5,1130.000,1,14.500,9,14.000,1,8.100,9,1320.000,5,1330.000,3,1460.000,1,0.000,0,0.000,0,0,0,
101505918000,0.000,0,1270.000,20,1260.000,5,1130.000,1,14.500,9,14.000,1,1310.000,20,1320.000,5,1330.000,3,1460.000,1,0.000,0,0,0,
101506043000,0.000,0,1270.000,20,1260.000,5,1130.000,1,14.500,9,14.000,1,1310.000,20,1320.000,8,1460.000,1,0.000,0,0.000,0,0,0,
101510668000,0.000,0,1260.000,5,1130.000,1,14.500,9,14.000,1,8.100,9,1320.000,8,1460.000,1,0.000,0,0.000,0,0.000,0,0,0,
101514666000,0.000,0,1270.000,20,1260.000,5,1130.000,1,14.500,9,14.000,1,1310.000,20,1320.000,8,1460.000,1,0.000,0,0.000,0,0,0,
101515667000,0.000,0,1260.000,5,1130.000,1,14.500,9,14.000,1,8.100,9,1320.000,8,1460.000,1,0.000,0,0.000,0,0.000,0,0,0,
101516667000,0.000,0,1270.000,20,1260.000,5,1130.000,1,14.500,9,14.000,1,1310.000,20,1320.000,8,1460.000,1,0.000,0,0.000,0,0,0,
101518293000,0.000,0,1270.000,20,1260.000,5,1130.000,1,14.500,9,14.000,1,1310.000,20,1320.000,5,1460.000,1,0.000,0,0.000,0,0,0,
101518418000,0.000,0,1270.000,20,1260.000,5,1130.000,1,14.500,9,14.000,1,1310.000,20,1320.000,8,1460.000,1,0.000,0,0.000,0,0,0,
101523667000,0.000,0,1260.000,5,1130.000,1,14.500,9,14.000,1,8.100,9,1320.000,8,1460.000,1,0.000,0,0.000,0,0.000,0,0,0,
101526667000,0.000,0,1270.000,20,1260.000,5,1130.000,1,14.500,9,14.000,1,1310.000,20,1320.000,8,1460.000,1,0.000,0,0.000,0,0,0,
101527416000,0.000,0,1260.000,5,1130.000,1,14.500,9,14.000,1,8.100,9,1320.000,8,1460.000,1,0.000,0,0.000,0,0.000,0,0,0,
101530667000,0.000,0,1260.000,5,1130.000,1,14.500,9,14.000,1,8.100,9,1320.000,5,1330.000,3,1460.000,1,0.000,0,0.000,0,0,0,
101533792000,0.000,0,1260.000,5,1130.000,1,14.500,9,14.000,1,8.100,9,1320.000,5,1460.000,1,0.000,0,0.000,0,0.000,0,0,0,
101534418000,0.000,0,1270.000,20,1260.000,5,1130.000,1,14.500,9,14.000,1,1310.000,20,1320.000,5,1460.000,1,0.000,0,0.000,0,0,0,
101535792000,0.000,0,1270.000,20,1260.000,5,1130.000,1,14.500,9,14.000,1,1310.000,20,1320.000,8,1460.000,1,0.000,0,0.000,0,0,0,
101537667000,0.000,0,1260.000,5,1130.000,1,14.500,9,14.000,1,8.100,9,1320.000,8,1460.000,1,0.000,0,0.000,0,0.000,0,0,0,
101538667000,0.000,0,1260.000,5,1130.000,1,14.500,9,14.000,1,8.100,9,1320.000,8,1460.000,1,0.000,0,0.000,0,0.000,0,0,0,
101539666000,0.000,0,1270.000,30,1260.000,5,1130.000,1,14.500,9,14.000,1,1310.000,30,1320.000,8,1460.000,1,0.000,0,0.000,0,0,0,
101557667000,0.000,0,1260.000,5,1130.000,1,14.500,9,14.000,1,8.100,9,1320.000,8,1460.000,1,0.000,0,0.000,0,0.000,0,0,0,
101558542000,0.000,0,1140.000,3,1130.000,1,14.500,9,14.000,1,8.100,9,1320.000,8,1460.000,1,0.000,0,0.000,0,0.000,0,0,0,
101601418000,0.000,0,1140.000,3,1130.000,1,14.500,9,14.000,1,8.100,9,1320.000,5,1460.000,1,0.000,0,0.000,0,0.000,0,0,0,
101601793000,0.000,0,1140.000,3,1130.000,1,14.500,9,14.000,1,8.100,9,1320.000,5,1330.000,3,1460.000,1,0.000,0,0.000,0,0,0,
101604417000,0.000,0,1140.000,3,1130.000,1,14.500,9,14.000,1,8.100,9,1320.000,8,1460.000,1,0.000,0,0.000,0,0.000,0,0,0,
101606667000,0.000,0,1260.000,20,1140.000,3,1130.000,1,14.500,9,14.000,1,1300.000,20,1320.000,8,1460.000,1,0.000,0,0.000,0,0,0,
101607542000,0.000,0,1260.000,20,1130.000,1,14.500,9,14.000,1,8.100,9,1300.000,20,1310.000,3,1320.000,5,1460.000,1,0.000,0,0,0,
101613667000,0.000,0,1260.000,20,1130.000,1,14.500,9,14.000,1,8.100,9,1300.000,20,1320.000,5,1460.000,1,0.000,0,0.000,0,0,0,
101614292000,0.000,0,1260.000,20,1130.000,1,14.500,9,14.000,1,8.100,9,1300.000,20,1310.000,3,1320.000,5,1460.000,1,0.000,0,0,0,
101616793000,0.000,0,1260.000,30,1130.000,1,14.500,9,14.000,1,8.100,9,1300.000,30,1320.000,5,1460.000,1,0.000,0,0.000,0,0,0,
101617667000,0.000,0,1260.000,30,1130.000,1,14.500,9,14.000,1,8.100,9,1300.000,30,1310.000,3,1320.000,5,1460.000,1,0.000,0,0,0,
101619917000,0.000,0,1260.000,30,1130.000,1,14.500,9,14.000,1,8.100,9,1300.000,30,1320.000,5,1460.000,1,0.000,0,0.000,0,0,0,
101620042000,0.000,0,1260.000,30,1130.000,1,14.500,9,14.000,1,8.100,9,1300.000,30,1310.000,3,1320.000,5,1460.000,1,0.000,0,0,0,
101635916000,0.000,0,1260.000,30,1250.000,5,1130.000,1,14.500,9,14.000,1,1300.000,30,1310.000,3,1320.000,5,1460.000,1,0.000,0,0,0,
101638417000,0.000,0,1260.000,30,1250.000,5,1130.000,1,14.500,9,14.000,1,1300.000,30,1320.000,5,1460.000,1,0.000,0,0.000,0,0,0,
101642543000,0.000,0,1260.000,30,1250.000,5,1130.000,1,14.500,9,14.000,1,1300.000,30,1310.000,3,1320.000,5,1460.000,1,0.000,0,0,0,
101644543000,0.000,0,1260.000,30,1250.000,5,1130.000,1,14.500,9,14.000,1,1300.000,30,1320.000,5,1460.000,1,0.000,0,0.000,0,0,0,
101646916000,0.000,0,1260.000,30,1250.000,5,1130.000,1,14.500,9,14.000,1,1300.000,30,1460.000,1,0.000,0,0.000,0,0.000,0,0,0,
101648042000,0.000,0,1260.000,30,1250.000,5,1130.000,1,14.500,9,14.000,1,1300.000,30,1310.000,5,1460.000,1,0.000,0,0.000,0,0,0,
101648167000,0.000,0,1260.000,30,1250.000,5,1130.000,1,14.500,9,14.000,1,1300.000,30,1310.000,8,1460.000,1,0.000,0,0.000,0,0,0,
101653792000,0.000,0,1260.000,30,1250.000,5,1130.000,1,14.500,9,14.000,1,1300.000,30,1310.000,5,1460.000,1,0.000,0,0.000,0,0,0,
101654792000,0.000,0,1260.000,30,1250.000,5,1130.000,1,14.500,9,14.000,1,1300.000,30,1310.000,8,1460.000,1,0.000,0,0.000,0,0,0,
101659916000,0.000,0,1260.000,30,1250.000,5,1130.000,1,14.500,9,14.000,1,1300.000,30,1310.000,5,1460.000,1,0.000,0,0.000,0,0,0,
101700543000,0.000,0,1260.000,30,1250.000,5,1130.000,1,14.500,9,14.000,1,1300.000,30,1310.000,8,1460.000,1,0.000,0,0.000,0,0,0,
101703042000,0.000,0,1260.000,30,1250.000,5,1130.000,1,14.500,9,14.000,1,1300.000,30,1310.000,5,1460.000,1,0.000,0,0.000,0,0,0,
101707168000,0.000,0,1260.000,30,1250.000,5,1130.000,1,14.500,9,14.000,1,1300.000,30,1310.000,8,1460.000,1,0.000,0,0.000,0,0,0,
101709041000,0.000,0,1260.000,30,1250.000,5,1130.000,1,14.500,9,14.000,1,1300.000,30,1310.000,5,1460.000,1,0.000,0,0.000,0,0,0,
101710293000,0.000,0,1260.000,30,1250.000,5,1130.000,1,14.500,9,14.000,1,1300.000,30,1310.000,8,1460.000,1,0.000,0,0.000,0,0,0,
101710542000,0.000,0,1270.000,20,1260.000,9,1250.000,5,1130.000,1,14.500,9,1310.000,37,1460.000,1,0.000,0,0.000,0,0.000,0,0,0,
101710791000,0.000,0,1260.000,9,1250.000,5,1130.000,1,14.500,9,14.000,1,1310.000,17,1460.000,1,0.000,0,0.000,0,0.000,0,0,0,
101712167000,0.000,0,1260.000,9,1250.000,5,1130.000,1,14.500,9,14.000,1,1310.000,14,1320.000,3,1460.000,1,0.000,0,0.000,0,0,0,
101713793000,0.000,0,1270.000,30,1260.000,9,1250.000,5,1130.000,1,14.500,9,1310.000,44,1320.000,3,1460.000,1,0.000,0,0.000,0,0,0,
101714297000,0.000,0,1270.000,30,1260.000,9,1250.000,5,1130.000,1,14.500,9,1310.000,44,1460.000,1,0.000,0,0.000,0,0.000,0,0,0,
101716795000,0.000,0,1270.000,20,1260.000,9,1250.000,5,1130.000,1,14.500,9,1310.000,34,1460.000,1,0.000,0,0.000,0,0.000,0,0,0,
101718916000,0.000,0,1270.000,20,1260.000,9,1250.000,5,1130.000,1,14.500,9,1310.000,34,1320.000,3,1460.000,1,0.000,0,0.000,0,0,0,
101749166000,0.000,0,1270.000,30,1260.000,9,1250.000,5,1130.000,1,14.500,9,1310.000,44,1460.000,1,0.000,0,0.000,0,0.000,0,0,0,
101750292000,0.000,0,1270.000,30,1260.000,9,1250.000,5,1130.000,1,14.500,9,1310.000,44,1320.000,3,1460.000,1,0.000,0,0.000,0,0,0,
101752291000,0.000,0,1270.000,30,1260.000,9,1250.000,5,1130.000,1,14.500,9,1310.000,44,1460.000,1,0.000,0,0.000,0,0.000,0,0,0,
101755042000,0.000,0,1270.000,30,1260.000,9,1250.000,5,1130.000,1,14.500,9,1310.000,44,1320.000,3,1460.000,1,0.000,0,0.000,0,0,0,
101758417000,0.000,0,1270.000,30,1260.000,9,1130.000,1,14.500,9,14.000,1,1310.000,44,1320.000,3,1460.000,1,0.000,0,0.000,0,0,0,
101759541000,0.000,0,1270.000,30,1260.000,14,1130.000,1,14.500,9,14.000,1,1310.000,44,1320.000,3,1460.000,1,0.000,0,0.000,0,0,0,
101809291000,0.000,0,1270.000,20,1260.000,14,1130.000,1,14.500,9,14.000,1,1310.000,34,1320.000,3,1460.000,1,0.000,0,0.000,0,0,0,
101814042000,0.000,0,1270.000,20,1260.000,14,1130.000,1,14.500,9,14.000,1,1310.000,37,1460.000,1,0.000,0,0.000,0,0.000,0,0,0,
101823291000,0.000,0,1270.000,30,1260.000,14,1130.000,1,14.500,9,14.000,1,1310.000,44,1320.000,3,1460.000,1,0.000,0,0.000,0,0,0,
101832542000,0.000,0,1270.000,30,1260.000,14,1130.000,1,14.500,9,14.000,1,1310.000,44,1460.000,1,0.000,0,0.000,0,0.000,0,0,0,
101832793000,0.000,0,1260.000,14,1130.000,1,14.500,9,14.000,1,8.100,9,1310.000,17,1460.000,1,0.000,0,0.000,0,0.000,0,0,0,
101833792000,0.000,0,1260.000,34,1130.000,1,14.500,9,14.000,1,8.100,9,1300.000,20,1310.000,17,1460.000,1,0.000,0,0.000,0,0,0,
101838543000,0.000,0,1260.000,14,1130.000,1,14.500,9,14.000,1,8.100,9,1310.000,17,1460.000,1,0.000,0,0.000,0,0.000,0,0,0,
101840792000,0.000,0,1260.000,34,1130.000,1,14.500,9,14.000,1,8.100,9,1300.000,20,1310.000,17,1460.000,1,0.000,0,0.000,0,0,0,
101846042000,0.000,0,1260.000,54,1130.000,1,14.500,9,14.000,1,8.100,9,1300.000,40,1310.000,17,1460.000,1,0.000,0,0.000,0,0,0,
101854043000,0.000,0,1260.000,54,1250.000,3,1130.000,1,14.500,9,14.000,1,1300.000,40,1310.000,17,1460.000,1,0.000,0,0.000,0,0,0,
101854668000,0.000,0,1260.000,54,1130.000,1,14.500,9,14.000,1,8.100,9,1300.000,40,1310.000,17,1460.000,1,0.000,0,0.000,0,0,0,
101900166000,0.000,0,1260.000,54,1130.000,1,14.500,9,14.000,1,8.100,9,1300.000,40,1310.000,14,1460.000,1,0.000,0,0.000,0,0,0,
101900669000,0.000,0,1260.000,54,1130.000,1,14.500,9,14.000,1,8.100,9,1300.000,40,1310.000,17,1460.000,1,0.000,0,0.000,0,0,0,
101903291000,0.000,0,1260.000,54,1130.000,1,14.500,9,14.000,1,8.100,9,1300.000,40,1310.000,14,1460.000,1,0.000,0,0.000,0,0,0,
101903542000,0.000,0,1260.000,24,1130.000,1,14.500,9,14.000,1,8.100,9,1300.000,10,1310.000,14,1460.000,1,0.000,0,0.000,0,0,0,
101904543000,0.000,0,1270.000,20,1260.000,24,1130.000,1,14.500,9,14.000,1,1300.000,10,1310.000,34,1460.000,1,0.000,0,0.000,0,0,0,
101911792000,0.000,0,1260.000,24,1130.000,1,14.500,9,14.000,1,8.100,9,1300.000,10,1310.000,14,1460.000,1,0.000,0,0.000,0,0,0,
101911917000,0.000,0,1260.000,24,1130.000,1,14.500,9,14.000,1,8.100,9,1300.000,10,1310.000,17,1460.000,1,0.000,0,0.000,0,0,0,
101912541000,0.000,0,1260.000,24,1130.000,1,14.500,9,14.000,1,8.100,9,1300.000,10,1310.000,14,1460.000,1,0.000,0,0.000,0,0,0,
101912792000,0.000,0,1260.000,54,1130.000,1,14.500,9,14.000,1,8.100,9,1300.000,40,1310.000,14,1460.000,1,0.000,0,0.000,0,0,0,
101913666000,0.000,0,1260.000,54,1130.000,1,14.500,9,14.000,1,8.100,9,1300.000,40,1310.000,17,1460.000,1,0.000,0,0.000,0,0,0,
101915666000,0.000,0,1260.000,54,1130.000,1,14.500,9,14.000,1,8.100,9,1300.000,40,1310.000,14,1460.000,1,0.000,0,0.000,0,0,0,
101919043000,0.000,0,1260.000,54,1130.000,1,14.500,9,14.000,1,8.100,9,1300.000,40,1310.000,17,1460.000,1,0.000,0,0.000,0,0,0,
101932917000,0.000,0,1260.000,44,1130.000,1,14.500,9,14.000,1,8.100,9,1300.000,30,1310.000,17,1460.000,1,0.000,0,0.000,0,0,0,
101938417000,0.000,0,1260.000,25,1130.000,1,14.500,9,14.000,1,8.100,9,1300.000,20,1310.000,17,1460.000,1,0.000,0,0.000,0,0,0,
101939044000,0.000,0,1260.000,25,1130.000,1,14.500,9,14.000,1,8.100,9,1300.000,20,1310.000,17,1460.000,1,0.000,0,0.000,0,0,0,
101939543000,0.000,0,1260.000,25,1250.000,9,1130.000,1,14.500,9,14.000,1,1300.000,20,1310.000,17,1460.000,1,0.000,0,0.000,0,0,0,
101940292000,0.000,0,1260.000,25,1250.000,9,1130.000,1,14.500,9,14.000,1,1300.000,20,1310.000,14,1460.000,1,0.000,0,0.000,0,0,0,
101941042000,0.000,0,1260.000,25,1250.000,9,1130.000,1,14.500,9,14.000,1,1300.000,20,1310.000,17,1460.000,1,0.000,0,0.000,0,0,0,
101941166000,0.000,0,1260.000,35,1250.000,12,1130.000,1,14.500,9,14.000,1,1300.000,30,1310.000,17,1460.000,1,0.000,0,0.000,0,0,0,
101942044000,0.000,0,1260.000,35,1250.000,9,1130.000,1,14.500,9,14.000,1,1300.000,30,1310.000,17,1460.000,1,0.000,0,0.000,0,0,0,
101943417000,0.000,0,1260.000,35,1250.000,9,1130.000,1,14.500,9,14.000,1,1300.000,33,1310.000,14,1460.000,1,0.000,0,0.000,0,0,0,
101946417000,0.000,0,1260.000,35,1250.000,9,1130.000,1,14.500,9,14.000,1,1300.000,30,1310.000,17,1460.000,1,0.000,0,0.000,0,0,0,
101949918000,0.000,0,1260.000,20,1250.000,9,1130.000,1,14.500,9,14.000,1,1300.000,20,1310.000,17,1460.000,1,0.000,0,0.000,0,0,0,
101955667000,0.000,0,1260.000,30,1250.000,9,1130.000,1,14.500,9,14.000,1,1300.000,30,1310.000,17,1460.000,1,0.000,0,0.000,0,0,0,
101958792000,0.000,0,1260.000,20,1250.000,9,1130.000,1,14.500,9,14.000,1,1300.000,23,1310.000,14,1460.000,1,0.000,0,0.000,0,0,0,
102001918000,0.000,0,1260.000,20,1250.000,9,1130.000,1,14.500,9,14.000,1,1300.000,20,1310.000,17,1460.000,1,0.000,0,0.000,0,0,0,
102004917000,0.000,0,1260.000,20,1250.000,9,1130.000,1,14.500,9,14.000,1,1300.000,20,1310.000,14,1460.000,1,0.000,0,0.000,0,0,0,
102005542000,0.000,0,1260.000,20,1250.000,9,1130.000,1,14.500,9,14.000,1,1300.000,20,1310.000,17,1460.000,1,0.000,0,0.000,0,0,0,
102017293000,0.000,0,1260.000,30,1250.000,9,1130.000,1,14.500,9,14.000,1,1300.000,30,1310.000,14,1460.000,1,0.000,0,0.000,0,0,0,
102017667000,0.000,0,1260.000,30,1250.000,9,1130.000,1,14.500,9,14.000,1,1300.000,30,1310.000,17,1460.000,1,0.000,0,0.000,0,0,0,
102032794000,0.000,0,1260.000,30,1250.000,9,1130.000,1,14.500,9,14.000,1,1300.000,30,1310.000,14,1460.000,1,0.000,0,0.000,0,0,0,
102035294000,0.000,0,1260.000,20,1250.000,9,1130.000,1,14.500,9,14.000,1,1300.000,20,1310.000,17,1460.000,1,0.000,0,0.000,0,0,0,
102049043000,0.000,0,1260.000,20,1130.000,1,14.500,9,14.000,1,8.100,9,1300.000,20,1310.000,8,1460.000,1,0.000,0,0.000,0,0,0,
102100168000,0.000,0,1260.000,30,1130.000,1,14.500,9,14.000,1,8.100,9,1300.000,30,1310.000,8,1460.000,1,0.000,0,0.000,0,0,0,
102100543000,0.000,0,1260.000,30,1130.000,1,14.500,9,14.000,1,8.100,9,1300.000,30,1310.000,5,1460.000,1,0.000,0,0.000,0,0,0,
102101292000,0.000,0,1260.000,30,1130.000,1,14.500,9,14.000,1,8.100,9,1300.000,30,1310.000,8,1460.000,1,0.000,0,0.000,0,0,0,
102120166000,0.000,0,1260.000,20,1250.000,9,1130.000,1,14.500,9,14.000,1,1300.000,29,1310.000,8,1460.000,1,0.000,0,0.000,0,0,0,
102122166000,0.000,0,1260.000,20,1250.000,14,1130.000,1,14.500,9,14.000,1,1300.000,29,1310.000,8,1460.000,1,0.000,0,0.000,0,0,0,
102125167000,0.000,0,1260.000,20,1250.000,14,1130.000,1,14.500,9,14.000,1,1300.000,29,1310.000,5,1460.000,1,0.000,0,0.000,0,0,0,
102125792000,0.000,0,1260.000,30,1250.000,14,1130.000,1,14.500,9,14.000,1,1300.000,39,1310.000,8,1460.000,1,0.000,0,0.000,0,0,0,
102145792000,0.000,0,1260.000,20,1250.000,14,1130.000,1,14.500,9,14.000,1,1300.000,29,1310.000,8,1460.000,1,0.000,0,0.000,0,0,0,
102202541000,0.000,0,1260.000,30,1250.000,14,1130.000,1,14.500,9,14.000,1,1300.000,42,1310.000,5,1460.000,1,0.000,0,0.000,0,0,0,
102207046000,0.000,0,1260.000,30,1250.000,17,1130.000,1,14.500,9,14.000,1,1300.000,42,1310.000,5,1460.000,1,0.000,0,0.000,0,0,0,
102207417000,0.000,0,1260.000,30,1250.000,14,1130.000,1,14.500,9,14.000,1,1300.000,42,1310.000,5,1460.000,1,0.000,0,0.000,0,0,0,
102208292000,0.000,0,1260.000,30,1250.000,17,1130.000,1,14.500,9,14.000,1,1300.000,42,1310.000,5,1460.000,1,0.000,0,0.000,0,0,0,
102208541000,0.000,0,1260.000,30,1250.000,14,1130.000,1,14.500,9,14.000,1,1300.000,42,1310.000,5,1460.000,1,0.000,0,0.000,0,0,0,
102211666000,0.000,0,1260.000,30,1250.000,14,1130.000,1,14.500,9,14.000,1,1300.000,39,1310.000,8,1460.000,1,0.000,0,0.000,0,0,0,
102214792000,0.000,0,1260.000,30,1250.000,14,1130.000,1,14.500,9,14.000,1,1300.000,39,1310.000,5,1460.000,1,0.000,0,0.000,0,0,0,
102216292000,0.000,0,1260.000,30,1250.000,14,1130.000,1,14.500,9,14.000,1,1300.000,39,1310.000,8,1460.000,1,0.000,0,0.000,0,0,0,
102222541000,0.000,0,1260.000,20,1250.000,14,1130.000,1,14.500,9,14.000,1,1300.000,29,1310.000,8,1460.000,1,0.000,0,0.000,0,0,0,
102227046000,0.000,0,1260.000,20,1250.000,14,1130.000,1,14.500,9,14.000,1,1300.000,32,1310.000,5,1460.000,1,0.000,0,0.000,0,0,0,
102233042000,0.000,0,1260.000,20,1250.000,14,1130.000,1,14.500,9,14.000,1,1300.000,29,1310.000,5,1460.000,1,0.000,0,0.000,0,0,0,
102234041000,0.000,0,1260.000,20,1250.000,14,1130.000,1,14.500,9,14.000,1,1300.000,29,1310.000,8,1460.000,1,0.000,0,0.000,0,0,0,
102239291000,0.000,0,1260.000,20,1250.000,14,1130.000,1,14.500,9,14.000,1,1300.000,29,1310.000,5,1460.000,1,0.000,0,0.000,0,0,0,
102239792000,0.000,0,1260.000,20,1250.000,14,1130.000,1,14.500,9,14.000,1,1300.000,29,1310.000,8,1460.000,1,0.000,0,0.000,0,0,0,
102258045000,0.000,0,1260.000,20,1250.000,14,1130.000,1,14.500,9,14.000,1,1300.000,29,1310.000,5,1460.000,1,0.000,0,0.000,0,0,0,
102301166000,0.000,0,1260.000,20,1250.000,14,1130.000,1,14.500,9,14.000,1,1300.000,29,1310.000,8,1460.000,1,0.000,0,0.000,0,0,0,
102302793000,0.000,0,1250.000,14,1130.000,1,14.500,9,14.000,1,8.100,9,1300.000,9,1310.000,8,1460.000,1,0.000,0,0.000,0,0,0,
102303792000,0.000,0,1260.000,30,1250.000,14,1130.000,1,14.500,9,14.000,1,1300.000,39,1310.000,8,1460.000,1,0.000,0,0.000,0,0,0,
102306916000,0.000,0,1250.000,14,1130.000,1,14.500,9,14.000,1,8.100,9,1300.000,9,1310.000,8,1460.000,1,0.000,0,0.000,0,0,0,
102307044000,0.000,0,1250.000,14,1130.000,1,14.500,9,14.000,1,8.100,9,1300.000,12,1310.000,5,1460.000,1,0.000,0,0.000,0,0,0,
102307917000,0.000,0,1250.000,44,1130.000,1,14.500,9,14.000,1,8.100,9,1290.000,30,1300.000,12,1310.000,5,1460.000,1,0.000,0,0,0,
102308918000,0.000,0,1250.000,24,1130.000,1,14.500,9,14.000,1,8.100,9,1290.000,10,1300.000,12,1310.000,5,1460.000,1,0.000,0,0,0,
102309293000,0.000,0,1250.000,24,1240.000,3,1130.000,1,14.500,9,14.000,1,1290.000,10,1300.000,12,1310.000,5,1460.000,1,0.000,0,0,0,
102309794000,0.000,0,1250.000,24,1130.000,1,14.500,9,14.000,1,8.100,9,1290.000,10,1300.000,12,1310.000,5,1460.000,1,0.000,0,0,0,
102309918000,0.000,0,1250.000,54,1130.000,1,14.500,9,14.000,1,8.100,9,1290.000,40,1300.000,12,1310.000,5,1460.000,1,0.000,0,0,0,
102310044000,0.000,0,1250.000,54,1130.000,1,14.500,9,14.000,1,8.100,9,1290.000,40,1300.000,9,1310.000,5,1460.000,1,0.000,0,0,0,
102313917000,0.000,0,1250.000,54,1130.000,1,14.500,9,14.000,1,8.100,9,1290.000,40,1300.000,12,1310.000,5,1460.000,1,0.000,0,0,0,
102316542000,0.000,0,1250.000,54,1240.000,3,1130.000,1,14.500,9,14.000,1,1290.000,40,1300.000,12,1310.000,5,1460.000,1,0.000,0,0,0,
102317045000,0.000,0,1250.000,54,1130.000,1,14.500,9,14.000,1,8.100,9,1290.000,40,1300.000,12,1310.000,5,1460.000,1,0.000,0,0,0,
102328416000,0.000,0,1250.000,54,1130.000,1,14.500,9,14.000,1,8.100,9,1290.000,40,1300.000,9,1310.000,5,1460.000,1,0.000,0,0,0,
102329168000,0.000,0,1250.000,54,1240.000,3,1130.000,1,14.500,9,14.000,1,1290.000,40,1300.000,12,1310.000,5,1460.000,1,0.000,0,0,0,
102329542000,0.000,0,1250.000,54,1130.000,1,14.500,9,14.000,1,8.100,9,1290.000,40,1300.000,12,1310.000,5,1460.000,1,0.000,0,0,0,
102331666000,0.000,0,1250.000,35,1130.000,1,14.500,9,14.000,1,8.100,9,1290.000,30,1300.000,12,1310.000,5,1460.000,1,0.000,0,0,0,
102340916000,0.000,0,1250.000,25,1130.000,1,14.500,9,14.000,1,8.100,9,1290.000,20,1300.000,9,1310.000,5,1460.000,1,0.000,0,0,0,
102341042000,0.000,0,1260.000,20,1250.000,5,1130.000,1,14.500,9,14.000,1,1300.000,29,1310.000,8,1460.000,1,0.000,0,0.000,0,0,0,
102342792000,0.000,0,1250.000,5,1240.000,9,1130.000,1,14.500,9,14.000,1,1300.000,9,1310.000,8,1460.000,1,0.000,0,0.000,0,0,0,
102342916000,0.000,0,1250.000,5,1240.000,12,1130.000,1,14.500,9,14.000,1,1300.000,9,1310.000,8,1460.000,1,0.000,0,0.000,0,0,0,
102343667000,0.000,0,1250.000,5,1240.000,9,1130.000,1,14.500,9,14.000,1,1300.000,9,1310.000,8,1460.000,1,0.000,0,0.000,0,0,0,
102343792000,0.000,0,1250.000,25,1240.000,9,1130.000,1,14.500,9,14.000,1,1290.000,20,1300.000,9,1310.000,8,1460.000,1,0.000,0,0,0,
102343917000,0.000,0,1250.000,45,1240.000,9,1130.000,1,14.500,9,14.000,1,1290.000,40,1300.000,12,1310.000,5,1460.000,1,0.000,0,0,0,
102353167000,0.000,0,1250.000,45,1240.000,9,1130.000,1,14.500,9,14.000,1,1290.000,40,1300.000,9,1310.000,5,1460.000,1,0.000,0,0,0,
102355043000,0.000,0,1250.000,45,1240.000,9,1130.000,1,14.500,9,14.000,1,1290.000,40,1300.000,12,1310.000,5,1460.000,1,0.000,0,0,0,
102402917000,0.000,0,1250.000,45,1240.000,9,1130.000,1,14.500,9,14.000,1,1290.000,40,1300.000,12,1310.000,5,1460.000,1,0.000,0,0,0,
102412667000,0.000,0,1250.000,25,1240.000,9,1130.000,1,14.500,9,14.000,1,1290.000,20,1300.000,12,1310.000,5,1460.000,1,0.000,0,0,0,
102417791000,0.000,0,1260.000,20,1250.000,25,1240.000,9,1130.000,1,14.500,9,1290.000,20,1300.000,32,1310.000,5,1460.000,1,0.000,0,0,0,
102418792000,0.000,0,1250.000,45,1240.000,9,1130.000,1,14.500,9,14.000,1,1290.000,40,1300.000,12,1310.000,5,1460.000,1,0.000,0,0,0,
102422044000,0.000,0,1250.000,25,1240.000,9,1130.000,1,14.500,9,14.000,1,1290.000,20,1300.000,12,1310.000,5,1460.000,1,0.000,0,0,0,
102422916000,0.000,0,1250.000,15,1240.000,9,1130.000,1,14.500,9,14.000,1,1290.000,10,1300.000,12,1310.000,5,1460.000,1,0.000,0,0,0,
102423042000,0.000,0,1250.000,45,1240.000,9,1130.000,1,14.500,9,14.000,1,1290.000,40,1300.000,12,1310.000,5,1460.000,1,0.000,0,0,0,
102423666000,0.000,0,1250.000,15,1240.000,9,1130.000,1,14.500,9,14.000,1,1290.000,10,1300.000,12,1310.000,5,1460.000,1,0.000,0,0,0,
102424667000,0.000,0,1250.000,45,1240.000,9,1130.000,1,14.500,9,14.000,1,1290.000,40,1300.000,12,1310.000,5,1460.000,1,0.000,0,0,0,
102425291000,0.000,0,1250.000,35,1130.000,1,14.500,9,14.000,1,8.100,9,1290.000,30,1300.000,3,1310.000,5,1460.000,1,0.000,0,0,0,
102439168000,0.000,0,1250.000,35,1130.000,1,14.500,9,14.000,1,8.100,9,1290.000,30,1310.000,5,1460.000,1,0.000,0,0.000,0,0,0,
102440417000,0.000,0,1250.000,35,1130.000,1,14.500,9,14.000,1,8.100,9,1290.000,30,1300.000,3,1310.000,5,1460.000,1,0.000,0,0,0,
102444791000,0.000,0,1250.000,35,1130.000,1,14.500,9,14.000,1,8.100,9,1290.000,30,1300.000,3,1310.000,5,1460.000,1,0.000,0,0,0,
102445042000,0.000,0,1250.000,15,1130.000,1,14.500,9,14.000,1,8.100,9,1290.000,10,1300.000,3,1310.000,5,1460.000,1,0.000,0,0,0,
102446042000,0.000,0,1250.000,45,1130.000,1,14.500,9,14.000,1,8.100,9,1290.000,40,1300.000,3,1310.000,5,1460.000,1,0.000,0,0,0,
102451418000,0.000,0,1250.000,35,1130.000,1,14.500,9,14.000,1,8.100,9,1290.000,30,1300.000,3,1310.000,5,1460.000,1,0.000,0,0,0,
102451542000,0.000,0,1250.000,35,1130.000,1,14.500,9,14.000,1,8.100,9,1290.000,30,1310.000,5,1460.000,1,0.000,0,0.000,0,0,0,
102452292000,0.000,0,1250.000,35,1130.000,1,14.500,9,14.000,1,8.100,9,1290.000,30,1300.000,3,1310.000,5,1460.000,1,0.000,0,0,0,
102454667000,0.000,0,1250.000,35,1130.000,1,14.500,9,14.000,1,8.100,9,1290.000,33,1310.000,5,1460.000,1,0.000,0,0.000,0,0,0,
102457667000,0.000,0,1250.000,35,1240.000,9,1130.000,1,14.500,9,14.000,1,1290.000,39,1310.000,5,1460.000,1,0.000,0,0.000,0,0,0,
102458043000,0.000,0,1250.000,35,1240.000,9,1130.000,1,14.500,9,14.000,1,1290.000,39,1300.000,3,1310.000,5,1460.000,1,0.000,0,0,0,
102506041000,0.000,0,1250.000,25,1240.000,9,1130.000,1,14.500,9,14.000,1,1290.000,29,1300.000,3,1310.000,5,1460.000,1,0.000,0,0,0,
102516044000,0.000,0,1250.000,35,1240.000,9,1130.000,1,14.500,9,14.000,1,1290.000,39,1310.000,5,1460.000,1,0.000,0,0.000,0,0,0,
102516793000,0.000,0,1250.000,35,1240.000,9,1130.000,1,14.500,9,14.000,1,1290.000,39,1300.000,3,1310.000,5,1460.000,1,0.000,0,0,0,
102536167000,0.000,0,1250.000,25,1240.000,9,1130.000,1,14.500,9,14.000,1,1290.000,29,1300.000,3,1310.000,5,1460.000,1,0.000,0,0,0,
102544416000,0.000,0,1250.000,35,1240.000,9,1130.000,1,14.500,9,14.000,1,1290.000,39,1300.000,3,1310.000,5,1460.000,1,0.000,0,0,0,
102549667000,0.000,0,1250.000,35,1240.000,9,1130.000,1,14.500,9,14.000,1,1290.000,39,1310.000,5,1460.000,1,0.000,0,0.000,0,0,0,
102551042000,0.000,0,1250.000,35,1240.000,9,1130.000,1,14.500,9,14.000,1,1290.000,39,1300.000,3,1310.000,5,1460.000,1,0.000,0,0,0,
102552794000,0.000,0,1250.000,35,1240.000,9,1130.000,1,14.500,9,14.000,1,1290.000,39,1310.000,5,1460.000,1,0.000,0,0.000,0,0,0,
102553418000,0.000,0,1250.000,35,1240.000,12,1130.000,1,14.500,9,14.000,1,1290.000,39,1310.000,5,1460.000,1,0.000,0,0.000,0,0,0,
102555792000,0.000,0,1250.000,35,1240.000,9,1130.000,1,14.500,9,14.000,1,1290.000,39,1310.000,5,1460.000,1,0.000,0,0.000,0,0,0,
102557917000,0.000,0,1250.000,45,1240.000,9,1130.000,1,14.500,9,14.000,1,1290.000,49,1310.000,5,1460.000,1,0.000,0,0.000,0,0,0,
102601417000,0.000,0,1250.000,45,1240.000,12,1130.000,1,14.500,9,14.000,1,1290.000,49,1300.000,3,1310.000,5,1460.000,1,0.000,0,0,0,
102601917000,0.000,0,1250.000,45,1240.000,9,1130.000,1,14.500,9,14.000,1,1290.000,49,1310.000,5,1460.000,1,0.000,0,0.000,0,0,0,
102602921000,0.000,0,1250.000,45,1240.000,9,1130.000,1,14.500,9,14.000,1,1290.000,49,1300.000,3,1310.000,5,1460.000,1,0.000,0,0,0,
102605042000,0.000,0,1250.000,45,1240.000,9,1130.000,1,14.500,9,14.000,1,1290.000,49,1310.000,5,1460.000,1,0.000,0,0.000,0,0,0,
102607168000,0.000,0,1260.000,20,1250.000,15,1240.000,9,1130.000,1,14.500,9,1290.000,19,1300.000,20,1310.000,5,1460.000,1,0.000,0,0,0,
102610792000,0.000,0,1260.000,20,1250.000,5,1240.000,9,1130.000,1,14.500,9,1300.000,20,1310.000,8,1460.000,1,0.000,0,0.000,0,0,0,
102620043000,0.000,0,1250.000,5,1240.000,9,1130.000,1,14.500,9,14.000,1,1310.000,8,1460.000,1,0.000,0,0.000,0,0.000,0,0,0,
102621041000,0.000,0,1260.000,20,1250.000,5,1240.000,9,1130.000,1,14.500,9,1300.000,20,1310.000,8,1460.000,1,0.000,0,0.000,0,0,0,
102641167000,0.000,0,1260.000,20,1250.000,5,1240.000,9,1130.000,1,14.500,9,1300.000,29,1310.000,8,1460.000,1,0.000,0,0.000,0,0,0,
102702792000,0.000,0,1250.000,5,1240.000,9,1130.000,1,14.500,9,14.000,1,1300.000,9,1310.000,8,1460.000,1,0.000,0,0.000,0,0,0,
102703667000,0.000,0,1250.000,5,1240.000,9,1130.000,1,14.500,9,14.000,1,1300.000,12,1310.000,5,1460.000,1,0.000,0,0.000,0,0,0,
102704043000,0.000,0,1260.000,20,1250.000,5,1240.000,9,1130.000,1,14.500,9,1300.000,32,1310.000,5,1460.000,1,0.000,0,0.000,0,0,0,
102709666000,0.000,0,1260.000,20,1250.000,5,1240.000,9,1130.000,1,14.500,9,1300.000,29,1310.000,8,1460.000,1,0.000,0,0.000,0,0,0,
102715791000,0.000,0,1260.000,30,1250.000,5,1240.000,9,1130.000,1,14.500,9,1300.000,39,1310.000,8,1460.000,1,0.000,0,0.000,0,0,0,
102718916000,0.000,0,1260.000,30,1250.000,5,1240.000,9,1130.000,1,14.500,9,1300.000,39,1310.000,5,1460.000,1,0.000,0,0.000,0,0,0,
102719041000,0.000,0,1260.000,30,1250.000,5,1240.000,9,1130.000,1,14.500,9,1300.000,42,1310.000,5,1460.000,1,0.000,0,0.000,0,0,0,
102722043000,0.000,0,1260.000,30,1250.000,5,1240.000,9,1130.000,1,14.500,9,1300.000,39,1310.000,8,1460.000,1,0.000,0,0.000,0,0,0,
102735916000,0.000,0,1260.000,20,1250.000,5,1240.000,9,1130.000,1,14.500,9,1300.000,29,1310.000,8,1460.000,1,0.000,0,0.000,0,0,0,
102746542000,0.000,0,1260.000,20,1250.000,5,1240.000,9,1130.000,1,14.500,9,1300.000,29,1310.000,5,1460.000,1,0.000,0,0.000,0,0,0,
102747417000,0.000,0,1260.000,30,1250.000,8,1240.000,9,1130.000,1,14.500,9,1300.000,39,1310.000,8,1460.000,1,0.000,0,0.000,0,0,0,
102748791000,0.000,0,1260.000,30,1250.000,5,1240.000,9,1130.000,1,14.500,9,1300.000,39,1310.000,8,1460.000,1,0.000,0,0.000,0,0,0,
102749041000,0.000,0,1260.000,30,1250.000,8,1240.000,9,1130.000,1,14.500,9,1300.000,39,1310.000,8,1460.000,1,0.000,0,0.000,0,0,0,
102749167000,0.000,0,1260.000,30,1250.000,5,1240.000,9,1130.000,1,14.500,9,1300.000,39,1310.000,8,1460.000,1,0.000,0,0.000,0,0,0,
102755543000,0.000,0,1260.000,30,1250.000,8,1240.000,9,1130.000,1,14.500,9,1300.000,39,1310.000,8,1460.000,1,0.000,0,0.000,0,0,0,
102756042000,0.000,0,1260.000,30,1250.000,5,1240.000,9,1130.000,1,14.500,9,1300.000,39,1310.000,8,1460.000,1,0.000,0,0.000,0,0,0,
102756417000,0.000,0,1260.000,30,1250.000,8,1240.000,9,1130.000,1,14.500,9,1300.000,39,1310.000,8,1460.000,1,0.000,0,0.000,0,0,0,
102757043000,0.000,0,1260.000,30,1250.000,5,1240.000,9,1130.000,1,14.500,9,1300.000,39,1310.000,8,1460.000,1,0.000,0,0.000,0,0,0,
102757167000,0.000,0,1260.000,30,1250.000,8,1240.000,9,1130.000,1,14.500,9,1300.000,39,1310.000,8,1460.000,1,0.000,0,0.000,0,0,0,
102757291000,0.000,0,1260.000,30,1250.000,5,1240.000,9,1130.000,1,14.500,9,1300.000,39,1310.000,8,1460.000,1,0.000,0,0.000,0,0,0,
102805542000,0.000,0,1260.000,30,1250.000,8,1240.000,9,1130.000,1,14.500,9,1300.000,39,1310.000,8,1460.000,1,0.000,0,0.000,0,0,0,
102808041000,0.000,0,1260.000,30,1250.000,5,1240.000,9,1130.000,1,14.500,9,1300.000,39,1310.000,8,1460.000,1,0.000,0,0.000,0,0,0,
102808294000,0.000,0,1260.000,30,1250.000,8,1240.000,9,1130.000,1,14.500,9,1300.000,39,1310.000,8,1460.000,1,0.000,0,0.000,0,0,0,
102811168000,0.000,0,1260.000,30,1250.000,5,1240.000,9,1130.000,1,14.500,9,1300.000,39,1310.000,8,1460.000,1,0.000,0,0.000,0,0,0,
102814292000,0.000,0,1260.000,30,1250.000,5,1240.000,9,1130.000,1,14.500,9,1300.000,39,1310.000,5,1460.000,1,0.000,0,0.000,0,0,0,
102817168000,0.000,0,1270.000,20,1260.000,10,1250.000,5,1240.000,9,1130.000,1,1300.000,19,1310.000,25,1460.000,1,0.000,0,0.000,0,0,0,
102826167000,0.000,0,1270.000,20,1260.000,10,1250.000,5,1240.000,9,1130.000,1,1300.000,19,1310.000,28,1460.000,1,0.000,0,0.000,0,0,0,
102827792000,0.000,0,1260.000,10,1250.000,5,1240.000,9,1130.000,1,14.500,9,1300.000,19,1310.000,8,1460.000,1,0.000,0,0.000,0,0,0,
102828791000,0.000,0,1270.000,20,1260.000,10,1250.000,5,1240.000,9,1130.000,1,1300.000,19,1310.000,28,1460.000,1,0.000,0,0.000,0,0,0,
102829667000,0.000,0,1270.000,20,1260.000,10,1250.000,5,1240.000,9,1130.000,1,1300.000,19,1310.000,25,1460.000,1,0.000,0,0.000,0,0,0,
102832166000,0.000,0,1260.000,10,1250.000,5,1240.000,9,1130.000,1,14.500,9,1300.000,19,1310.000,5,1460.000,1,0.000,0,0.000,0,0,0,
102833166000,0.000,0,1270.000,20,1260.000,10,1250.000,5,1240.000,9,1130.000,1,1300.000,19,1310.000,25,1460.000,1,0.000,0,0.000,0,0,0,
102833666000,0.000,0,1270.000,20,1260.000,10,1250.000,5,1240.000,9,1130.000,1,1300.000,19,1310.000,28,1460.000,1,0.000,0,0.000,0,0,0,
102835918000,0.000,0,1270.000,20,1260.000,10,1250.000,5,1240.000,9,1130.000,1,1300.000,19,1310.000,25,1460.000,1,0.000,0,0.000,0,0,0,
102836792000,0.000,0,1270.000,20,1260.000,10,1250.000,5,1240.000,9,1130.000,1,1300.000,19,1310.000,28,1460.000,1,0.000,0,0.000,0,0,0,
102839041000,0.000,0,1270.000,20,1260.000,10,1250.000,5,1240.000,9,1130.000,1,1300.000,19,1310.000,25,1460.000,1,0.000,0,0.000,0,0,0,
102850167000,0.000,0,1260.000,30,1250.000,5,1240.000,9,1130.000,1,14.500,9,1300.000,39,1310.000,5,1460.000,1,0.000,0,0.000,0,0,0,
102855293000,0.000,0,1260.000,30,1250.000,5,1240.000,9,1130.000,1,14.500,9,1300.000,39,1310.000,5,1460.000,1,0.000,0,0.000,0,0,0,
102857666000,0.000,0,1260.000,30,1250.000,5,1240.000,9,1130.000,1,14.500,9,1300.000,39,1310.000,8,1460.000,1,0.000,0,0.000,0,0,0,
102900667000,0.000,0,1260.000,30,1250.000,5,1240.000,9,1130.000,1,14.500,9,1300.000,39,1310.000,5,1460.000,1,0.000,0,0.000,0,0,0,
102901418000,0.000,0,1260.000,30,1250.000,5,1240.000,9,1130.000,1,14.500,9,1300.000,39,1310.000,8,1460.000,1,0.000,0,0.000,0,0,0,
102901793000,0.000,0,1250.000,5,1240.000,9,1130.000,1,14.500,9,14.000,1,1300.000,9,1310.000,8,1460.000,1,0.000,0,0.000,0,0,0,
102902543000,0.000,0,1250.000,5,1240.000,12,1130.000,1,14.500,9,14.000,1,1300.000,9,1310.000,8,1460.000,1,0.000,0,0.000,0,0,0,
102902792000,0.000,0,1260.000,20,1250.000,5,1240.000,12,1130.000,1,14.500,9,1300.000,29,1310.000,8,1460.000,1,0.000,0,0.000,0,0,0,
102903793000,0.000,0,1260.000,20,1250.000,5,1240.000,9,1130.000,1,14.500,9,1300.000,29,1310.000,8,1460.000,1,0.000,0,0.000,0,0,0,
102907542000,0.000,0,1260.000,30,1250.000,5,1240.000,9,1130.000,1,14.500,9,1300.000,39,1310.000,8,1460.000,1,0.000,0,0.000,0,0,0,
102912293000,0.000,0,1260.000,30,1250.000,8,1240.000,9,1130.000,1,14.500,9,1300.000,39,1310.000,8,1460.000,1,0.000,0,0.000,0,0,0,
102913041000,0.000,0,1260.000,30,1250.000,5,1240.000,9,1130.000,1,14.500,9,1300.000,39,1310.000,8,1460.000,1,0.000,0,0.000,0,0,0,
102927542000,0.000,0,1260.000,20,1250.000,5,1240.000,9,1130.000,1,14.500,9,1300.000,29,1310.000,8,1460.000,1,0.000,0,0.000,0,0,0,
102937416000,0.000,0,1260.000,20,1250.000,5,1240.000,9,1130.000,1,14.500,9,1300.000,29,1310.000,5,1460.000,1,0.000,0,0.000,0,0,0,
102938043000,0.000,0,1260.000,30,1250.000,5,1240.000,9,1130.000,1,14.500,9,1300.000,39,1310.000,8,1460.000,1,0.000,0,0.000,0,0,0,
102943666000,0.000,0,1260.000,30,1250.000,5,1240.000,9,1130.000,1,14.500,9,1300.000,39,1310.000,5,1460.000,1,0.000,0,0.000,0,0,0,
102945666000,0.000,0,1260.000,30,1250.000,5,1240.000,9,1130.000,1,14.500,9,1300.000,39,1310.000,8,1460.000,1,0.000,0,0.000,0,0,0,
102946666000,0.000,0,1260.000,30,1250.000,5,1240.000,9,1130.000,1,14.500,9,1300.000,39,1310.000,5,1460.000,1,0.000,0,0.000,0,0,0,
102947292000,0.000,0,1260.000,30,1250.000,5,1240.000,9,1130.000,1,14.500,9,1300.000,39,1310.000,8,1460.000,1,0.000,0,0.000,0,0,0,
102956041000,0.000,0,1260.000,30,1250.000,5,1240.000,9,1130.000,1,14.500,9,1300.000,42,1310.000,5,1460.000,1,0.000,0,0.000,0,0,0,
102959166000,0.000,0,1260.000,30,1250.000,5,1240.000,9,1130.000,1,14.500,9,1300.000,39,1310.000,8,1460.000,1,0.000,0,0.000,0,0,0,
103000918000,0.000,0,1260.000,20,1250.000,5,1240.000,9,1130.000,1,14.500,9,1300.000,29,1310.000,8,1460.000,1,0.000,0,0.000,0,0,0,
103002168000,0.000,0,1260.000,20,1250.000,5,1240.000,9,1130.000,1,14.500,9,1300.000,29,1310.000,5,1460.000,1,0.000,0,0.000,0,0,0,
103002417000,0.000,0,1260.000,20,1250.000,5,1240.000,9,1130.000,1,14.500,9,1300.000,29,1310.000,8,1460.000,1,0.000,0,0.000,0,0,0,
103005291000,0.000,0,1260.000,20,1250.000,5,1240.000,9,1130.000,1,14.500,9,1300.000,29,1310.000,5,1460.000,1,0.000,0,0.000,0,0,0,
103007668000,0.000,0,1260.000,20,1250.000,5,1240.000,9,1130.000,1,14.500,9,1300.000,29,1310.000,8,1460.000,1,0.000,0,0.000,0,0,0,
103014541000,0.000,0,1260.000,30,1250.000,5,1240.000,9,1130.000,1,14.500,9,1300.000,39,1310.000,5,1460.000,1,0.000,0,0.000,0,0,0,
103020167000,0.000,0,1250.000,5,1240.000,9,1130.000,1,14.500,9,14.000,1,1300.000,9,1310.000,5,1460.000,1,0.000,0,0.000,0,0,0,
103022167000,0.000,0,1260.000,20,1250.000,5,1240.000,9,1130.000,1,14.500,9,1300.000,29,1310.000,5,1460.000,1,0.000,0,0.000,0,0,0,
103038666000,0.000,0,1260.000,30,1250.000,5,1240.000,9,1130.000,1,14.500,9,1300.000,39,1310.000,8,1460.000,1,0.000,0,0.000,0,0,0,
103040168000,0.000,0,1270.000,20,1250.000,5,1240.000,9,1130.000,1,14.500,9,1300.000,9,1310.000,28,1460.000,1,0.000,0,0.000,0,0,0,
103042292000,0.000,0,1270.000,30,1250.000,5,1240.000,9,1130.000,1,14.500,9,1300.000,9,1310.000,35,1460.000,1,0.000,0,0.000,0,0,0,
103051794000,0.000,0,1270.000,20,1250.000,5,1240.000,9,1130.000,1,14.500,9,1310.000,20,1460.000,1,0.000,0,0.000,0,0.000,0,0,0,
103051918000,0.000,0,1250.000,5,1240.000,12,1130.000,1,14.500,9,14.000,1,1430.000,3,1460.000,1,0.000,0,0.000,0,0.000,0,0,0,
103053418000,0.000,0,1270.000,20,1250.000,5,1240.000,12,1130.000,1,14.500,9,1310.000,20,1430.000,3,1460.000,1,0.000,0,0.000,0,0,0,
103054418000,0.000,0,1250.000,5,1240.000,12,1130.000,1,14.500,9,14.000,1,1430.000,3,1460.000,1,0.000,0,0.000,0,0.000,0,0,0,
103054544000,0.000,0,1250.000,8,1240.000,9,1130.000,1,14.500,9,14.000,1,1430.000,3,1460.000,1,0.000,0,0.000,0,0.000,0,0,0,
103055418000,0.000,0,1270.000,20,1250.000,8,1240.000,9,1130.000,1,14.500,9,1310.000,20,1430.000,3,1460.000,1,0.000,0,0.000,0,0,0,
103057542000,0.000,0,1270.000,20,1250.000,5,1240.000,9,1130.000,1,14.500,9,1310.000,20,1460.000,1,0.000,0,0.000,0,0.000,0,0,0,
103059166000,0.000,0,1250.000,5,1240.000,12,1130.000,1,14.500,9,14.000,1,1430.000,12,1460.000,1,0.000,0,0.000,0,0.000,0,0,0,
103100667000,0.000,0,1250.000,5,1240.000,12,1130.000,1,14.500,9,14.000,1,1420.000,3,1430.000,9,1460.000,1,0.000,0,0.000,0,0,0,
103100916000,0.000,0,1270.000,20,1250.000,5,1240.000,12,1130.000,1,14.500,9,1310.000,20,1420.000,3,1430.000,9,1460.000,1,0.000,0,0,0,
103101918000,0.000,0,1250.000,5,1240.000,12,1130.000,1,14.500,9,14.000,1,1420.000,3,1430.000,9,1460.000,1,0.000,0,0.000,0,0,0,
103103792000,0.000,0,1250.000,8,1240.000,9,1130.000,1,14.500,9,14.000,1,1420.000,3,1430.000,9,1460.000,1,0.000,0,0.000,0,0,0,
103106918000,0.000,0,1250.000,5,1240.000,12,1130.000,1,14.500,9,14.000,1,1420.000,3,1430.000,9,1460.000,1,0.000,0,0.000,0,0,0,
103116166000,0.000,0,1250.000,8,1240.000,9,1130.000,1,14.500,9,14.000,1,1420.000,3,1430.000,9,1460.000,1,0.000,0,0.000,0,0,0,
103120297000,0.000,0,1270.000,30,1250.000,8,1240.000,9,1130.000,1,14.500,9,1310.000,30,1420.000,3,1430.000,9,1460.000,1,0.000,0,0,0,
103121795000,0.000,0,1270.000,20,1250.000,8,1240.000,9,1130.000,1,14.500,9,1310.000,20,1420.000,3,1430.000,9,1460.000,1,0.000,0,0,0,
103121919000,0.000,0,1250.000,8,1240.000,9,1130.000,1,14.500,9,14.000,1,1420.000,3,1430.000,9,1460.000,1,0.000,0,0.000,0,0,0,
103122294000,0.000,0,1250.000,5,1240.000,9,1130.000,1,14.500,9,14.000,1,1420.000,3,1430.000,9,1460.000,1,0.000,0,0.000,0,0,0,
103123542000,0.000,0,1250.000,5,1240.000,12,1130.000,1,14.500,9,14.000,1,1420.000,3,1430.000,9,1460.000,1,0.000,0,0.000,0,0,0,
103125169000,0.000,0,1270.000,30,1250.000,5,1240.000,12,1130.000,1,14.500,9,1310.000,30,1420.000,3,1430.000,9,1460.000,1,0.000,0,0,0,
103125417000,0.000,0,1270.000,30,1250.000,5,1240.000,12,1130.000,1,14.500,9,1310.000,30,1430.000,9,1460.000,1,0.000,0,0.000,0,0,0,
103126292000,0.000,0,1270.000,30,1250.000,5,1240.000,12,1130.000,1,14.500,9,1310.000,30,1320.000,3,1430.000,9,1460.000,1,0.000,0,0,0,
103128542000,0.000,0,1270.000,30,1250.000,5,1240.000,12,1130.000,1,14.500,9,1310.000,30,1430.000,9,1460.000,1,0.000,0,0.000,0,0,0,
103128666000,0.000,0,1270.000,30,1250.000,5,1240.000,12,1130.000,1,14.500,9,1310.000,30,1320.000,3,1430.000,9,1460.000,1,0.000,0,0,0,
103131666000,0.000,0,1270.000,30,1250.000,5,1240.000,9,1130.000,1,14.500,9,1310.000,30,1320.000,3,1430.000,9,1460.000,1,0.000,0,0,0,
103134667000,0.000,0,1270.000,30,1250.000,5,1240.000,9,1130.000,1,14.500,9,1310.000,30,1430.000,9,1460.000,1,0.000,0,0.000,0,0,0,
103135292000,0.000,0,1270.000,30,1250.000,5,1240.000,9,1130.000,1,14.500,9,1310.000,30,1320.000,3,1430.000,9,1460.000,1,0.000,0,0,0,
103137792000,0.000,0,1270.000,30,1250.000,5,1240.000,9,1130.000,1,14.500,9,1310.000,30,1430.000,9,1460.000,1,0.000,0,0.000,0,0,0,
103139167000,0.000,0,1270.000,30,1250.000,5,1240.000,9,1130.000,1,14.500,9,1310.000,30,1320.000,3,1430.000,9,1460.000,1,0.000,0,0,0,
103140791000,0.000,0,1270.000,30,1250.000,5,1240.000,9,1130.000,1,14.500,9,1310.000,30,1430.000,9,1460.000,1,0.000,0,0.000,0,0,0,
103142167000,0.000,0,1270.000,30,1250.000,5,1240.000,9,1130.000,1,14.500,9,1310.000,30,1320.000,3,1430.000,9,1460.000,1,0.000,0,0,0,
103145293000,0.000,0,1270.000,20,1250.000,5,1240.000,9,1130.000,1,14.500,9,1310.000,20,1320.000,3,1430.000,9,1460.000,1,0.000,0,0,0,
103146292000,0.000,0,1270.000,20,1240.000,9,1130.000,1,14.500,9,14.000,1,1310.000,20,1320.000,3,1430.000,9,1460.000,1,0.000,0,0,0,
103146916000,0.000,0,1270.000,20,1240.000,9,1130.000,1,14.500,9,14.000,1,1310.000,20,1430.000,9,1460.000,1,0.000,0,0.000,0,0,0,
103147291000,0.000,0,1240.000,12,1130.000,1,14.500,9,14.000,1,8.100,9,1420.000,3,1430.000,9,1460.000,1,0.000,0,0.000,0,0,0,
103159166000,0.000,0,1250.000,3,1240.000,9,1130.000,1,14.500,9,14.000,1,1420.000,3,1430.000,9,1460.000,1,0.000,0,0.000,0,0,0,
103202292000,0.000,0,1270.000,30,1250.000,3,1240.000,9,1130.000,1,14.500,9,1310.000,30,1320.000,3,1430.000,9,1460.000,1,0.000,0,0,0,
103208416000,0.000,0,1270.000,30,1240.000,9,1130.000,1,14.500,9,14.000,1,1310.000,30,1430.000,9,1460.000,1,0.000,0,0.000,0,0,0,
103208667000,0.000,0,1270.000,30,1240.000,9,1130.000,1,14.500,9,14.000,1,1310.000,30,1320.000,3,1430.000,9,1460.000,1,0.000,0,0,0,
103222291000,0.000,0,1270.000,20,1240.000,9,1130.000,1,14.500,9,14.000,1,1310.000,20,1320.000,3,1430.000,9,1460.000,1,0.000,0,0,0,
103230041000,0.000,0,1270.000,20,1240.000,9,1130.000,1,14.500,9,14.000,1,1310.000,20,1430.000,9,1460.000,1,0.000,0,0.000,0,0,0,
103233792000,0.000,0,1270.000,30,1240.000,9,1130.000,1,14.500,9,14.000,1,1310.000,30,1320.000,3,1430.000,9,1460.000,1,0.000,0,0,0,
103246292000,0.000,0,1240.000,9,1130.000,1,14.500,9,14.000,1,8.100,9,1320.000,3,1430.000,9,1460.000,1,0.000,0,0.000,0,0,0,
103246667000,0.000,0,1250.000,3,1240.000,9,1130.000,1,14.500,9,14.000,1,1320.000,3,1430.000,9,1460.000,1,0.000,0,0.000,0,0,0,
103247292000,0.000,0,1270.000,30,1250.000,3,1240.000,9,1130.000,1,14.500,9,1310.000,30,1320.000,3,1430.000,9,1460.000,1,0.000,0,0,0,
103247917000,0.000,0,1250.000,3,1240.000,9,1130.000,1,14.500,9,14.000,1,1320.000,3,1430.000,9,1460.000,1,0.000,0,0.000,0,0,0,
103248542000,0.000,0,1250.000,3,1240.000,9,1130.000,1,14.500,9,14.000,1,1420.000,3,1430.000,9,1460.000,1,0.000,0,0.000,0,0,0,
103248916000,0.000,0,1270.000,30,1250.000,3,1240.000,9,1130.000,1,14.500,9,1310.000,30,1420.000,3,1430.000,9,1460.000,1,0.000,0,0,0,
103251667000,0.000,0,1270.000,30,1250.000,3,1240.000,9,1130.000,1,14.500,9,1310.000,30,1430.000,9,1460.000,1,0.000,0,0.000,0,0,0,
103251916000,0.000,0,1250.000,3,1240.000,9,1130.000,1,14.500,9,14.000,1,1430.000,9,1460.000,1,0.000,0,0.000,0,0.000,0,0,0,
103252545000,0.000,0,1250.000,3,1240.000,9,1130.000,1,14.500,9,14.000,1,1420.000,3,1430.000,9,1460.000,1,0.000,0,0.000,0,0,0,
103254667000,0.000,0,1240.000,9,1230.000,3,1130.000,1,14.500,9,14.000,1,1420.000,3,1430.000,9,1460.000,1,0.000,0,0.000,0,0,0,
103255293000,0.000,0,1270.000,20,1240.000,9,1230.000,3,1130.000,1,14.500,9,1310.000,20,1420.000,3,1430.000,9,1460.000,1,0.000,0,0,0,
103257792000,0.000,0,1270.000,20,1240.000,9,1130.000,1,14.500,9,14.000,1,1310.000,20,1320.000,3,1430.000,9,1460.000,1,0.000,0,0,0,
103302293000,0.000,0,1240.000,12,1130.000,1,14.500,9,14.000,1,8.100,9,1320.000,3,1430.000,9,1460.000,1,0.000,0,0.000,0,0,0,
103303291000,0.000,0,1270.000,30,1240.000,12,1130.000,1,14.500,9,14.000,1,1310.000,30,1320.000,3,1430.000,9,1460.000,1,0.000,0,0,0,
103304042000,0.000,0,1270.000,30,1240.000,12,1130.000,1,14.500,9,14.000,1,1310.000,30,1430.000,9,1460.000,1,0.000,0,0.000,0,0,0,
103304917000,0.000,0,1270.000,30,1240.000,12,1130.000,1,14.500,9,14.000,1,1310.000,30,1320.000,3,1430.000,9,1460.000,1,0.000,0,0,0,
103306666000,0.000,0,1270.000,30,1260.000,5,1240.000,12,1130.000,1,14.500,9,1310.000,30,1320.000,3,1430.000,9,1460.000,1,0.000,0,0,0,
103307166000,0.000,0,1270.000,30,1260.000,5,1240.000,12,1130.000,1,14.500,9,1310.000,30,1430.000,9,1460.000,1,0.000,0,0.000,0,0,0,
103307791000,0.000,0,1270.000,30,1260.000,5,1240.000,12,1130.000,1,14.500,9,1310.000,30,1320.000,5,1430.000,9,1460.000,1,0.000,0,0,0,
103307917000,0.000,0,1270.000,30,1260.000,5,1240.000,12,1130.000,1,14.500,9,1310.000,30,1320.000,8,1430.000,9,1460.000,1,0.000,0,0,0,
103310291000,0.000,0,1270.000,30,1260.000,5,1240.000,9,1130.000,1,14.500,9,1310.000,30,1320.000,8,1430.000,9,1460.000,1,0.000,0,0,0,
103321791000,0.000,0,1270.000,30,1260.000,5,1240.000,9,1130.000,1,14.500,9,1310.000,30,1320.000,8,1430.000,9,1460.000,1,0.000,0,0,0,
103341916000,0.000,0,1270.000,20,1260.000,5,1240.000,9,1130.000,1,14.500,9,1310.000,20,1320.000,8,1430.000,9,1460.000,1,0.000,0,0,0,
103356916000,0.000,0,1270.000,20,1260.000,5,1240.000,9,1130.000,1,14.500,9,1310.000,20,1320.000,5,1430.000,9,1460.000,1,0.000,0,0,0,
103357417000,0.000,0,1270.000,30,1260.000,5,1240.000,9,1130.000,1,14.500,9,1310.000,30,1320.000,8,1430.000,9,1460.000,1,0.000,0,0,0,
103417416000,0.000,0,1270.000,20,1260.000,5,1240.000,9,1130.000,1,14.500,9,1310.000,20,1320.000,8,1430.000,9,1460.000,1,0.000,0,0,0,
103440292000,0.000,0,1260.000,5,1240.000,9,1130.000,1,14.500,9,14.000,1,1320.000,8,1430.000,9,1460.000,1,0.000,0,0.000,0,0,0,
103440417000,0.000,0,1260.000,5,1250.000,3,1240.000,9,1130.000,1,14.500,9,1320.000,8,1430.000,9,1460.000,1,0.000,0,0.000,0,0,0,
103446292000,0.000,0,1260.000,5,1240.000,9,1130.000,1,14.500,9,14.000,1,1320.000,5,1430.000,9,1460.000,1,0.000,0,0.000,0,0,0,
103447047000,0.000,0,1260.000,5,1240.000,9,1130.000,1,14.500,9,14.000,1,1320.000,5,1330.000,3,1430.000,9,1460.000,1,0.000,0,0,0,
103449292000,0.000,0,1260.000,5,1240.000,9,1130.000,1,14.500,9,14.000,1,1310.000,3,1320.000,5,1430.000,9,1460.000,1,0.000,0,0,0,
103450042000,0.000,0,1260.000,25,1240.000,9,1130.000,1,14.500,9,14.000,1,1300.000,20,1310.000,3,1320.000,5,1430.000,9,1460.000,1,0,0,
103503543000,0.000,0,1260.000,35,1240.000,9,1130.000,1,14.500,9,14.000,1,1300.000,30,1310.000,3,1320.000,5,1430.000,9,1460.000,1,0,0,
103523542000,0.000,0,1260.000,25,1240.000,9,1130.000,1,14.500,9,14.000,1,1300.000,20,1310.000,3,1320.000,5,1430.000,9,1460.000,1,0,0,
103534041000,0.000,0,1260.000,35,1240.000,9,1130.000,1,14.500,9,14.000,1,1300.000,30,1310.000,3,1320.000,5,1430.000,9,1460.000,1,0,0,
103554041000,0.000,0,1260.000,25,1240.000,9,1130.000,1,14.500,9,14.000,1,1300.000,20,1310.000,3,1320.000,5,1430.000,9,1460.000,1,0,0,
103559541000,0.000,0,1260.000,35,1240.000,9,1130.000,1,14.500,9,14.000,1,1300.000,30,1310.000,3,1320.000,5,1430.000,9,1460.000,1,0,0,
103600044000,0.000,0,1260.000,5,1240.000,9,1130.000,1,14.500,9,14.000,1,1310.000,3,1320.000,5,1430.000,9,1460.000,1,0.000,0,0,0,
103600543000,0.000,0,1260.000,5,1240.000,9,1130.000,1,14.500,9,14.000,1,1320.000,8,1430.000,9,1460.000,1,0.000,0,0.000,0,0,0,
103603667000,0.000,0,1260.000,5,1240.000,9,1130.000,1,14.500,9,14.000,1,1310.000,3,1320.000,5,1430.000,9,1460.000,1,0.000,0,0,0,
103604041000,0.000,0,1260.000,25,1240.000,9,1130.000,1,14.500,9,14.000,1,1300.000,20,1310.000,3,1320.000,5,1430.000,9,1460.000,1,0,0,
103614666000,0.000,0,1260.000,35,1240.000,9,1130.000,1,14.500,9,14.000,1,1300.000,30,1310.000,3,1320.000,5,1430.000,9,1460.000,1,0,0,
103621420000,0.000,0,1260.000,5,1240.000,9,1130.000,1,14.500,9,14.000,1,1310.000,3,1320.000,5,1430.000,9,1460.000,1,0.000,0,0,0,
103622418000,0.000,0,1270.000,30,1260.000,5,1240.000,9,1130.000,1,14.500,9,1310.000,33,1320.000,5,1430.000,9,1460.000,1,0.000,0,0,0,
103625416000,0.000,0,1270.000,30,1260.000,5,1240.000,9,1130.000,1,14.500,9,1310.000,30,1320.000,8,1430.000,9,1460.000,1,0.000,0,0,0,
103632791000,0.000,0,1260.000,5,1240.000,9,1130.000,1,14.500,9,14.000,1,1320.000,8,1430.000,9,1460.000,1,0.000,0,0.000,0,0,0,
103633541000,0.000,0,1240.000,9,1130.000,1,14.500,9,14.000,1,8.100,9,1320.000,8,1430.000,9,1460.000,1,0.000,0,0.000,0,0,0,
103633666000,0.000,0,1240.000,12,1130.000,1,14.500,9,14.000,1,8.100,9,1320.000,8,1430.000,9,1460.000,1,0.000,0,0.000,0,0,0,
103636418000,0.000,0,1270.000,30,1240.000,12,1130.000,1,14.500,9,14.000,1,1310.000,30,1320.000,8,1430.000,9,1460.000,1,0.000,0,0,0,
103641042000,0.000,0,1270.000,30,1240.000,9,1130.000,1,14.500,9,14.000,1,1310.000,30,1320.000,8,1430.000,9,1460.000,1,0.000,0,0,0,
103643416000,0.000,0,1270.000,30,1260.000,5,1240.000,9,1130.000,1,14.500,9,1310.000,30,1320.000,8,1430.000,9,1460.000,1,0.000,0,0,0,
103655416000,0.000,0,1270.000,30,1260.000,5,1240.000,9,1130.000,1,14.500,9,1310.000,30,1320.000,8,1430.000,9,1460.000,1,0.000,0,0,0,
103657418000,0.000,0,1260.000,5,1250.000,3,1240.000,9,1130.000,1,14.500,9,1320.000,8,1430.000,9,1460.000,1,0.000,0,0.000,0,0,0,
103659416000,0.000,0,1260.000,5,1240.000,9,1130.000,1,14.500,9,14.000,1,1320.000,8,1430.000,9,1460.000,1,0.000,0,0.000,0,0,0,
103702418000,0.000,0,1260.000,5,1240.000,9,1130.000,1,14.500,9,14.000,1,1310.000,3,1320.000,5,1430.000,9,1460.000,1,0.000,0,0,0,
103702792000,0.000,0,1260.000,25,1240.000,9,1130.000,1,14.500,9,14.000,1,1300.000,20,1310.000,3,1320.000,5,1430.000,9,1460.000,1,0,0,
103723917000,0.000,0,1260.000,35,1240.000,9,1130.000,1,14.500,9,14.000,1,1300.000,30,1320.000,5,1430.000,9,1460.000,1,0.000,0,0,0,
103724041000,0.000,0,1260.000,35,1240.000,9,1130.000,1,14.500,9,14.000,1,1300.000,30,1310.000,3,1320.000,5,1430.000,9,1460.000,1,0,0,
103733166000,0.000,0,1260.000,35,1240.000,9,1130.000,1,14.500,9,14.000,1,1300.000,30,1320.000,5,1430.000,9,1460.000,1,0.000,0,0,0,
103736167000,0.000,0,1260.000,35,1250.000,3,1240.000,9,1130.000,1,14.500,9,1300.000,30,1320.000,5,1430.000,9,1460.000,1,0.000,0,0,0,
103742417000,0.000,0,1270.000,20,1260.000,5,1250.000,3,1240.000,9,1130.000,1,1310.000,20,1320.000,5,1430.000,9,1460.000,1,0.000,0,0,0,
103742541000,0.000,0,1270.000,20,1260.000,5,1250.000,3,1240.000,9,1130.000,1,1310.000,20,1320.000,8,1430.000,9,1460.000,1,0.000,0,0,0,
103745542000,0.000,0,1270.000,20,1260.000,5,1240.000,9,1130.000,1,14.500,9,1310.000,20,1320.000,5,1430.000,9,1460.000,1,0.000,0,0,0,
103746417000,0.000,0,1270.000,20,1260.000,5,1240.000,9,1130.000,1,14.500,9,1310.000,20,1320.000,8,1430.000,9,1460.000,1,0.000,0,0,0,
103754791000,0.000,0,1270.000,20,1260.000,5,1240.000,9,1130.000,1,14.500,9,1310.000,23,1320.000,5,1430.000,9,1460.000,1,0.000,0,0,0,
103800916000,0.000,0,1270.000,30,1260.000,5,1240.000,9,1130.000,1,14.500,9,1310.000,30,1320.000,8,1430.000,9,1460.000,1,0.000,0,0,0,
103802044000,0.000,0,1270.000,30,1260.000,8,1240.000,9,1130.000,1,14.500,9,1310.000,30,1320.000,8,1430.000,9,1460.000,1,0.000,0,0,0,
103802416000,0.000,0,1270.000,30,1260.000,5,1240.000,9,1130.000,1,14.500,9,1310.000,30,1320.000,8,1430.000,9,1460.000,1,0.000,0,0,0,
103805792000,0.000,0,1270.000,30,1260.000,8,1240.000,9,1130.000,1,14.500,9,1310.000,30,1320.000,8,1430.000,9,1460.000,1,0.000,0,0,0,
103805918000,0.000,0,1270.000,30,1260.000,5,1240.000,9,1130.000,1,14.500,9,1310.000,30,1320.000,8,1430.000,9,1460.000,1,0.000,0,0,0,
103816167000,0.000,0,1270.000,30,1260.000,5,1240.000,9,1130.000,1,14.500,9,1310.000,30,1320.000,5,1430.000,9,1460.000,1,0.000,0,0,0,
103816792000,0.000,0,1270.000,30,1260.000,5,1240.000,9,1130.000,1,14.500,9,1310.000,30,1320.000,8,1430.000,9,1460.000,1,0.000,0,0,0,
103818545000,0.000,0,1270.000,30,1260.000,5,1240.000,9,1130.000,1,14.500,9,1310.000,30,1320.000,5,1430.000,9,1460.000,1,0.000,0,0,0,
103819293000,0.000,0,1280.000,20,1260.000,5,1240.000,9,1130.000,1,14.500,9,1320.000,25,1430.000,9,1460.000,1,0.000,0,0.000,0,0,0,
103822168000,0.000,0,1280.000,20,1260.000,5,1240.000,9,1130.000,1,14.500,9,1320.000,25,1330.000,3,1430.000,9,1460.000,1,0.000,0,0,0,
103831417000,0.000,0,1280.000,30,1260.000,5,1240.000,9,1130.000,1,14.500,9,1320.000,35,1430.000,9,1460.000,1,0.000,0,0.000,0,0,0,
103833918000,0.000,0,1280.000,30,1260.000,5,1240.000,9,1130.000,1,14.500,9,1320.000,35,1330.000,3,1430.000,9,1460.000,1,0.000,0,0,0,
103851416000,0.000,0,1280.000,20,1260.000,5,1240.000,9,1130.000,1,14.500,9,1320.000,25,1330.000,3,1430.000,9,1460.000,1,0.000,0,0,0,
103859042000,0.000,0,1280.000,30,1260.000,5,1240.000,9,1130.000,1,14.500,9,1320.000,35,1430.000,9,1460.000,1,0.000,0,0.000,0,0,0,
103900419000,0.000,0,1280.000,30,1260.000,5,1240.000,9,1130.000,1,14.500,9,1320.000,30,1430.000,9,1460.000,1,0.000,0,0.000,0,0,0,
103900919000,0.000,0,1280.000,30,1270.000,3,1260.000,5,1240.000,9,1130.000,1,1320.000,30,1430.000,9,1460.000,1,0.000,0,0.000,0,0,0,
103901547000,0.000,0,1280.000,20,1260.000,5,1240.000,9,1130.000,1,14.500,9,1320.000,20,1430.000,9,1460.000,1,0.000,0,0.000,0,0,0,
103902169000,0.000,0,1260.000,5,1240.000,9,1130.000,1,14.500,9,14.000,1,1430.000,9,1460.000,1,0.000,0,0.000,0,0.000,0,0,0,
103903918000,0.000,0,1260.000,5,1240.000,9,1130.000,1,14.500,9,14.000,1,1430.000,9,1440.000,3,1460.000,1,0.000,0,0.000,0,0,0,
103904668000,0.000,0,1260.000,5,1250.000,3,1240.000,9,1130.000,1,14.500,9,1430.000,9,1440.000,3,1460.000,1,0.000,0,0.000,0,0,0,
103905043000,0.000,0,1260.000,5,1240.000,9,1130.000,1,14.500,9,14.000,1,1430.000,9,1440.000,3,1460.000,1,0.000,0,0.000,0,0,0,
103905918000,0.000,0,1260.000,5,1250.000,3,1240.000,9,1130.000,1,14.500,9,1430.000,9,1440.000,3,1460.000,1,0.000,0,0.000,0,0,0,
103906918000,0.000,0,1260.000,5,1250.000,3,1130.000,1,14.500,9,14.000,1,1440.000,3,1460.000,1,0.000,0,0.000,0,0.000,0,0,0,
103908168000,0.000,0,1260.000,5,1130.000,1,14.500,9,14.000,1,8.100,9,1460.000,1,0.000,0,0.000,0,0.000,0,0.000,0,0,0,
103908294000,0.000,0,1270.000,3,1260.000,5,1130.000,1,14.500,9,14.000,1,1450.000,3,1460.000,1,0.000,0,0.000,0,0.000,0,0,0,
103926541000,0.000,0,1260.000,8,1130.000,1,14.500,9,14.000,1,8.100,9,1450.000,3,1460.000,1,0.000,0,0.000,0,0.000,0,0,0,
103929542000,0.000,0,1270.000,3,1260.000,5,1130.000,1,14.500,9,14.000,1,1450.000,3,1460.000,1,0.000,0,0.000,0,0.000,0,0,0,
103942043000,0.000,0,1290.000,20,1270.000,3,1260.000,5,1130.000,1,14.500,9,1330.000,20,1450.000,3,1460.000,1,0.000,0,0.000,0,0,0,
103945041000,0.000,0,1290.000,20,1260.000,5,1130.000,1,14.500,9,14.000,1,1330.000,20,1340.000,3,1460.000,1,0.000,0,0.000,0,0,0,
103948166000,0.000,0,1290.000,30,1260.000,5,1130.000,1,14.500,9,14.000,1,1330.000,30,1340.000,3,1460.000,1,0.000,0,0.000,0,0,0,
103959294000,0.000,0,1290.000,20,1260.000,5,1130.000,1,14.500,9,14.000,1,1330.000,20,1340.000,3,1460.000,1,0.000,0,0.000,0,0,0,
104000419000,0.000,0,1290.000,20,1260.000,5,1130.000,1,14.500,9,14.000,1,1330.000,20,1460.000,1,0.000,0,0.000,0,0.000,0,0,0,
104000544000,0.000,0,1270.000,3,1260.000,5,1130.000,1,14.500,9,14.000,1,1450.000,3,1460.000,1,0.000,0,0.000,0,0.000,0,0,0,
104003420000,0.000,0,1260.000,5,1130.000,1,14.500,9,14.000,1,8.100,9,1450.000,3,1460.000,1,0.000,0,0.000,0,0.000,0,0,0,
104003668000,0.000,0,1260.000,8,1130.000,1,14.500,9,14.000,1,8.100,9,1450.000,3,1460.000,1,0.000,0,0.000,0,0.000,0,0,0,
104004293000,0.000,0,1290.000,20,1260.000,8,1130.000,1,14.500,9,14.000,1,1330.000,20,1450.000,3,1460.000,1,0.000,0,0.000,0,0,0,
104006543000,0.000,0,1290.000,20,1260.000,8,1130.000,1,14.500,9,14.000,1,1330.000,20,1460.000,1,0.000,0,0.000,0,0.000,0,0,0,
104006667000,0.000,0,1290.000,20,1260.000,8,1130.000,1,14.500,9,14.000,1,1330.000,20,1340.000,3,1460.000,1,0.000,0,0.000,0,0,0,
104009667000,0.000,0,1290.000,30,1260.000,5,1130.000,1,14.500,9,14.000,1,1330.000,30,1340.000,3,1460.000,1,0.000,0,0.000,0,0,0,
104010794000,0.000,0,1290.000,20,1260.000,5,1130.000,1,14.500,9,14.000,1,1330.000,20,1340.000,3,1460.000,1,0.000,0,0.000,0,0,0,
104011791000,0.000,0,1290.000,20,1280.000,3,1260.000,5,1130.000,1,14.500,9,1330.000,20,1340.000,3,1460.000,1,0.000,0,0.000,0,0,0,
104012792000,0.000,0,1290.000,20,1280.000,3,1260.000,5,1130.000,1,14.500,9,1330.000,20,1460.000,1,0.000,0,0.000,0,0.000,0,0,0,
104013166000,0.000,0,1290.000,20,1260.000,5,1130.000,1,14.500,9,14.000,1,1330.000,20,1340.000,3,1460.000,1,0.000,0,0.000,0,0,0,
104017043000,0.000,0,1290.000,30,1130.000,1,14.500,9,14.000,1,8.100,9,1330.000,30,1340.000,3,1460.000,1,0.000,0,0.000,0,0,0,
104018918000,0.000,0,1290.000,30,1130.000,1,14.500,9,14.000,1,8.100,9,1330.000,30,1460.000,1,0.000,0,0.000,0,0.000,0,0,0,
104020542000,0.000,0,1290.000,30,1280.000,3,1130.000,1,14.500,9,14.000,1,1330.000,30,1460.000,1,0.000,0,0.000,0,0.000,0,0,0,
104026170000,0.000,0,1290.000,30,1280.000,3,1130.000,1,14.500,9,14.000,1,1330.000,30,1340.000,3,1460.000,1,0.000,0,0.000,0,0,0,
104028168000,0.000,0,1290.000,30,1130.000,1,14.500,9,14.000,1,8.100,9,1330.000,30,1460.000,1,0.000,0,0.000,0,0.000,0,0,0,
104029043000,0.000,0,1290.000,30,1280.000,3,1130.000,1,14.500,9,14.000,1,1330.000,30,1340.000,3,1460.000,1,0.000,0,0.000,0,0,0,
104031291000,0.000,0,1290.000,30,1130.000,1,14.500,9,14.000,1,8.100,9,1330.000,30,1460.000,1,0.000,0,0.000,0,0.000,0,0,0,
104033166000,0.000,0,1290.000,30,1280.000,3,1130.000,1,14.500,9,14.000,1,1330.000,30,1340.000,3,1460.000,1,0.000,0,0.000,0,0,0,
104037044000,0.000,0,1290.000,20,1280.000,3,1130.000,1,14.500,9,14.000,1,1330.000,20,1340.000,3,1460.000,1,0.000,0,0.000,0,0,0,
104037417000,0.000,0,1290.000,20,1130.000,1,14.500,9,14.000,1,8.100,9,1330.000,20,1460.000,1,0.000,0,0.000,0,0.000,0,0,0,
104037542000,0.000,0,1150.000,3,1130.000,1,14.500,9,14.000,1,8.100,9,1450.000,3,1460.000,1,0.000,0,0.000,0,0.000,0,0,0,
104047542000,0.000,0,1290.000,20,1150.000,3,1130.000,1,14.500,9,14.000,1,1330.000,20,1450.000,3,1460.000,1,0.000,0,0.000,0,0,0,
104049791000,0.000,0,1290.000,30,1130.000,1,14.500,9,14.000,1,8.100,9,1330.000,30,1460.000,1,0.000,0,0.000,0,0.000,0,0,0,
104050167000,0.000,0,1290.000,30,1130.000,1,14.500,9,14.000,1,8.100,9,1330.000,30,1340.000,3,1460.000,1,0.000,0,0.000,0,0,0,
104101667000,0.000,0,1290.000,30,1280.000,3,1130.000,1,14.500,9,14.000,1,1330.000,30,1340.000,3,1460.000,1,0.000,0,0.000,0,0,0,
104102168000,0.000,0,1290.000,30,1130.000,1,14.500,9,14.000,1,8.100,9,1330.000,30,1460.000,1,0.000,0,0.000,0,0.000,0,0,0,
104103292000,0.000,0,1290.000,30,1280.000,3,1130.000,1,14.500,9,14.000,1,1330.000,30,1340.000,3,1460.000,1,0.000,0,0.000,0,0,0,
104105168000,0.000,0,1290.000,30,1130.000,1,14.500,9,14.000,1,8.100,9,1330.000,30,1460.000,1,0.000,0,0.000,0,0.000,0,0,0,
104105417000,0.000,0,1290.000,30,1280.000,3,1130.000,1,14.500,9,14.000,1,1330.000,30,1340.000,3,1460.000,1,0.000,0,0.000,0,0,0,
104108291000,0.000,0,1290.000,30,1130.000,1,14.500,9,14.000,1,8.100,9,1330.000,30,1340.000,3,1460.000,1,0.000,0,0.000,0,0,0,
104110917000,0.000,0,1290.000,30,1280.000,5,1130.000,1,14.500,9,14.000,1,1330.000,30,1340.000,3,1460.000,1,0.000,0,0.000,0,0,0,
104112043000,0.000,0,1290.000,30,1280.000,5,1130.000,1,14.500,9,14.000,1,1330.000,30,1340.000,8,1460.000,1,0.000,0,0.000,0,0,0,
104114542000,0.000,0,1290.000,30,1280.000,8,1130.000,1,14.500,9,14.000,1,1330.000,30,1340.000,8,1460.000,1,0.000,0,0.000,0,0,0,
104116543000,0.000,0,1290.000,30,1280.000,5,1130.000,1,14.500,9,14.000,1,1330.000,30,1340.000,8,1460.000,1,0.000,0,0.000,0,0,0,
104117543000,0.000,0,1290.000,30,1280.000,5,1130.000,1,14.500,9,14.000,1,1330.000,30,1340.000,5,1460.000,1,0.000,0,0.000,0,0,0,
104118291000,0.000,0,1290.000,30,1280.000,5,1130.000,1,14.500,9,14.000,1,1330.000,30,1340.000,8,1460.000,1,0.000,0,0.000,0,0,0,
104126793000,0.000,0,1290.000,30,1280.000,8,1130.000,1,14.500,9,14.000,1,1330.000,33,1340.000,5,1460.000,1,0.000,0,0.000,0,0,0,
104129917000,0.000,0,1290.000,30,1280.000,5,1130.000,1,14.500,9,14.000,1,1330.000,30,1340.000,8,1460.000,1,0.000,0,0.000,0,0,0,
104130169000,0.000,0,1290.000,20,1280.000,5,1130.000,1,14.500,9,14.000,1,1330.000,20,1340.000,8,1460.000,1,0.000,0,0.000,0,0,0,
104136167000,0.000,0,1290.000,20,1280.000,5,1130.000,1,14.500,9,14.000,1,1330.000,20,1340.000,5,1460.000,1,0.000,0,0.000,0,0,0,
104138792000,0.000,0,1290.000,20,1280.000,5,1130.000,1,14.500,9,14.000,1,1330.000,20,1340.000,8,1460.000,1,0.000,0,0.000,0,0,0,
104157917000,0.000,0,1290.000,20,1280.000,5,1130.000,1,14.500,9,14.000,1,1330.000,20,1340.000,5,1460.000,1,0.000,0,0.000,0,0,0,
104159168000,0.000,0,1290.000,30,1280.000,8,1130.000,1,14.500,9,14.000,1,1330.000,30,1340.000,8,1460.000,1,0.000,0,0.000,0,0,0,
104201044000,0.000,0,1290.000,30,1280.000,8,1130.000,1,14.500,9,14.000,1,1330.000,30,1340.000,5,1460.000,1,0.000,0,0.000,0,0,0,
104202421000,0.000,0,1290.000,30,1280.000,5,1130.000,1,14.500,9,14.000,1,1330.000,30,1340.000,5,1460.000,1,0.000,0,0.000,0,0,0,
104203046000,0.000,0,1280.000,5,1130.000,1,14.500,9,14.000,1,8.100,9,1460.000,1,0.000,0,0.000,0,0.000,0,0.000,0,0,0,
104204420000,0.000,0,1320.000,20,1280.000,5,1130.000,1,14.500,9,14.000,1,1360.000,20,1460.000,1,0.000,0,0.000,0,0.000,0,0,0,
104204668000,0.000,0,1280.000,5,1130.000,1,14.500,9,14.000,1,8.100,9,1460.000,1,0.000,0,0.000,0,0.000,0,0.000,0,0,0,
104205668000,0.000,0,1280.000,5,1130.000,1,14.500,9,14.000,1,8.100,9,1450.000,3,1460.000,1,0.000,0,0.000,0,0.000,0,0,0,
104206420000,0.000,0,1280.000,5,1270.000,3,1130.000,1,14.500,9,14.000,1,1450.000,3,1460.000,1,0.000,0,0.000,0,0.000,0,0,0,
104210294000,0.000,0,1280.000,8,1130.000,1,14.500,9,14.000,1,8.100,9,1450.000,3,1460.000,1,0.000,0,0.000,0,0.000,0,0,0,
104211920000,0.000,0,1280.000,5,1130.000,1,14.500,9,14.000,1,8.100,9,1460.000,1,0.000,0,0.000,0,0.000,0,0.000,0,0,0,
104215543000,0.000,0,1280.000,5,1270.000,3,1130.000,1,14.500,9,14.000,1,1460.000,4,0.000,0,0.000,0,0.000,0,0.000,0,0,0,
104216418000,0.000,0,1280.000,5,1130.000,1,14.500,9,14.000,1,8.100,9,1460.000,1,1470.000,3,0.000,0,0.000,0,0.000,0,0,0,
104216543000,0.000,0,1280.000,5,1130.000,1,14.500,9,14.000,1,8.100,9,1460.000,1,0.000,0,0.000,0,0.000,0,0.000,0,0,0,
104216918000,0.000,0,1280.000,8,1130.000,1,14.500,9,14.000,1,8.100,9,1450.000,3,1460.000,1,0.000,0,0.000,0,0.000,0,0,0,
104217418000,0.000,0,1340.000,20,1280.000,8,1130.000,1,14.500,9,14.000,1,1380.000,20,1450.000,3,1460.000,1,0.000,0,0.000,0,0,0,
104217793000,0.000,0,1280.000,8,1130.000,1,14.500,9,14.000,1,8.100,9,1450.000,3,1460.000,1,0.000,0,0.000,0,0.000,0,0,0,
104218170000,0.000,0,1280.000,8,1200.000,1,14.500,9,14.000,1,8.100,9,1450.000,3,1530.000,1,0.000,0,0.000,0,0.000,0,0,0,
104218792000,0.000,0,1340.000,20,1280.000,8,1200.000,1,14.500,9,14.000,1,1380.000,20,1450.000,3,1530.000,1,0.000,0,0.000,0,0,0,
104219168000,0.000,0,1280.000,8,1200.000,1,14.500,9,14.000,1,8.100,9,1450.000,3,1530.000,1,0.000,0,0.000,0,0.000,0,0,0,
104219544000,0.000,0,1280.000,5,1200.000,1,14.500,9,14.000,1,8.100,9,1520.000,3,1530.000,1,0.000,0,0.000,0,0.000,0,0,0,
104219668000,0.000,0,1280.000,5,1270.000,3,1200.000,1,14.500,9,14.000,1,1520.000,3,1530.000,1,0.000,0,0.000,0,0.000,0,0,0,
104222544000,0.000,0,1290.000,3,1280.000,5,1200.000,1,14.500,9,14.000,1,1510.000,3,1530.000,1,0.000,0,0.000,0,0.000,0,0,0,
104224922000,0.000,0,1280.000,5,1200.000,1,14.500,9,14.000,1,8.100,9,1530.000,1,0.000,0,0.000,0,0.000,0,0.000,0,0,0,
104225668000,0.000,0,1280.000,5,1200.000,1,14.500,9,14.000,1,8.100,9,1500.000,3,1530.000,1,0.000,0,0.000,0,0.000,0,0,0,
104226167000,0.000,0,1280.000,5,1270.000,3,1200.000,1,14.500,9,14.000,1,1500.000,3,1530.000,1,0.000,0,0.000,0,0.000,0,0,0,
104228667000,0.000,0,1290.000,3,1280.000,5,1200.000,1,14.500,9,14.000,1,1500.000,3,1530.000,1,0.000,0,0.000,0,0.000,0,0,0,
104231668000,0.000,0,1280.000,5,1200.000,1,14.500,9,14.000,1,8.100,9,1530.000,1,0.000,0,0.000,0,0.000,0,0.000,0,0,0,
104231793000,0.000,0,1280.000,5,1270.000,3,1200.000,1,14.500,9,14.000,1,1490.000,3,1530.000,1,0.000,0,0.000,0,0.000,0,0,0,
104234792000,0.000,0,1290.000,3,1280.000,5,1200.000,1,14.500,9,14.000,1,1490.000,3,1530.000,1,0.000,0,0.000,0,0.000,0,0,0,
104237292000,0.000,0,1290.000,3,1280.000,5,1200.000,1,14.500,9,14.000,1,1530.000,1,0.000,0,0.000,0,0.000,0,0.000,0,0,0,
104237417000,0.000,0,1290.000,3,1280.000,5,1200.000,1,14.500,9,14.000,1,1500.000,3,1530.000,1,0.000,0,0.000,0,0.000,0,0,0,
104237792000,0.000,0,1280.000,5,1270.000,3,1200.000,1,14.500,9,14.000,1,1500.000,3,1530.000,1,0.000,0,0.000,0,0.000,0,0,0,
104240792000,0.000,0,1280.000,8,1200.000,1,14.500,9,14.000,1,8.100,9,1490.000,3,1530.000,1,0.000,0,0.000,0,0.000,0,0,0,
104243917000,0.000,0,1290.000,3,1280.000,5,1200.000,1,14.500,9,14.000,1,1490.000,3,1530.000,1,0.000,0,0.000,0,0.000,0,0,0,
104256166000,0.000,0,1280.000,5,1270.000,3,1200.000,1,14.500,9,14.000,1,1490.000,3,1530.000,1,0.000,0,0.000,0,0.000,0,0,0,
104258418000,0.000,0,1280.000,5,1270.000,3,1200.000,1,14.500,9,14.000,1,1530.000,1,0.000,0,0.000,0,0.000,0,0.000,0,0,0,
104258542000,0.000,0,1280.000,5,1200.000,1,14.500,9,14.000,1,8.100,9,1530.000,1,0.000,0,0.000,0,0.000,0,0.000,0,0,0,
104258667000,0.000,0,1280.000,5,1200.000,1,14.500,9,14.000,1,8.100,9,1500.000,3,1530.000,1,0.000,0,0.000,0,0.000,0,0,0,
104259043000,0.000,0,1280.000,5,1270.000,3,1200.000,1,14.500,9,14.000,1,1500.000,3,1530.000,1,0.000,0,0.000,0,0.000,0,0,0,
104259168000,0.000,0,1280.000,5,1200.000,1,14.500,9,14.000,1,8.100,9,1500.000,3,1530.000,1,0.000,0,0.000,0,0.000,0,0,0,
104259419000,0.000,0,1280.000,5,1270.000,3,1200.000,1,14.500,9,14.000,1,1500.000,3,1530.000,1,0.000,0,0.000,0,0.000,0,0,0,
104302049000,0.000,0,1280.000,5,1200.000,1,14.500,9,14.000,1,8.100,9,1530.000,1,0.000,0,0.000,0,0.000,0,0.000,0,0,0,
104302417000,0.000,0,1280.000,5,1200.000,1,14.500,9,14.000,1,8.100,9,1510.000,3,1530.000,1,0.000,0,0.000,0,0.000,0,0,0,
104302668000,0.000,0,1280.000,5,1270.000,3,1200.000,1,14.500,9,14.000,1,1510.000,3,1530.000,1,0.000,0,0.000,0,0.000,0,0,0,
104305168000,0.000,0,1290.000,3,1280.000,5,1200.000,1,14.500,9,14.000,1,1500.000,3,1530.000,1,0.000,0,0.000,0,0.000,0,0,0,
104308292000,0.000,0,1290.000,3,1280.000,5,1200.000,1,14.500,9,14.000,1,1510.000,3,1530.000,1,0.000,0,0.000,0,0.000,0,0,0,
104311292000,0.000,0,1290.000,3,1280.000,5,1200.000,1,14.500,9,14.000,1,1500.000,3,1530.000,1,0.000,0,0.000,0,0.000,0,0,0,
104317419000,0.000,0,1280.000,8,1200.000,1,14.500,9,14.000,1,8.100,9,1500.000,3,1530.000,1,0.000,0,0.000,0,0.000,0,0,0,
104320420000,0.000,0,1290.000,3,1280.000,5,1200.000,1,14.500,9,14.000,1,1500.000,3,1530.000,1,0.000,0,0.000,0,0.000,0,0,0,
104332793000,0.000,0,1290.000,3,1280.000,5,1200.000,1,14.500,9,14.000,1,1490.000,3,1530.000,1,0.000,0,0.000,0,0.000,0,0,0,
104335918000,0.000,0,1290.000,3,1280.000,5,1200.000,1,14.500,9,14.000,1,1500.000,3,1530.000,1,0.000,0,0.000,0,0.000,0,0,0,
104338918000,0.000,0,1290.000,3,1280.000,5,1200.000,1,14.500,9,14.000,1,1490.000,3,1530.000,1,0.000,0,0.000,0,0.000,0,0,0,
104401795000,0.000,0,1280.000,5,1200.000,1,14.500,9,14.000,1,8.100,9,1530.000,1,0.000,0,0.000,0,0.000,0,0.000,0,0,0,
104402418000,0.000,0,1280.000,5,1200.000,1,14.500,9,14.000,1,8.100,9,1500.000,3,1530.000,1,0.000,0,0.000,0,0.000,0,0,0,
104402794000,0.000,0,1280.000,5,1270.000,3,1200.000,1,14.500,9,14.000,1,1500.000,3,1530.000,1,0.000,0,0.000,0,0.000,0,0,0,
104403542000,0.000,0,1290.000,3,1280.000,5,1200.000,1,14.500,9,14.000,1,1500.000,3,1530.000,1,0.000,0,0.000,0,0.000,0,0,0,
104418917000,0.000,0,1290.000,3,1200.000,1,14.500,9,14.000,1,8.100,9,1500.000,3,1530.000,1,0.000,0,0.000,0,0.000,0,0,0,
104421792000,0.000,0,1210.000,3,1200.000,1,14.500,9,14.000,1,8.100,9,1500.000,3,1530.000,1,0.000,0,0.000,0,0.000,0,0,0,
104431043000,0.000,0,1210.000,3,1200.000,1,14.500,9,14.000,1,8.100,9,1490.000,3,1530.000,1,0.000,0,0.000,0,0.000,0,0,0,
104458543000,0.000,0,1210.000,3,1200.000,1,14.500,9,14.000,1,8.100,9,1500.000,3,1530.000,1,0.000,0,0.000,0,0.000,0,0,0,
104500669000,0.000,0,1200.000,1,14.500,9,14.000,1,8.100,9,8.000,1,1530.000,1,0.000,0,0.000,0,0.000,0,0.000,0,0,0,
104501543000,0.000,0,1210.000,3,1200.000,1,14.500,9,14.000,1,8.100,9,1500.000,3,1530.000,1,0.000,0,0.000,0,0.000,0,0,0,
104501919000,0.000,0,1200.000,1,14.500,9,14.000,1,8.100,9,8.000,1,1530.000,1,0.000,0,0.000,0,0.000,0,0.000,0,0,0,
104502046000,0.000,0,1210.000,3,1200.000,1,14.500,9,14.000,1,8.100,9,1530.000,1,0.000,0,0.000,0,0.000,0,0.000,0,0,0,
104502168000,0.000,0,1200.000,1,14.500,9,14.000,1,8.100,9,8.000,1,1530.000,1,0.000,0,0.000,0,0.000,0,0.000,0,0,0,
104502792000,0.000,0,1210.000,3,1200.000,1,14.500,9,14.000,1,8.100,9,1510.000,3,1530.000,1,0.000,0,0.000,0,0.000,0,0,0,
104504169000,0.000,0,1200.000,1,14.500,9,14.000,1,8.100,9,8.000,1,1530.000,1,0.000,0,0.000,0,0.000,0,0.000,0,0,0,
104504545000,0.000,0,1210.000,3,1200.000,1,14.500,9,14.000,1,8.100,9,1510.000,3,1530.000,1,0.000,0,0.000,0,0.000,0,0,0,
104508047000,0.000,0,1200.000,1,14.500,9,14.000,1,8.100,9,8.000,1,1530.000,1,0.000,0,0.000,0,0.000,0,0.000,0,0,0,
104509045000,0.000,0,1360.000,20,1200.000,1,14.500,9,14.000,1,8.100,9,1400.000,20,1530.000,1,0.000,0,0.000,0,0.000,0,0,0,
104510668000,0.000,0,1200.000,1,14.500,9,14.000,1,8.100,9,8.000,1,1530.000,1,0.000,0,0.000,0,0.000,0,0.000,0,0,0,
104510793000,0.000,0,1220.000,3,1200.000,1,14.500,9,14.000,1,8.100,9,1520.000,3,1530.000,1,0.000,0,0.000,0,0.000,0,0,0,
104513044000,0.000,0,1220.000,3,14.500,9,14.000,1,8.100,9,8.000,1,1520.000,3,0.000,0,0.000,0,0.000,0,0.000,0,0,0,
104513667000,0.000,0,1360.000,20,1220.000,3,14.500,9,14.000,1,8.100,9,1400.000,20,1520.000,3,0.000,0,0.000,0,0.000,0,0,0,
104513792000,0.000,0,1360.000,20,14.500,9,14.000,1,8.100,9,8.000,1,1400.000,20,0.000,0,0.000,0,0.000,0,0.000,0,0,0,
104513917000,0.000,0,1220.000,3,14.500,9,14.000,1,8.100,9,8.000,1,1510.000,3,0.000,0,0.000,0,0.000,0,0.000,0,0,0,
104516918000,0.000,0,1220.000,3,14.500,9,14.000,1,8.100,9,8.000,1,1520.000,3,0.000,0,0.000,0,0.000,0,0.000,0,0,0,
104520043000,0.000,0,1210.000,3,14.500,9,14.000,1,8.100,9,8.000,1,1500.000,3,0.000,0,0.000,0,0.000,0,0.000,0,0,0,
104521668000,0.000,0,1350.000,20,1210.000,3,14.500,9,14.000,1,8.100,9,1390.000,20,1500.000,3,0.000,0,0.000,0,0.000,0,0,0,
104522667000,0.000,0,1210.000,3,14.500,9,14.000,1,8.100,9,8.000,1,1500.000,3,0.000,0,0.000,0,0.000,0,0.000,0,0,0,
104523042000,0.000,0,1220.000,3,14.500,9,14.000,1,8.100,9,8.000,1,1500.000,3,0.000,0,0.000,0,0.000,0,0.000,0,0,0,
104523667000,0.000,0,1350.000,20,1220.000,3,14.500,9,14.000,1,8.100,9,1390.000,20,1500.000,3,0.000,0,0.000,0,0.000,0,0,0,
104524668000,0.000,0,1220.000,3,14.500,9,14.000,1,8.100,9,8.000,1,1500.000,3,0.000,0,0.000,0,0.000,0,0.000,0,0,0,
104529167000,0.000,0,1210.000,3,14.500,9,14.000,1,8.100,9,8.000,1,1500.000,3,0.000,0,0.000,0,0.000,0,0.000,0,0,0,
104531667000,0.000,0,1350.000,20,1210.000,3,14.500,9,14.000,1,8.100,9,1390.000,20,1500.000,3,0.000,0,0.000,0,0.000,0,0,0,
104532292000,0.000,0,1350.000,20,14.500,9,14.000,1,8.100,9,8.000,1,1390.000,20,0.000,0,0.000,0,0.000,0,0.000,0,0,0,
104532668000,0.000,0,14.500,9,14.000,1,8.100,9,8.000,1,0.600,39,0.000,0,0.000,0,0.000,0,0.000,0,0.000,0,0,0,
104532792000,0.000,0,1220.000,3,14.500,9,14.000,1,8.100,9,8.000,1,1500.000,3,0.000,0,0.000,0,0.000,0,0.000,0,0,0,
104535416000,0.000,0,14.500,9,14.000,1,8.100,9,8.000,1,0.600,39,1500.000,3,0.000,0,0.000,0,0.000,0,0.000,0,0,0,
104535666000,0.000,0,1210.000,3,14.500,9,14.000,1,8.100,9,8.000,1,1500.000,3,0.000,0,0.000,0,0.000,0,0.000,0,0,0,
104538419000,0.000,0,1210.000,3,14.500,9,14.000,1,8.100,9,8.000,1,1510.000,3,0.000,0,0.000,0,0.000,0,0.000,0,0,0,
104539542000,0.000,0,1350.000,20,1210.000,3,14.500,9,14.000,1,8.100,9,1390.000,20,1510.000,3,0.000,0,0.000,0,0.000,0,0,0,
104540544000,0.000,0,1210.000,3,14.500,9,14.000,1,8.100,9,8.000,1,1510.000,3,0.000,0,0.000,0,0.000,0,0.000,0,0,0,
104541542000,0.000,0,1210.000,3,14.500,9,14.000,1,8.100,9,8.000,1,1490.000,3,0.000,0,0.000,0,0.000,0,0.000,0,0,0,
104549917000,0.000,0,1350.000,20,1210.000,3,14.500,9,14.000,1,8.100,9,1390.000,20,1490.000,3,0.000,0,0.000,0,0.000,0,0,0,
104550292000,0.000,0,1210.000,3,14.500,9,14.000,1,8.100,9,8.000,1,1490.000,3,0.000,0,0.000,0,0.000,0,0.000,0,0,0,
104559918000,0.000,0,1210.000,3,14.500,9,14.000,1,8.100,9,8.000,1,0.000,0,0.000,0,0.000,0,0.000,0,0.000,0,0,0,
104600041000,0.000,0,1210.000,3,14.500,9,14.000,1,8.100,9,8.000,1,1480.000,3,0.000,0,0.000,0,0.000,0,0.000,0,0,0,
104603043000,0.000,0,1210.000,3,14.500,9,14.000,1,8.100,9,8.000,1,1500.000,3,0.000,0,0.000,0,0.000,0,0.000,0,0,0,
104612168000,0.000,0,1210.000,3,14.500,9,14.000,1,8.100,9,8.000,1,1510.000,3,0.000,0,0.000,0,0.000,0,0.000,0,0,0,
104615291000,0.000,0,1210.000,3,14.500,9,14.000,1,8.100,9,8.000,1,1490.000,3,0.000,0,0.000,0,0.000,0,0.000,0,0,0,
104621542000,0.000,0,1210.000,3,14.500,9,14.000,1,8.100,9,8.000,1,1500.000,3,0.000,0,0.000,0,0.000,0,0.000,0,0,0,
104622294000,0.000,0,1210.000,3,1200.000,1,14.500,9,14.000,1,8.100,9,1500.000,3,1530.000,1,0.000,0,0.000,0,0.000,0,0,0,
104624543000,0.000,0,1210.000,3,1200.000,1,14.500,9,14.000,1,8.100,9,1510.000,3,1530.000,1,0.000,0,0.000,0,0.000,0,0,0,
104630667000,0.000,0,1210.000,3,1200.000,1,14.500,9,14.000,1,8.100,9,1500.000,3,1530.000,1,0.000,0,0.000,0,0.000,0,0,0,
104633792000,0.000,0,1210.000,3,1200.000,1,14.500,9,14.000,1,8.100,9,1510.000,3,1530.000,1,0.000,0,0.000,0,0.000,0,0,0,
104639792000,0.000,0,1350.000,30,1210.000,3,1200.000,1,14.500,9,14.000,1,1390.000,30,1510.000,3,1530.000,1,0.000,0,0.000,0,0,0,
104639917000,0.000,0,1350.000,30,1200.000,1,14.500,9,14.000,1,8.100,9,1390.000,30,1530.000,1,0.000,0,0.000,0,0.000,0,0,0,
104640291000,0.000,0,1200.000,1,14.500,9,14.000,1,8.100,9,8.000,1,1530.000,1,0.000,0,0.000,0,0.000,0,0.000,0,0,0,
104640416000,0.000,0,1210.000,3,1200.000,1,14.500,9,14.000,1,8.100,9,1510.000,3,1530.000,1,0.000,0,0.000,0,0.000,0,0,0,
104642673000,0.000,0,1200.000,1,14.500,9,14.000,1,8.100,9,8.000,1,1530.000,1,0.000,0,0.000,0,0.000,0,0.000,0,0,0,
104642918000,0.000,0,1210.000,3,1200.000,1,14.500,9,14.000,1,8.100,9,1510.000,3,1530.000,1,0.000,0,0.000,0,0.000,0,0,0,
104646167000,0.000,0,1200.000,1,14.500,9,14.000,1,8.100,9,8.000,1,1530.000,1,0.000,0,0.000,0,0.000,0,0.000,0,0,0,
104646292000,0.000,0,1220.000,3,1200.000,1,14.500,9,14.000,1,8.100,9,1520.000,3,1530.000,1,0.000,0,0.000,0,0.000,0,0,0,
104649292000,0.000,0,1350.000,20,1210.000,3,1200.000,1,14.500,9,14.000,1,1390.000,20,1510.000,3,1530.000,1,0.000,0,0.000,0,0,0,
104649667000,0.000,0,1210.000,3,1200.000,1,14.500,9,14.000,1,8.100,9,1510.000,3,1530.000,1,0.000,0,0.000,0,0.000,0,0,0,
104713792000,0.000,0,1210.000,3,1200.000,1,14.500,9,14.000,1,8.100,9,1500.000,3,1530.000,1,0.000,0,0.000,0,0.000,0,0,0,
104727793000,0.000,0,1340.000,30,1210.000,3,1200.000,1,14.500,9,14.000,1,1380.000,30,1500.000,3,1530.000,1,0.000,0,0.000,0,0,0,
104729166000,0.000,0,1340.000,30,1200.000,1,14.500,9,14.000,1,8.100,9,1380.000,30,1530.000,1,0.000,0,0.000,0,0.000,0,0,0,
104732418000,0.000,0,1340.000,20,1200.000,1,14.500,9,14.000,1,8.100,9,1380.000,20,1530.000,1,0.000,0,0.000,0,0.000,0,0,0,
104732792000,0.000,0,1210.000,3,1200.000,1,14.500,9,14.000,1,8.100,9,1500.000,3,1530.000,1,0.000,0,0.000,0,0.000,0,0,0,
104736792000,0.000,0,1340.000,20,1210.000,3,1200.000,1,14.500,9,14.000,1,1380.000,20,1500.000,3,1530.000,1,0.000,0,0.000,0,0,0,
104738417000,0.000,0,1340.000,30,1200.000,1,14.500,9,14.000,1,8.100,9,1380.000,30,1530.000,1,0.000,0,0.000,0,0.000,0,0,0,
104740793000,0.000,0,1210.000,3,1200.000,1,14.500,9,14.000,1,8.100,9,1500.000,3,1530.000,1,0.000,0,0.000,0,0.000,0,0,0,
104749667000,0.000,0,1340.000,30,1210.000,3,1200.000,1,14.500,9,14.000,1,1380.000,30,1500.000,3,1530.000,1,0.000,0,0.000,0,0,0,
104750793000,0.000,0,1340.000,30,1200.000,1,14.500,9,14.000,1,8.100,9,1380.000,30,1530.000,1,0.000,0,0.000,0,0.000,0,0,0,
104751170000,0.000,0,1340.000,20,1200.000,1,14.500,9,14.000,1,8.100,9,1380.000,20,1530.000,1,0.000,0,0.000,0,0.000,0,0,0,
104751417000,0.000,0,1210.000,3,1200.000,1,14.500,9,14.000,1,8.100,9,1500.000,3,1530.000,1,0.000,0,0.000,0,0.000,0,0,0,
104803044000,0.000,0,1210.000,3,1200.000,1,14.500,9,14.000,1,8.100,9,1510.000,3,1530.000,1,0.000,0,0.000,0,0.000,0,0,0,
104808792000,0.000,0,1340.000,20,1210.000,3,1200.000,1,14.500,9,14.000,1,1380.000,20,1510.000,3,1530.000,1,0.000,0,0.000,0,0,0,
104809167000,0.000,0,1340.000,30,1200.000,1,14.500,9,14.000,1,8.100,9,1380.000,30,1530.000,1,0.000,0,0.000,0,0.000,0,0,0,
104812792000,0.000,0,1210.000,3,1200.000,1,14.500,9,14.000,1,8.100,9,1500.000,3,1530.000,1,0.000,0,0.000,0,0.000,0,0,0,
104816794000,0.000,0,1340.000,30,1210.000,3,1200.000,1,14.500,9,14.000,1,1380.000,30,1500.000,3,1530.000,1,0.000,0,0.000,0,0,0,
104818291000,0.000,0,1340.000,30,1200.000,1,14.500,9,14.000,1,8.100,9,1380.000,30,1530.000,1,0.000,0,0.000,0,0.000,0,0,0,
104825042000,0.000,0,1340.000,30,1330.000,5,1200.000,1,14.500,9,14.000,1,1380.000,30,1530.000,1,0.000,0,0.000,0,0.000,0,0,0,
104826166000,0.000,0,1340.000,30,1330.000,5,1200.000,1,14.500,9,14.000,1,1380.000,30,1390.000,5,1530.000,1,0.000,0,0.000,0,0,0,
104836916000,0.000,0,1340.000,20,1330.000,5,1200.000,1,14.500,9,14.000,1,1380.000,20,1390.000,5,1530.000,1,0.000,0,0.000,0,0,0,
104840791000,0.000,0,1330.000,5,1200.000,1,14.500,9,14.000,1,8.100,9,1390.000,5,1400.000,3,1530.000,1,0.000,0,0.000,0,0,0,
104853792000,0.000,0,1330.000,5,1320.000,3,1200.000,1,14.500,9,14.000,1,1390.000,5,1400.000,3,1530.000,1,0.000,0,0.000,0,0,0,
104855292000,0.000,0,1330.000,5,1200.000,1,14.500,9,14.000,1,8.100,9,1390.000,5,1400.000,3,1530.000,1,0.000,0,0.000,0,0,0,
104855666000,0.000,0,1330.000,5,1320.000,9,1200.000,1,14.500,9,14.000,1,1390.000,14,1400.000,3,1530.000,1,0.000,0,0.000,0,0,0,
104858291000,0.000,0,1330.000,5,1320.000,9,1200.000,1,14.500,9,14.000,1,1390.000,14,1530.000,1,0.000,0,0.000,0,0.000,0,0,0,
104858668000,0.000,0,1330.000,5,1320.000,9,1200.000,1,14.500,9,14.000,1,1390.000,14,1400.000,3,1530.000,1,0.000,0,0.000,0,0,0,
104907544000,0.000,0,1330.000,5,1320.000,9,1200.000,1,14.500,9,14.000,1,1380.000,3,1390.000,14,1530.000,1,0.000,0,0.000,0,0,0,
104907791000,0.000,0,1330.000,25,1320.000,9,1200.000,1,14.500,9,14.000,1,1370.000,20,1380.000,3,1390.000,14,1530.000,1,0.000,0,0,0,
104909791000,0.000,0,1330.000,20,1320.000,9,1200.000,1,14.500,9,14.000,1,1370.000,20,1380.000,3,1390.000,14,1530.000,1,0.000,0,0,0,
104909918000,0.000,0,1330.000,40,1320.000,9,1200.000,1,14.500,9,14.000,1,1370.000,40,1380.000,3,1390.000,14,1530.000,1,0.000,0,0,0,
104910667000,0.000,0,1330.000,40,1320.000,9,1200.000,1,14.500,9,14.000,1,1370.000,40,1390.000,14,1530.000,1,0.000,0,0.000,0,0,0,
104911417000,0.000,0,1330.000,10,1320.000,9,1200.000,1,14.500,9,14.000,1,1370.000,10,1390.000,14,1530.000,1,0.000,0,0.000,0,0,0,
104913042000,0.000,0,1330.000,10,1320.000,9,1200.000,1,14.500,9,14.000,1,1370.000,10,1380.000,3,1390.000,14,1530.000,1,0.000,0,0,0,
104913792000,0.000,0,1330.000,10,1320.000,9,1200.000,1,14.500,9,14.000,1,1370.000,10,1390.000,14,1530.000,1,0.000,0,0.000,0,0,0,
104914417000,0.000,0,1330.000,40,1320.000,9,1200.000,1,14.500,9,14.000,1,1370.000,40,1390.000,14,1530.000,1,0.000,0,0.000,0,0,0,
104914791000,0.000,0,1330.000,10,1320.000,9,1200.000,1,14.500,9,14.000,1,1370.000,10,1390.000,14,1530.000,1,0.000,0,0.000,0,0,0,
104917792000,0.000,0,1330.000,40,1320.000,9,1200.000,1,14.500,9,14.000,1,1370.000,40,1390.000,14,1530.000,1,0.000,0,0.000,0,0,0,
104919792000,0.000,0,1330.000,10,1320.000,9,1200.000,1,14.500,9,14.000,1,1370.000,10,1390.000,14,1530.000,1,0.000,0,0.000,0,0,0,
104924417000,0.000,0,1330.000,10,1320.000,9,1200.000,1,14.500,9,14.000,1,1370.000,13,1390.000,14,1530.000,1,0.000,0,0.000,0,0,0,
104926042000,0.000,0,1330.000,10,1320.000,9,1200.000,1,14.500,9,14.000,1,1370.000,10,1390.000,14,1530.000,1,0.000,0,0.000,0,0,0,
104932792000,0.000,0,1330.000,30,1320.000,9,1200.000,1,14.500,9,14.000,1,1370.000,30,1390.000,14,1530.000,1,0.000,0,0.000,0,0,0,
104932916000,0.000,0,1330.000,10,1320.000,9,1200.000,1,14.500,9,14.000,1,1370.000,10,1390.000,14,1530.000,1,0.000,0,0.000,0,0,0,
104935791000,0.000,0,1330.000,40,1320.000,9,1200.000,1,14.500,9,14.000,1,1370.000,40,1390.000,14,1530.000,1,0.000,0,0.000,0,0,0,
104936416000,0.000,0,1330.000,10,1320.000,9,1200.000,1,14.500,9,14.000,1,1370.000,10,1390.000,14,1530.000,1,0.000,0,0.000,0,0,0,
104951667000,0.000,0,1330.000,10,1320.000,9,1200.000,1,14.500,9,14.000,1,1370.000,10,1380.000,3,1390.000,14,1530.000,1,0.000,0,0,0,
104953916000,0.000,0,1330.000,10,1320.000,9,1200.000,1,14.500,9,14.000,1,1370.000,10,1390.000,14,1530.000,1,0.000,0,0.000,0,0,0,
105000791000,0.000,0,1330.000,30,1320.000,9,1200.000,1,14.500,9,14.000,1,1370.000,30,1390.000,14,1530.000,1,0.000,0,0.000,0,0,0,
105001417000,0.000,0,1330.000,10,1320.000,9,1200.000,1,14.500,9,14.000,1,1370.000,10,1390.000,14,1530.000,1,0.000,0,0.000,0,0,0,
105002417000,0.000,0,1330.000,40,1320.000,9,1200.000,1,14.500,9,14.000,1,1370.000,40,1390.000,14,1530.000,1,0.000,0,0.000,0,0,0,
105003918000,0.000,0,1330.000,30,1320.000,9,1200.000,1,14.500,9,14.000,1,1370.000,30,1390.000,14,1530.000,1,0.000,0,0.000,0,0,0,
105007543000,0.000,0,1330.000,20,1320.000,9,1200.000,1,14.500,9,14.000,1,1370.000,20,1390.000,14,1530.000,1,0.000,0,0.000,0,0,0,
105008417000,0.000,0,1320.000,9,1200.000,1,14.500,9,14.000,1,8.100,9,1390.000,14,1530.000,1,0.000,0,0.000,0,0.000,0,0,0,
105008541000,0.000,0,1320.000,9,1200.000,1,14.500,9,14.000,1,8.100,9,1390.000,17,1530.000,1,0.000,0,0.000,0,0.000,0,0,0,
105009417000,0.000,0,1330.000,20,1320.000,9,1200.000,1,14.500,9,14.000,1,1370.000,20,1390.000,17,1530.000,1,0.000,0,0.000,0,0,0,
105011791000,0.000,0,1320.000,9,1200.000,1,14.500,9,14.000,1,8.100,9,1390.000,17,1530.000,1,0.000,0,0.000,0,0.000,0,0,0,
105014793000,0.000,0,1330.000,20,1320.000,9,1200.000,1,14.500,9,14.000,1,1370.000,20,1390.000,17,1530.000,1,0.000,0,0.000,0,0,0,
105014916000,0.000,0,1330.000,40,1320.000,9,1200.000,1,14.500,9,14.000,1,1370.000,40,1390.000,17,1530.000,1,0.000,0,0.000,0,0,0,
105015417000,0.000,0,1330.000,10,1320.000,9,1200.000,1,14.500,9,14.000,1,1370.000,10,1390.000,17,1530.000,1,0.000,0,0.000,0,0,0,
105017792000,0.000,0,1330.000,40,1320.000,9,1200.000,1,14.500,9,14.000,1,1370.000,40,1390.000,17,1530.000,1,0.000,0,0.000,0,0,0,
105018542000,0.000,0,1330.000,40,1320.000,9,1200.000,1,14.500,9,14.000,1,1370.000,40,1390.000,14,1530.000,1,0.000,0,0.000,0,0,0,
105019795000,0.000,0,1330.000,30,1320.000,9,1200.000,1,14.500,9,14.000,1,1370.000,30,1390.000,14,1530.000,1,0.000,0,0.000,0,0,0,
105020417000,0.000,0,1320.000,9,1200.000,1,14.500,9,14.000,1,8.100,9,1390.000,17,1530.000,1,0.000,0,0.000,0,0.000,0,0,0,
105021042000,0.000,0,1320.000,9,1310.000,3,1200.000,1,14.500,9,14.000,1,1390.000,17,1530.000,1,0.000,0,0.000,0,0.000,0,0,0,
105021542000,0.000,0,1320.000,9,1310.000,3,1200.000,1,14.500,9,14.000,1,1390.000,14,1400.000,3,1530.000,1,0.000,0,0.000,0,0,0,
105024666000,0.000,0,1320.000,9,1200.000,1,14.500,9,14.000,1,8.100,9,1390.000,14,1530.000,1,0.000,0,0.000,0,0.000,0,0,0,
105025292000,0.000,0,1320.000,9,1200.000,1,14.500,9,14.000,1,8.100,9,1390.000,17,1530.000,1,0.000,0,0.000,0,0.000,0,0,0,
105027044000,0.000,0,1320.000,9,1310.000,3,1200.000,1,14.500,9,14.000,1,1390.000,17,1530.000,1,0.000,0,0.000,0,0.000,0,0,0,
105027791000,0.000,0,1320.000,9,1310.000,3,1200.000,1,14.500,9,14.000,1,1390.000,14,1400.000,3,1530.000,1,0.000,0,0.000,0,0,0,
105033916000,0.000,0,1320.000,9,1200.000,1,14.500,9,14.000,1,8.100,9,1390.000,17,1530.000,1,0.000,0,0.000,0,0.000,0,0,0,
105034917000,0.000,0,1320.000,14,1200.000,1,14.500,9,14.000,1,8.100,9,1390.000,17,1530.000,1,0.000,0,0.000,0,0.000,0,0,0,
105037794000,0.000,0,1330.000,30,1320.000,14,1200.000,1,14.500,9,14.000,1,1370.000,30,1390.000,17,1530.000,1,0.000,0,0.000,0,0,0,
105039793000,0.000,0,1330.000,10,1320.000,14,1200.000,1,14.500,9,14.000,1,1370.000,10,1390.000,17,1530.000,1,0.000,0,0.000,0,0,0,
105041916000,0.000,0,1330.000,40,1320.000,14,1200.000,1,14.500,9,14.000,1,1370.000,40,1390.000,17,1530.000,1,0.000,0,0.000,0,0,0,
105044668000,0.000,0,1330.000,30,1320.000,14,1200.000,1,14.500,9,14.000,1,1370.000,30,1390.000,17,1530.000,1,0.000,0,0.000,0,0,0,
105046292000,0.000,0,1330.000,30,1320.000,14,1200.000,1,14.500,9,14.000,1,1370.000,30,1390.000,14,1530.000,1,0.000,0,0.000,0,0,0,
105056416000,0.000,0,1330.000,40,1320.000,14,1200.000,1,14.500,9,14.000,1,1370.000,40,1390.000,14,1530.000,1,0.000,0,0.000,0,0,0,
105101796000,0.000,0,1330.000,30,1320.000,14,1200.000,1,14.500,9,14.000,1,1370.000,30,1390.000,14,1530.000,1,0.000,0,0.000,0,0,0,
105101918000,0.000,0,1320.000,14,1200.000,1,14.500,9,14.000,1,8.100,9,1390.000,14,1530.000,1,0.000,0,0.000,0,0.000,0,0,0,
105102046000,0.000,0,1320.000,14,1310.000,3,1200.000,1,14.500,9,14.000,1,1390.000,14,1400.000,3,1530.000,1,0.000,0,0.000,0,0,0,
105103668000,0.000,0,1340.000,20,1320.000,14,1310.000,3,1200.000,1,14.500,9,1380.000,20,1390.000,14,1400.000,3,1530.000,1,0.000,0,0,0,
105104667000,0.000,0,1340.000,20,1320.000,14,1200.000,1,14.500,9,14.000,1,1380.000,20,1390.000,14,1530.000,1,0.000,0,0.000,0,0,0,
105106919000,0.000,0,1320.000,14,1310.000,3,1200.000,1,14.500,9,14.000,1,1390.000,14,1400.000,3,1530.000,1,0.000,0,0.000,0,0,0,
105119918000,0.000,0,1320.000,14,1200.000,1,14.500,9,14.000,1,8.100,9,1390.000,14,1400.000,3,1530.000,1,0.000,0,0.000,0,0,0,
105121291000,0.000,0,1330.000,20,1320.000,14,1200.000,1,14.500,9,14.000,1,1370.000,20,1390.000,14,1400.000,3,1530.000,1,0.000,0,0,0,
105123042000,0.000,0,1330.000,40,1320.000,14,1200.000,1,14.500,9,14.000,1,1370.000,40,1390.000,14,1530.000,1,0.000,0,0.000,0,0,0,
105132920000,0.000,0,1330.000,30,1320.000,14,1200.000,1,14.500,9,14.000,1,1370.000,30,1390.000,14,1530.000,1,0.000,0,0.000,0,0,0,
105135920000,0.000,0,1320.000,14,1200.000,1,14.500,9,14.000,1,8.100,9,1390.000,14,1530.000,1,0.000,0,0.000,0,0.000,0,0,0,
105136043000,0.000,0,1320.000,14,1310.000,3,1200.000,1,14.500,9,14.000,1,1390.000,14,1400.000,3,1530.000,1,0.000,0,0.000,0,0,0,
105147916000,0.000,0,1320.000,14,1200.000,1,14.500,9,14.000,1,8.100,9,1390.000,14,1530.000,1,0.000,0,0.000,0,0.000,0,0,0,
105148541000,0.000,0,1320.000,14,1310.000,3,1200.000,1,14.500,9,14.000,1,1390.000,14,1400.000,3,1530.000,1,0.000,0,0.000,0,0,0,
105155918000,0.000,0,1330.000,30,1320.000,14,1310.000,3,1200.000,1,14.500,9,1370.000,30,1390.000,14,1400.000,3,1530.000,1,0.000,0,0,0,
105157044000,0.000,0,1330.000,40,1320.000,14,1200.000,1,14.500,9,14.000,1,1370.000,40,1390.000,14,1400.000,3,1530.000,1,0.000,0,0,0,
105200166000,0.000,0,1330.000,40,1320.000,14,1200.000,1,14.500,9,14.000,1,1370.000,40,1390.000,14,1530.000,1,0.000,0,0.000,0,0,0,
105200544000,0.000,0,1330.000,30,1320.000,14,1200.000,1,14.500,9,14.000,1,1370.000,30,1390.000,14,1530.000,1,0.000,0,0.000,0,0,0,
105207667000,0.000,0,1330.000,40,1320.000,14,1200.000,1,14.500,9,14.000,1,1370.000,40,1390.000,14,1530.000,1,0.000,0,0.000,0,0,0,
105216291000,0.000,0,1330.000,40,1320.000,14,1200.000,1,14.500,9,14.000,1,1370.000,40,1390.000,9,1530.000,1,0.000,0,0.000,0,0,0,
105217291000,0.000,0,1330.000,40,1320.000,14,1200.000,1,14.500,9,14.000,1,1370.000,40,1380.000,5,1390.000,9,1530.000,1,0.000,0,0,0,
105227667000,0.000,0,1330.000,30,1320.000,14,1200.000,1,14.500,9,14.000,1,1370.000,30,1380.000,5,1390.000,9,1530.000,1,0.000,0,0,0,
105233291000,0.000,0,1330.000,40,1320.000,14,1200.000,1,14.500,9,14.000,1,1370.000,40,1380.000,5,1390.000,9,1530.000,1,0.000,0,0,0,
105251543000,0.000,0,1330.000,20,1320.000,14,1200.000,1,14.500,9,14.000,1,1370.000,20,1380.000,5,1390.000,9,1530.000,1,0.000,0,0,0,
105257416000,0.000,0,1330.000,30,1320.000,14,1200.000,1,14.500,9,14.000,1,1370.000,30,1380.000,5,1390.000,9,1530.000,1,0.000,0,0,0,
105308666000,0.000,0,1330.000,20,1320.000,14,1200.000,1,14.500,9,14.000,1,1370.000,20,1380.000,5,1390.000,9,1530.000,1,0.000,0,0,0,
105313291000,0.000,0,1330.000,40,1320.000,14,1200.000,1,14.500,9,14.000,1,1370.000,40,1380.000,5,1390.000,9,1530.000,1,0.000,0,0,0,
105318917000,0.000,0,1330.000,20,1320.000,14,1200.000,1,14.500,9,14.000,1,1370.000,20,1380.000,5,1390.000,9,1530.000,1,0.000,0,0,0,
105324416000,0.000,0,1330.000,40,1320.000,14,1200.000,1,14.500,9,14.000,1,1370.000,40,1380.000,5,1390.000,9,1530.000,1,0.000,0,0,0,
105342045000,0.000,0,1330.000,20,1320.000,14,1200.000,1,14.500,9,14.000,1,1370.000,20,1380.000,5,1390.000,9,1530.000,1,0.000,0,0,0,
105345666000,0.000,0,1330.000,30,1320.000,14,1200.000,1,14.500,9,14.000,1,1370.000,30,1380.000,5,1390.000,9,1530.000,1,0.000,0,0,0,
105349416000,0.000,0,1330.000,40,1320.000,14,1200.000,1,14.500,9,14.000,1,1370.000,40,1380.000,5,1390.000,9,1530.000,1,0.000,0,0,0,
105402549000,0.000,0,1330.000,20,1320.000,14,1200.000,1,14.500,9,14.000,1,1370.000,20,1380.000,5,1390.000,9,1530.000,1,0.000,0,0,0,
105403544000,0.000,0,1340.000,20,1320.000,14,1200.000,1,14.500,9,14.000,1,1380.000,25,1390.000,9,1530.000,1,0.000,0,0.000,0,0,0,
105410918000,0.000,0,1320.000,14,1200.000,1,14.500,9,14.000,1,8.100,9,1380.000,5,1390.000,9,1530.000,1,0.000,0,0.000,0,0,0,
105411043000,0.000,0,1320.000,14,1310.000,3,1200.000,1,14.500,9,14.000,1,1380.000,5,1390.000,9,1530.000,1,0.000,0,0.000,0,0,0,
105411918000,0.000,0,1330.000,20,1320.000,14,1310.000,3,1200.000,1,14.500,9,1370.000,20,1380.000,5,1390.000,9,1530.000,1,0.000,0,0,0,
105418418000,0.000,0,1330.000,40,1320.000,14,1310.000,3,1200.000,1,14.500,9,1370.000,40,1380.000,5,1390.000,9,1530.000,1,0.000,0,0,0,
105418543000,0.000,0,1330.000,10,1320.000,14,1310.000,3,1200.000,1,14.500,9,1370.000,10,1380.000,5,1390.000,9,1530.000,1,0.000,0,0,0,
105420917000,0.000,0,1330.000,40,1320.000,14,1310.000,3,1200.000,1,14.500,9,1370.000,40,1380.000,5,1390.000,9,1530.000,1,0.000,0,0,0,
105421542000,0.000,0,1330.000,40,1320.000,14,1200.000,1,14.500,9,14.000,1,1370.000,40,1380.000,5,1390.000,9,1530.000,1,0.000,0,0,0,
105431917000,0.000,0,1330.000,20,1320.000,14,1200.000,1,14.500,9,14.000,1,1370.000,20,1380.000,5,1390.000,9,1530.000,1,0.000,0,0,0,
105432045000,0.000,0,1330.000,10,1320.000,14,1200.000,1,14.500,9,14.000,1,1370.000,10,1380.000,5,1390.000,9,1530.000,1,0.000,0,0,0,
105432920000,0.000,0,1320.000,14,1200.000,1,14.500,9,14.000,1,8.100,9,1380.000,5,1390.000,9,1530.000,1,0.000,0,0.000,0,0,0,
105433043000,0.000,0,1320.000,14,1310.000,3,1200.000,1,14.500,9,14.000,1,1380.000,5,1390.000,9,1530.000,1,0.000,0,0.000,0,0,0,
105433917000,0.000,0,1340.000,20,1320.000,14,1310.000,3,1200.000,1,14.500,9,1380.000,25,1390.000,9,1530.000,1,0.000,0,0.000,0,0,0,
105446919000,0.000,0,1330.000,20,1320.000,14,1310.000,3,1200.000,1,14.500,9,1370.000,20,1380.000,5,1390.000,9,1530.000,1,0.000,0,0,0,
105449543000,0.000,0,1330.000,20,1320.000,14,1200.000,1,14.500,9,14.000,1,1370.000,20,1380.000,5,1390.000,9,1530.000,1,0.000,0,0,0,
105449667000,0.000,0,1330.000,40,1320.000,14,1200.000,1,14.500,9,14.000,1,1370.000,40,1380.000,5,1390.000,9,1530.000,1,0.000,0,0,0,
105453916000,0.000,0,1330.000,10,1320.000,14,1200.000,1,14.500,9,14.000,1,1370.000,10,1380.000,5,1390.000,9,1530.000,1,0.000,0,0,0,
105457917000,0.000,0,1340.000,20,1320.000,14,1200.000,1,14.500,9,14.000,1,1380.000,25,1390.000,9,1530.000,1,0.000,0,0.000,0,0,0,
105501923000,0.000,0,1340.000,30,1320.000,14,1200.000,1,14.500,9,14.000,1,1380.000,30,1390.000,9,1530.000,1,0.000,0,0.000,0,0,0,
105502542000,0.000,0,1320.000,14,1200.000,1,14.500,9,14.000,1,8.100,9,1390.000,9,1530.000,1,0.000,0,0.000,0,0.000,0,0,0,
105504418000,0.000,0,1340.000,30,1320.000,14,1200.000,1,14.500,9,14.000,1,1380.000,30,1390.000,9,1530.000,1,0.000,0,0.000,0,0,0,
105506669000,0.000,0,1320.000,14,1200.000,1,14.500,9,14.000,1,8.100,9,1390.000,9,1530.000,1,0.000,0,0.000,0,0.000,0,0,0,
105506792000,0.000,0,1320.000,14,1310.000,3,1200.000,1,14.500,9,14.000,1,1390.000,9,1530.000,1,0.000,0,0.000,0,0.000,0,0,0,
105507417000,0.000,0,1320.000,14,1310.000,3,1200.000,1,14.500,9,14.000,1,1390.000,9,1400.000,3,1530.000,1,0.000,0,0.000,0,0,0,
105507669000,0.000,0,1340.000,30,1320.000,14,1310.000,3,1200.000,1,14.500,9,1380.000,30,1390.000,9,1400.000,3,1530.000,1,0.000,0,0,0,
105512792000,0.000,0,1320.000,14,1310.000,3,1200.000,1,14.500,9,14.000,1,1390.000,9,1400.000,3,1530.000,1,0.000,0,0.000,0,0,0,
105513793000,0.000,0,1340.000,20,1320.000,14,1310.000,3,1200.000,1,14.500,9,1380.000,20,1390.000,9,1400.000,3,1530.000,1,0.000,0,0,0,
105519043000,0.000,0,1320.000,14,1310.000,3,1200.000,1,14.500,9,14.000,1,1390.000,9,1400.000,3,1530.000,1,0.000,0,0.000,0,0,0,
105554417000,0.000,0,1330.000,40,1320.000,14,1200.000,1,14.500,9,14.000,1,1370.000,40,1390.000,9,1530.000,1,0.000,0,0.000,0,0,0,
105558292000,0.000,0,1330.000,30,1320.000,14,1200.000,1,14.500,9,14.000,1,1370.000,30,1390.000,9,1530.000,1,0.000,0,0.000,0,0,0,
105605041000,0.000,0,1320.000,14,1310.000,3,1200.000,1,14.500,9,14.000,1,1390.000,9,1400.000,3,1530.000,1,0.000,0,0.000,0,0,0,
105614042000,0.000,0,1320.000,14,1310.000,3,1200.000,1,14.500,9,14.000,1,1380.000,5,1390.000,9,1400.000,3,1530.000,1,0.000,0,0,0,
105614667000,0.000,0,1330.000,30,1320.000,14,1310.000,3,1200.000,1,14.500,9,1370.000,30,1380.000,5,1390.000,9,1400.000,3,1530.000,1,0,0,
105616042000,0.000,0,1330.000,40,1320.000,14,1310.000,3,1200.000,1,14.500,9,1370.000,40,1380.000,5,1390.000,9,1400.000,3,1530.000,1,0,0,
105622291000,0.000,0,1330.000,40,1320.000,14,1200.000,1,14.500,9,14.000,1,1370.000,40,1380.000,5,1390.000,9,1530.000,1,0.000,0,0,0,
105634666000,0.000,0,1330.000,30,1320.000,14,1200.000,1,14.500,9,14.000,1,1370.000,30,1380.000,5,1390.000,9,1530.000,1,0.000,0,0,0,
105640541000,0.000,0,1330.000,40,1320.000,14,1200.000,1,14.500,9,14.000,1,1370.000,40,1380.000,5,1390.000,9,1530.000,1,0.000,0,0,0,
105654045000,0.000,0,1330.000,40,1320.000,17,1200.000,1,14.500,9,14.000,1,1370.000,40,1380.000,5,1390.000,9,1530.000,1,0.000,0,0,0,
105654667000,0.000,0,1330.000,10,1320.000,17,1200.000,1,14.500,9,14.000,1,1370.000,10,1380.000,5,1390.000,9,1530.000,1,0.000,0,0,0,
105656418000,0.000,0,1330.000,10,1320.000,14,1200.000,1,14.500,9,14.000,1,1370.000,10,1380.000,5,1390.000,9,1530.000,1,0.000,0,0,0,
105656667000,0.000,0,1330.000,40,1320.000,14,1200.000,1,14.500,9,14.000,1,1370.000,40,1380.000,5,1390.000,9,1530.000,1,0.000,0,0,0,
105702669000,0.000,0,1330.000,20,1320.000,14,1200.000,1,14.500,9,14.000,1,1370.000,20,1380.000,5,1390.000,9,1530.000,1,0.000,0,0,0,
105702792000,0.000,0,1340.000,20,1320.000,14,1200.000,1,14.500,9,14.000,1,1380.000,25,1390.000,9,1530.000,1,0.000,0,0.000,0,0,0,
105703667000,0.000,0,1320.000,14,1310.000,3,1200.000,1,14.500,9,14.000,1,1380.000,5,1390.000,9,1530.000,1,0.000,0,0.000,0,0,0,
105704666000,0.000,0,1340.000,20,1320.000,14,1310.000,3,1200.000,1,14.500,9,1380.000,25,1390.000,9,1530.000,1,0.000,0,0.000,0,0,0,
105705041000,0.000,0,1320.000,14,1310.000,3,1200.000,1,14.500,9,14.000,1,1380.000,5,1390.000,9,1530.000,1,0.000,0,0.000,0,0,0,
105707791000,0.000,0,1330.000,30,1320.000,14,1310.000,3,1200.000,1,14.500,9,1370.000,30,1380.000,5,1390.000,9,1530.000,1,0.000,0,0,0,
105712791000,0.000,0,1330.000,40,1320.000,14,1310.000,3,1200.000,1,14.500,9,1370.000,40,1380.000,5,1390.000,9,1530.000,1,0.000,0,0,0,
105717792000,0.000,0,1330.000,10,1320.000,14,1310.000,3,1200.000,1,14.500,9,1370.000,10,1380.000,5,1390.000,9,1530.000,1,0.000,0,0,0,
105720167000,0.000,0,1320.000,14,1310.000,3,1200.000,1,14.500,9,14.000,1,1380.000,5,1390.000,9,1530.000,1,0.000,0,0.000,0,0,0,
105726043000,0.000,0,1340.000,20,1320.000,14,1310.000,3,1200.000,1,14.500,9,1380.000,25,1390.000,9,1530.000,1,0.000,0,0.000,0,0,0,
105727793000,0.000,0,1320.000,14,1310.000,3,1200.000,1,14.500,9,14.000,1,1380.000,5,1390.000,9,1530.000,1,0.000,0,0.000,0,0,0,
105732791000,0.000,0,1340.000,20,1320.000,14,1310.000,3,1200.000,1,14.500,9,1380.000,25,1390.000,9,1530.000,1,0.000,0,0.000,0,0,0,
105733666000,0.000,0,1320.000,14,1310.000,3,1200.000,1,14.500,9,14.000,1,1380.000,5,1390.000,9,1530.000,1,0.000,0,0.000,0,0,0,
105734416000,0.000,0,1320.000,14,1310.000,3,1200.000,1,14.500,9,14.000,1,1390.000,9,1400.000,3,1530.000,1,0.000,0,0.000,0,0,0,
105734666000,0.000,0,1340.000,30,1320.000,14,1310.000,3,1200.000,1,14.500,9,1380.000,30,1390.000,9,1400.000,3,1530.000,1,0.000,0,0,0,
105737044000,0.000,0,1320.000,14,1310.000,3,1200.000,1,14.500,9,14.000,1,1390.000,9,1400.000,3,1530.000,1,0.000,0,0.000,0,0,0,
105808167000,0.000,0,1340.000,30,1320.000,14,1310.000,3,1200.000,1,14.500,9,1380.000,30,1390.000,9,1400.000,3,1530.000,1,0.000,0,0,0,
105808666000,0.000,0,1320.000,14,1310.000,3,1200.000,1,14.500,9,14.000,1,1390.000,9,1400.000,3,1530.000,1,0.000,0,0.000,0,0,0,
105810166000,0.000,0,1340.000,30,1320.000,14,1310.000,3,1200.000,1,14.500,9,1380.000,30,1390.000,9,1400.000,3,1530.000,1,0.000,0,0,0,
105810542000,0.000,0,1340.000,30,1320.000,14,1310.000,3,1200.000,1,14.500,9,1380.000,30,1390.000,9,1530.000,1,0.000,0,0.000,0,0,0,
105819917000,0.000,0,1340.000,30,1320.000,14,1200.000,1,14.500,9,14.000,1,1380.000,30,1390.000,9,1530.000,1,0.000,0,0.000,0,0,0,
105822794000,0.000,0,1320.000,14,1200.000,1,14.500,9,14.000,1,8.100,9,1390.000,9,1530.000,1,0.000,0,0.000,0,0.000,0,0,0,
105824793000,0.000,0,1320.000,14,1310.000,3,1200.000,1,14.500,9,14.000,1,1390.000,9,1530.000,1,0.000,0,0.000,0,0.000,0,0,0,
105825542000,0.000,0,1340.000,20,1320.000,14,1310.000,3,1200.000,1,14.500,9,1380.000,20,1390.000,9,1530.000,1,0.000,0,0.000,0,0,0,
105829167000,0.000,0,1340.000,20,1320.000,14,1200.000,1,14.500,9,14.000,1,1380.000,20,1390.000,9,1530.000,1,0.000,0,0.000,0,0,0,
105832167000,0.000,0,1340.000,20,1330.000,3,1320.000,14,1200.000,1,14.500,9,1380.000,20,1390.000,9,1530.000,1,0.000,0,0.000,0,0,0,
105832292000,0.000,0,1340.000,40,1320.000,14,1200.000,1,14.500,9,14.000,1,1380.000,40,1390.000,9,1530.000,1,0.000,0,0.000,0,0,0,
105832666000,0.000,0,1340.000,10,1320.000,14,1200.000,1,14.500,9,14.000,1,1380.000,10,1390.000,9,1530.000,1,0.000,0,0.000,0,0,0,
105833667000,0.000,0,1340.000,40,1320.000,14,1200.000,1,14.500,9,14.000,1,1380.000,40,1390.000,9,1530.000,1,0.000,0,0.000,0,0,0,
105845793000,0.000,0,1340.000,30,1320.000,14,1200.000,1,14.500,9,14.000,1,1380.000,30,1390.000,9,1530.000,1,0.000,0,0.000,0,0,0,
105846043000,0.000,0,1320.000,14,1200.000,1,14.500,9,14.000,1,8.100,9,1390.000,9,1530.000,1,0.000,0,0.000,0,0.000,0,0,0,
105846167000,0.000,0,1320.000,17,1200.000,1,14.500,9,14.000,1,8.100,9,1390.000,9,1530.000,1,0.000,0,0.000,0,0.000,0,0,0,
105847792000,0.000,0,1340.000,20,1320.000,17,1200.000,1,14.500,9,14.000,1,1380.000,20,1390.000,9,1530.000,1,0.000,0,0.000,0,0,0,
105856792000,0.000,0,1340.000,30,1320.000,17,1200.000,1,14.500,9,14.000,1,1380.000,30,1390.000,9,1530.000,1,0.000,0,0.000,0,0,0,
105900044000,0.000,0,1320.000,17,1200.000,1,14.500,9,14.000,1,8.100,9,1390.000,9,1530.000,1,0.000,0,0.000,0,0.000,0,0,0,
105901292000,0.000,0,1350.000,30,1320.000,17,1200.000,1,14.500,9,14.000,1,1390.000,39,1530.000,1,0.000,0,0.000,0,0.000,0,0,0,
105903167000,0.000,0,1320.000,17,1200.000,1,14.500,9,14.000,1,8.100,9,1390.000,9,1530.000,1,0.000,0,0.000,0,0.000,0,0,0,
105905168000,0.000,0,1350.000,30,1320.000,17,1200.000,1,14.500,9,14.000,1,1390.000,39,1530.000,1,0.000,0,0.000,0,0.000,0,0,0,
105909293000,0.000,0,1350.000,30,1320.000,14,1200.000,1,14.500,9,14.000,1,1390.000,39,1530.000,1,0.000,0,0.000,0,0.000,0,0,0,
105909666000,0.000,0,1320.000,14,1200.000,1,14.500,9,14.000,1,8.100,9,1390.000,9,1530.000,1,0.000,0,0.000,0,0.000,0,0,0,
105909791000,0.000,0,1320.000,17,1200.000,1,14.500,9,14.000,1,8.100,9,1390.000,9,1530.000,1,0.000,0,0.000,0,0.000,0,0,0,
105912167000,0.000,0,1340.000,30,1320.000,17,1200.000,1,14.500,9,14.000,1,1380.000,30,1390.000,9,1530.000,1,0.000,0,0.000,0,0,0,
105912667000,0.000,0,1340.000,10,1320.000,17,1200.000,1,14.500,9,14.000,1,1380.000,10,1390.000,9,1530.000,1,0.000,0,0.000,0,0,0,
105914042000,0.000,0,1320.000,17,1200.000,1,14.500,9,14.000,1,8.100,9,1390.000,9,1530.000,1,0.000,0,0.000,0,0.000,0,0,0,
105914667000,0.000,0,1350.000,30,1320.000,17,1200.000,1,14.500,9,14.000,1,1390.000,39,1530.000,1,0.000,0,0.000,0,0.000,0,0,0,
105915168000,0.000,0,1320.000,17,1200.000,1,14.500,9,14.000,1,8.100,9,1390.000,9,1530.000,1,0.000,0,0.000,0,0.000,0,0,0,
105916167000,0.000,0,1350.000,30,1320.000,17,1200.000,1,14.500,9,14.000,1,1390.000,39,1530.000,1,0.000,0,0.000,0,0.000,0,0,0,
105920294000,0.000,0,1350.000,20,1320.000,17,1200.000,1,14.500,9,14.000,1,1390.000,29,1530.000,1,0.000,0,0.000,0,0.000,0,0,0,
105921667000,0.000,0,1350.000,20,1320.000,14,1200.000,1,14.500,9,14.000,1,1390.000,29,1530.000,1,0.000,0,0.000,0,0.000,0,0,0,
105924916000,0.000,0,1350.000,30,1320.000,14,1200.000,1,14.500,9,14.000,1,1390.000,39,1530.000,1,0.000,0,0.000,0,0.000,0,0,0,
105927168000,0.000,0,1320.000,17,1200.000,1,14.500,9,14.000,1,8.100,9,1390.000,9,1530.000,1,0.000,0,0.000,0,0.000,0,0,0,
105928166000,0.000,0,1340.000,20,1320.000,17,1200.000,1,14.500,9,14.000,1,1380.000,20,1390.000,9,1530.000,1,0.000,0,0.000,0,0,0,
105928667000,0.000,0,1320.000,17,1200.000,1,14.500,9,14.000,1,8.100,9,1390.000,9,1530.000,1,0.000,0,0.000,0,0.000,0,0,0,
105929666000,0.000,0,1340.000,30,1320.000,17,1200.000,1,14.500,9,14.000,1,1380.000,30,1390.000,9,1530.000,1,0.000,0,0.000,0,0,0,
105930666000,0.000,0,1320.000,17,1200.000,1,14.500,9,14.000,1,8.100,9,1390.000,9,1530.000,1,0.000,0,0.000,0,0.000,0,0,0,
105932166000,0.000,0,1320.000,12,1200.000,1,14.500,9,14.000,1,8.100,9,1390.000,14,1530.000,1,0.000,0,0.000,0,0.000,0,0,0,
105934168000,0.000,0,1350.000,30,1320.000,12,1200.000,1,14.500,9,14.000,1,1390.000,44,1530.000,1,0.000,0,0.000,0,0.000,0,0,0,
105934292000,0.000,0,1350.000,30,1340.000,5,1320.000,12,1200.000,1,14.500,9,1390.000,44,1530.000,1,0.000,0,0.000,0,0.000,0,0,0,
105938544000,0.000,0,1350.000,20,1340.000,5,1320.000,12,1200.000,1,14.500,9,1390.000,34,1530.000,1,0.000,0,0.000,0,0.000,0,0,0,
105955418000,0.000,0,1350.000,20,1340.000,5,1320.000,12,1200.000,1,14.500,9,1390.000,34,1530.000,1,0.000,0,0.000,0,0.000,0,0,0,
110000168000,0.000,0,1340.000,5,1320.000,12,1200.000,1,14.500,9,14.000,1,1390.000,14,1530.000,1,0.000,0,0.000,0,0.000,0,0,0,
110001292000,0.000,0,1350.000,20,1340.000,5,1320.000,12,1200.000,1,14.500,9,1390.000,34,1530.000,1,0.000,0,0.000,0,0.000,0,0,0,
110001921000,0.000,0,1350.000,20,1340.000,5,1320.000,9,1200.000,1,14.500,9,1390.000,34,1530.000,1,0.000,0,0.000,0,0.000,0,0,0,
110002168000,0.000,0,1340.000,5,1320.000,9,1200.000,1,14.500,9,14.000,1,1390.000,14,1530.000,1,0.000,0,0.000,0,0.000,0,0,0,
110003796000,0.000,0,1320.000,9,1310.000,3,1200.000,1,14.500,9,14.000,1,1390.000,14,1530.000,1,0.000,0,0.000,0,0.000,0,0,0,
110004667000,0.000,0,1340.000,20,1320.000,9,1310.000,3,1200.000,1,14.500,9,1380.000,20,1390.000,14,1530.000,1,0.000,0,0.000,0,0,0,
110011166000,0.000,0,1340.000,20,1320.000,9,1200.000,1,14.500,9,14.000,1,1380.000,20,1390.000,14,1530.000,1,0.000,0,0.000,0,0,0,
110016167000,0.000,0,1320.000,9,1200.000,1,14.500,9,14.000,1,8.100,9,1390.000,14,1530.000,1,0.000,0,0.000,0,0.000,0,0,0,
110016542000,0.000,0,1320.000,12,1200.000,1,14.500,9,14.000,1,8.100,9,1390.000,14,1530.000,1,0.000,0,0.000,0,0.000,0,0,0,
110017792000,0.000,0,1350.000,30,1320.000,12,1200.000,1,14.500,9,14.000,1,1390.000,44,1530.000,1,0.000,0,0.000,0,0.000,0,0,0,
110018168000,0.000,0,1350.000,20,1320.000,12,1200.000,1,14.500,9,14.000,1,1390.000,34,1530.000,1,0.000,0,0.000,0,0.000,0,0,0,
110018668000,0.000,0,1320.000,12,1200.000,1,14.500,9,14.000,1,8.100,9,1390.000,14,1530.000,1,0.000,0,0.000,0,0.000,0,0,0,
110021166000,0.000,0,1350.000,20,1320.000,12,1200.000,1,14.500,9,14.000,1,1390.000,34,1530.000,1,0.000,0,0.000,0,0.000,0,0,0,
110021666000,0.000,0,1350.000,30,1340.000,5,1320.000,12,1200.000,1,14.500,9,1390.000,44,1530.000,1,0.000,0,0.000,0,0.000,0,0,0,
110023419000,0.000,0,1350.000,30,1340.000,5,1320.000,9,1200.000,1,14.500,9,1390.000,44,1530.000,1,0.000,0,0.000,0,0.000,0,0,0,
110024669000,0.000,0,1350.000,30,1340.000,5,1320.000,9,1200.000,1,14.500,9,1390.000,39,1530.000,1,0.000,0,0.000,0,0.000,0,0,0,
110024919000,0.000,0,1350.000,20,1340.000,5,1320.000,9,1200.000,1,14.500,9,1390.000,29,1530.000,1,0.000,0,0.000,0,0.000,0,0,0,
110029417000,0.000,0,1350.000,20,1340.000,5,1320.000,9,1200.000,1,14.500,9,1390.000,29,1400.000,5,1530.000,1,0.000,0,0.000,0,0,0,
110035167000,0.000,0,1340.000,5,1320.000,9,1200.000,1,14.500,9,14.000,1,1390.000,9,1400.000,5,1530.000,1,0.000,0,0.000,0,0,0,
110036294000,0.000,0,1340.000,25,1320.000,9,1200.000,1,14.500,9,14.000,1,1380.000,20,1390.000,9,1400.000,5,1530.000,1,0.000,0,0,0,
110044169000,0.000,0,1340.000,45,1320.000,9,1200.000,1,14.500,9,14.000,1,1380.000,40,1390.000,9,1400.000,5,1530.000,1,0.000,0,0,0,
110050043000,0.000,0,1340.000,40,1320.000,9,1200.000,1,14.500,9,14.000,1,1380.000,40,1390.000,9,1400.000,5,1530.000,1,0.000,0,0,0,
110052294000,0.000,0,1340.000,40,1320.000,9,1200.000,1,14.500,9,14.000,1,1380.000,40,1390.000,12,1400.000,5,1530.000,1,0.000,0,0,0,
110052419000,0.000,0,1340.000,30,1320.000,9,1200.000,1,14.500,9,14.000,1,1380.000,30,1390.000,12,1400.000,5,1530.000,1,0.000,0,0,0,
110052793000,0.000,0,1320.000,9,1310.000,3,1200.000,1,14.500,9,14.000,1,1390.000,12,1400.000,5,1530.000,1,0.000,0,0.000,0,0,0,
110054168000,0.000,0,1320.000,9,1310.000,3,1200.000,1,14.500,9,14.000,1,1390.000,9,1400.000,8,1530.000,1,0.000,0,0.000,0,0,0,
110057292000,0.000,0,1320.000,9,1310.000,3,1200.000,1,14.500,9,14.000,1,1390.000,9,1400.000,5,1530.000,1,0.000,0,0.000,0,0,0,
110100168000,0.000,0,1340.000,20,1320.000,9,1310.000,3,1200.000,1,14.500,9,1380.000,20,1390.000,9,1400.000,5,1530.000,1,0.000,0,0,0,
110100418000,0.000,0,1340.000,20,1320.000,9,1200.000,1,14.500,9,14.000,1,1380.000,20,1390.000,9,1400.000,5,1530.000,1,0.000,0,0,0,
110105167000,0.000,0,1320.000,9,1200.000,1,14.500,9,14.000,1,8.100,9,1390.000,9,1400.000,5,1530.000,1,0.000,0,0.000,0,0,0,
110105292000,0.000,0,1320.000,9,1310.000,3,1200.000,1,14.500,9,14.000,1,1390.000,9,1400.000,5,1530.000,1,0.000,0,0.000,0,0,0,
110109166000,0.000,0,1340.000,20,1320.000,9,1310.000,3,1200.000,1,14.500,9,1380.000,20,1390.000,9,1400.000,5,1530.000,1,0.000,0,0,0,
110109541000,0.000,0,1340.000,20,1320.000,9,1200.000,1,14.500,9,14.000,1,1380.000,20,1390.000,9,1400.000,5,1530.000,1,0.000,0,0,0,
110110166000,0.000,0,1320.000,9,1200.000,1,14.500,9,14.000,1,8.100,9,1390.000,9,1400.000,5,1530.000,1,0.000,0,0.000,0,0,0,
110111166000,0.000,0,1340.000,20,1320.000,9,1200.000,1,14.500,9,14.000,1,1380.000,20,1390.000,9,1400.000,5,1530.000,1,0.000,0,0,0,
110114541000,0.000,0,1340.000,30,1330.000,5,1320.000,9,1200.000,1,14.500,9,1380.000,30,1390.000,9,1530.000,1,0.000,0,0.000,0,0,0,
110115666000,0.000,0,1340.000,30,1330.000,5,1320.000,9,1200.000,1,14.500,9,1380.000,30,1390.000,14,1530.000,1,0.000,0,0.000,0,0,0,
110117791000,0.000,0,1330.000,5,1320.000,9,1200.000,1,14.500,9,14.000,1,1390.000,14,1530.000,1,0.000,0,0.000,0,0.000,0,0,0,
110117916000,0.000,0,1330.000,5,1320.000,9,1200.000,1,14.500,9,14.000,1,1390.000,14,1400.000,3,1530.000,1,0.000,0,0.000,0,0,0,
110118542000,0.000,0,1330.000,5,1320.000,12,1200.000,1,14.500,9,14.000,1,1390.000,14,1400.000,3,1530.000,1,0.000,0,0.000,0,0,0,
110118916000,0.000,0,1330.000,5,1320.000,12,1200.000,1,14.500,9,14.000,1,1390.000,14,1530.000,1,0.000,0,0.000,0,0.000,0,0,0,
110119543000,0.000,0,1330.000,5,1320.000,12,1200.000,1,14.500,9,14.000,1,1390.000,14,1400.000,3,1530.000,1,0.000,0,0.000,0,0,0,
110122043000,0.000,0,1330.000,5,1320.000,9,1200.000,1,14.500,9,14.000,1,1390.000,14,1400.000,3,1530.000,1,0.000,0,0.000,0,0,0,
110126167000,0.000,0,1330.000,5,1320.000,12,1200.000,1,14.500,9,14.000,1,1390.000,14,1400.000,3,1530.000,1,0.000,0,0.000,0,0,0,
110128166000,0.000,0,1330.000,5,1320.000,9,1200.000,1,14.500,9,14.000,1,1390.000,17,1530.000,1,0.000,0,0.000,0,0.000,0,0,0,
110131292000,0.000,0,1330.000,5,1320.000,9,1200.000,1,14.500,9,14.000,1,1390.000,14,1400.000,3,1530.000,1,0.000,0,0.000,0,0,0,
110136541000,0.000,0,1320.000,9,1310.000,3,1200.000,1,14.500,9,14.000,1,1390.000,14,1400.000,3,1530.000,1,0.000,0,0.000,0,0,0,
110140422000,0.000,0,1320.000,9,1200.000,1,14.500,9,14.000,1,8.100,9,1390.000,14,1530.000,1,0.000,0,0.000,0,0.000,0,0,0,
110142292000,0.000,0,1320.000,9,1200.000,1,14.500,9,14.000,1,8.100,9,1390.000,14,1400.000,3,1530.000,1,0.000,0,0.000,0,0,0,
110143668000,0.000,0,1320.000,9,1200.000,1,14.500,9,14.000,1,8.100,9,1390.000,17,1530.000,1,0.000,0,0.000,0,0.000,0,0,0,
110143917000,0.000,0,1330.000,20,1320.000,9,1200.000,1,14.500,9,14.000,1,1370.000,20,1390.000,17,1530.000,1,0.000,0,0.000,0,0,0,
110147046000,0.000,0,1330.000,30,1320.000,9,1200.000,1,14.500,9,14.000,1,1370.000,30,1390.000,17,1530.000,1,0.000,0,0.000,0,0,0,
110151044000,0.000,0,1330.000,20,1320.000,9,1200.000,1,14.500,9,14.000,1,1370.000,20,1390.000,17,1530.000,1,0.000,0,0.000,0,0,0,
110154168000,0.000,0,1320.000,9,1200.000,1,14.500,9,14.000,1,8.100,9,1390.000,17,1530.000,1,0.000,0,0.000,0,0.000,0,0,0,
110154292000,0.000,0,1320.000,9,1310.000,3,1200.000,1,14.500,9,14.000,1,1390.000,17,1530.000,1,0.000,0,0.000,0,0.000,0,0,0,
110155167000,0.000,0,1330.000,30,1320.000,9,1310.000,3,1200.000,1,14.500,9,1370.000,30,1390.000,17,1530.000,1,0.000,0,0.000,0,0,0,
110156042000,0.000,0,1330.000,30,1320.000,9,1310.000,3,1200.000,1,14.500,9,1370.000,30,1390.000,14,1530.000,1,0.000,0,0.000,0,0,0,
110159166000,1370.000,5,1330.000,30,1320.000,9,1310.000,3,1200.000,1,14.500,9,1370.000,30,1390.000,14,1530.000,1,0.000,0,0.000,0,1,5,110159059000
110159167000,1370.000,5,1330.000,40,1320.000,9,1200.000,1,14.500,9,14.000,1,1370.000,35,1390.000,14,1530.000,1,0.000,0,0.000,0,0,5,
110159416000,1370.000,5,1330.000,40,1320.000,9,1200.000,1,14.500,9,14.000,1,1370.000,54,1390.000,14,1530.000,1,0.000,0,0.000,0,0,5,
110204541000,1370.000,5,1330.000,40,1320.000,9,1200.000,1,14.500,9,14.000,1,1370.000,35,1390.000,14,1530.000,1,0.000,0,0.000,0,0,5,
110208416000,1370.000,5,1330.000,40,1320.000,14,1200.000,1,14.500,9,14.000,1,1370.000,35,1390.000,14,1530.000,1,0.000,0,0.000,0,0,5,
110215041000,1370.000,5,1330.000,40,1320.000,14,1200.000,1,14.500,9,14.000,1,1370.000,35,1390.000,9,1530.000,1,0.000,0,0.000,0,0,5,
110216166000,1370.000,5,1330.000,40,1320.000,14,1200.000,1,14.500,9,14.000,1,1370.000,35,1380.000,5,1390.000,9,1530.000,1,0.000,0,0,5,
110231291000,1370.000,5,1330.000,30,1320.000,14,1200.000,1,14.500,9,14.000,1,1370.000,30,1380.000,5,1390.000,9,1530.000,1,0.000,0,0,5,
110247916000,1370.000,5,1330.000,40,1320.000,14,1200.000,1,14.500,9,14.000,1,1370.000,40,1380.000,5,1390.000,9,1530.000,1,0.000,0,0,5,
110303795000,1370.000,5,1330.000,20,1320.000,14,1200.000,1,14.500,9,14.000,1,1370.000,20,1380.000,5,1390.000,9,1530.000,1,0.000,0,0,5,
110307168000,1370.000,5,1320.000,14,1200.000,1,14.500,9,14.000,1,8.100,9,1380.000,5,1390.000,9,1530.000,1,0.000,0,0.000,0,0,5,
110307292000,1370.000,5,1320.000,14,1200.000,1,14.500,9,14.000,1,8.100,9,1380.000,5,1390.000,12,1530.000,1,0.000,0,0.000,0,0,5,
110312294000,1370.000,5,1330.000,20,1320.000,14,1200.000,1,14.500,9,14.000,1,1370.000,20,1380.000,5,1390.000,12,1530.000,1,0.000,0,0,5,
110325917000,1370.000,5,1330.000,40,1320.000,14,1200.000,1,14.500,9,14.000,1,1370.000,40,1380.000,5,1390.000,12,1530.000,1,0.000,0,0,5,
110327417000,1370.000,5,1330.000,30,1320.000,14,1200.000,1,14.500,9,14.000,1,1370.000,30,1380.000,5,1390.000,12,1530.000,1,0.000,0,0,5,
110331292000,1370.000,5,1320.000,14,1200.000,1,14.500,9,14.000,1,8.100,9,1380.000,5,1390.000,12,1530.000,1,0.000,0,0.000,0,0,5,
110335417000,1370.000,5,1320.000,14,1310.000,3,1200.000,1,14.500,9,14.000,1,1380.000,5,1390.000,12,1530.000,1,0.000,0,0.000,0,0,5,
110337917000,1370.000,5,1320.000,14,1200.000,1,14.500,9,14.000,1,8.100,9,1380.000,5,1390.000,9,1530.000,1,0.000,0,0.000,0,0,5,
110338666000,1370.000,5,1320.000,14,1200.000,1,14.500,9,14.000,1,8.100,9,1380.000,5,1390.000,12,1530.000,1,0.000,0,0.000,0,0,5,
110342795000,1370.000,5,1330.000,20,1320.000,14,1200.000,1,14.500,9,14.000,1,1370.000,20,1380.000,5,1390.000,12,1530.000,1,0.000,0,0,5,
110343792000,1370.000,5,1320.000,14,1200.000,1,14.500,9,14.000,1,8.100,9,1380.000,5,1390.000,12,1530.000,1,0.000,0,0.000,0,0,5,
110344793000,1370.000,5,1330.000,20,1320.000,14,1200.000,1,14.500,9,14.000,1,1370.000,20,1380.000,5,1390.000,12,1530.000,1,0.000,0,0,5,
110345791000,1370.000,5,1320.000,14,1200.000,1,14.500,9,14.000,1,8.100,9,1380.000,5,1390.000,12,1530.000,1,0.000,0,0.000,0,0,5,
110355293000,1370.000,5,1330.000,20,1320.000,14,1200.000,1,14.500,9,14.000,1,1370.000,20,1380.000,5,1390.000,12,1530.000,1,0.000,0,0,5,
110401292000,1370.000,5,1320.000,14,1200.000,1,14.500,9,14.000,1,8.100,9,1380.000,5,1390.000,12,1530.000,1,0.000,0,0.000,0,0,5,
110402667000,1370.000,5,1320.000,14,1200.000,1,14.500,9,14.000,1,8.100,9,1380.000,5,1390.000,9,1530.000,1,0.000,0,0.000,0,0,5,
110402792000,1370.000,5,1320.000,14,1200.000,1,14.500,9,14.000,1,8.100,9,1380.000,5,1390.000,12,1530.000,1,0.000,0,0.000,0,0,5,
110410292000,1370.000,5,1330.000,30,1320.000,14,1200.000,1,14.500,9,14.000,1,1370.000,30,1380.000,5,1390.000,12,1530.000,1,0.000,0,0,5,
110414292000,1370.000,5,1320.000,14,1200.000,1,14.500,9,14.000,1,8.100,9,1380.000,5,1390.000,12,1530.000,1,0.000,0,0.000,0,0,5,
110417792000,1370.000,5,1330.000,30,1320.000,14,1200.000,1,14.500,9,14.000,1,1370.000,30,1380.000,5,1390.000,12,1530.000,1,0.000,0,0,5,
110431666000,1370.000,5,1330.000,40,1320.000,14,1200.000,1,14.500,9,14.000,1,1370.000,40,1380.000,5,1390.000,12,1530.000,1,0.000,0,0,5,
110433417000,1370.000,5,1330.000,40,1320.000,14,1200.000,1,14.500,9,14.000,1,1370.000,40,1380.000,5,1390.000,9,1530.000,1,0.000,0,0,5,
110437916000,1370.000,5,1330.000,30,1320.000,14,1200.000,1,14.500,9,14.000,1,1370.000,30,1380.000,5,1390.000,9,1530.000,1,0.000,0,0,5,
110443166000,1370.000,5,1330.000,40,1320.000,14,1200.000,1,14.500,9,14.000,1,1370.000,40,1380.000,5,1390.000,9,1530.000,1,0.000,0,0,5,
110503166000,1370.000,5,1330.000,30,1320.000,14,1200.000,1,14.500,9,14.000,1,1370.000,30,1380.000,5,1390.000,9,1530.000,1,0.000,0,0,5,
110509166000,1370.000,5,1330.000,40,1320.000,14,1200.000,1,14.500,9,14.000,1,1370.000,40,1380.000,5,1390.000,9,1530.000,1,0.000,0,0,5,
110528292000,1370.000,5,1330.000,10,1320.000,14,1200.000,1,14.500,9,14.000,1,1370.000,10,1380.000,5,1390.000,9,1530.000,1,0.000,0,0,5,
110529292000,1370.000,5,1330.000,40,1320.000,14,1200.000,1,14.500,9,14.000,1,1370.000,40,1380.000,5,1390.000,9,1530.000,1,0.000,0,0,5,
110547291000,1370.000,5,1330.000,10,1320.000,14,1200.000,1,14.500,9,14.000,1,1370.000,10,1380.000,5,1390.000,9,1530.000,1,0.000,0,0,5,
110548042000,1370.000,5,1320.000,14,1200.000,1,14.500,9,14.000,1,8.100,9,1380.000,5,1390.000,9,1530.000,1,0.000,0,0.000,0,0,5,
110548166000,1370.000,5,1320.000,14,1200.000,1,14.500,9,14.000,1,8.100,9,1380.000,5,1390.000,12,1530.000,1,0.000,0,0.000,0,0,5,
110549293000,1370.000,5,1330.000,40,1320.000,14,1200.000,1,14.500,9,14.000,1,1370.000,40,1380.000,5,1390.000,12,1530.000,1,0.000,0,0,5,
110549417000,1370.000,5,1330.000,20,1320.000,14,1200.000,1,14.500,9,14.000,1,1370.000,20,1380.000,5,1390.000,12,1530.000,1,0.000,0,0,5,
110554041000,1370.000,5,1330.000,20,1320.000,14,1200.000,1,14.500,9,14.000,1,1370.000,20,1380.000,5,1390.000,9,1530.000,1,0.000,0,0,5,
110600291000,1370.000,5,1320.000,14,1200.000,1,14.500,9,14.000,1,8.100,9,1380.000,5,1390.000,12,1530.000,1,0.000,0,0.000,0,0,5,
110621917000,1370.000,5,1320.000,14,1200.000,1,14.500,9,14.000,1,8.100,9,1380.000,8,1390.000,9,1530.000,1,0.000,0,0.000,0,0,5,
110637796000,1370.000,5,1320.000,44,1200.000,1,14.500,9,14.000,1,8.100,9,1360.000,30,1380.000,8,1390.000,9,1530.000,1,0.000,0,0,5,
110638168000,1370.000,5,1320.000,39,1200.000,1,14.500,9,14.000,1,8.100,9,1360.000,30,1380.000,8,1390.000,9,1530.000,1,0.000,0,0,5,
110640542000,1370.000,5,1320.000,39,1200.000,1,14.500,9,14.000,1,8.100,9,1360.000,30,1380.000,5,1390.000,9,1530.000,1,0.000,0,0,5,
110643295000,1370.000,5,1320.000,29,1200.000,1,14.500,9,14.000,1,8.100,9,1360.000,20,1380.000,5,1390.000,9,1530.000,1,0.000,0,0,5,
110643418000,1370.000,5,1320.000,29,1200.000,1,14.500,9,14.000,1,8.100,9,1360.000,20,1370.000,3,1380.000,5,1390.000,9,1530.000,1,0,5,
110643543000,1370.000,5,1320.000,29,1200.000,1,14.500,9,14.000,1,8.100,9,1360.000,20,1380.000,5,1390.000,9,1530.000,1,0.000,0,0,5,
110649667000,1370.000,5,1320.000,29,1200.000,1,14.500,9,14.000,1,8.100,9,1360.000,20,1370.000,3,1380.000,5,1390.000,9,1530.000,1,0,5,
110650543000,1370.000,5,1320.000,49,1200.000,1,14.500,9,14.000,1,8.100,9,1360.000,40,1370.000,3,1380.000,5,1390.000,9,1530.000,1,0,5,
110652916000,1370.000,5,1320.000,49,1200.000,1,14.500,9,14.000,1,8.100,9,1360.000,40,1380.000,5,1390.000,9,1530.000,1,0.000,0,0,5,
110710667000,1370.000,5,1320.000,49,1200.000,1,14.500,9,14.000,1,8.100,9,1360.000,40,1380.000,5,1390.000,9,1530.000,1,0.000,0,0,5,
110710918000,1370.000,5,1320.000,30,1200.000,1,14.500,9,14.000,1,8.100,9,1360.000,30,1380.000,5,1390.000,9,1530.000,1,0.000,0,0,5,
110722917000,1370.000,5,1320.000,40,1200.000,1,14.500,9,14.000,1,8.100,9,1360.000,40,1380.000,5,1390.000,9,1530.000,1,0.000,0,0,5,
110723417000,1370.000,5,1320.000,20,1200.000,1,14.500,9,14.000,1,8.100,9,1360.000,20,1380.000,5,1390.000,9,1530.000,1,0.000,0,0,5,
110744293000,1370.000,5,1320.000,40,1200.000,1,14.500,9,14.000,1,8.100,9,1360.000,40,1380.000,5,1390.000,9,1530.000,1,0.000,0,0,5,
110747668000,1370.000,5,1320.000,20,1200.000,1,14.500,9,14.000,1,8.100,9,1360.000,20,1380.000,5,1390.000,9,1530.000,1,0.000,0,0,5,
110747793000,1370.000,5,1200.000,1,14.500,9,14.000,1,8.100,9,8.000,1,1380.000,5,1390.000,9,1530.000,1,0.000,0,0.000,0,0,5,
110747916000,1370.000,5,1210.000,3,1200.000,1,14.500,9,14.000,1,8.100,9,1380.000,5,1390.000,9,1530.000,1,0.000,0,0.000,0,0,5,
110749293000,1370.000,5,1210.000,3,1200.000,1,14.500,9,14.000,1,8.100,9,1380.000,5,1390.000,12,1530.000,1,0.000,0,0.000,0,0,5,
110751542000,1370.000,5,1210.000,3,1200.000,1,14.500,9,14.000,1,8.100,9,1370.000,3,1380.000,5,1390.000,9,1530.000,1,0.000,0,0,5,
110755793000,1370.000,5,1210.000,12,1200.000,1,14.500,9,14.000,1,8.100,9,1370.000,3,1380.000,5,1390.000,9,1530.000,1,0.000,0,0,5,
110755917000,1370.000,5,1320.000,20,1210.000,12,1200.000,1,14.500,9,14.000,1,1360.000,20,1370.000,3,1380.000,5,1390.000,9,1530.000,1,0,5,
110757666000,1370.000,5,1320.000,30,1210.000,9,1200.000,1,14.500,9,14.000,1,1360.000,30,1370.000,3,1380.000,5,1390.000,9,1530.000,1,0,5,
110802791000,1370.000,5,1210.000,9,1200.000,1,14.500,9,14.000,1,8.100,9,1370.000,3,1380.000,5,1390.000,9,1530.000,1,0.000,0,0,5,
110802917000,1370.000,5,1220.000,3,1210.000,9,1200.000,1,14.500,9,14.000,1,1370.000,3,1380.000,5,1390.000,9,1530.000,1,0.000,0,0,5,
110803791000,1370.000,5,1320.000,40,1220.000,3,1210.000,9,1200.000,1,14.500,9,1360.000,40,1380.000,8,1390.000,9,1530.000,1,0.000,0,0,5,
110806418000,1370.000,5,1320.000,10,1220.000,3,1210.000,9,1200.000,1,14.500,9,1360.000,10,1380.000,8,1390.000,9,1530.000,1,0.000,0,0,5,
110806793000,1370.000,5,1320.000,10,1210.000,9,1200.000,1,14.500,9,14.000,1,1360.000,10,1370.000,3,1380.000,5,1390.000,9,1530.000,1,0,5,
110812418000,1370.000,5,1320.000,40,1210.000,9,1200.000,1,14.500,9,14.000,1,1360.000,40,1370.000,3,1380.000,5,1390.000,9,1530.000,1,0,5,
110813042000,1370.000,5,1320.000,40,1210.000,9,1200.000,1,14.500,9,14.000,1,1360.000,40,1380.000,5,1390.000,9,1530.000,1,0.000,0,0,5,
110823666000,1370.000,5,1320.000,40,1210.000,9,1200.000,1,14.500,9,14.000,1,1360.000,40,1370.000,3,1380.000,5,1390.000,9,1530.000,1,0,5,
110825416000,1370.000,5,1320.000,40,1210.000,9,1200.000,1,14.500,9,14.000,1,1360.000,40,1380.000,5,1390.000,9,1530.000,1,0.000,0,0,5,
110832416000,1370.000,5,1320.000,30,1210.000,9,1200.000,1,14.500,9,14.000,1,1360.000,30,1380.000,5,1390.000,9,1530.000,1,0.000,0,0,5,
110834791000,1370.000,5,1320.000,40,1210.000,9,1200.000,1,14.500,9,14.000,1,1360.000,40,1380.000,5,1390.000,9,1530.000,1,0.000,0,0,5,
110839417000,1370.000,5,1320.000,40,1210.000,9,1200.000,1,14.500,9,14.000,1,1360.000,40,1370.000,3,1380.000,5,1390.000,9,1530.000,1,0,5,
110841041000,1370.000,5,1320.000,40,1210.000,9,1200.000,1,14.500,9,14.000,1,1360.000,40,1380.000,5,1390.000,9,1530.000,1,0.000,0,0,5,
110854791000,1370.000,5,1320.000,30,1210.000,9,1200.000,1,14.500,9,14.000,1,1360.000,30,1380.000,5,1390.000,9,1530.000,1,0.000,0,0,5,
110855291000,1370.000,5,1320.000,40,1310.000,5,1210.000,9,1200.000,1,14.500,9,1360.000,40,1380.000,5,1390.000,9,1530.000,1,0.000,0,0,5,
110857666000,1370.000,5,1320.000,40,1310.000,5,1210.000,9,1200.000,1,14.500,9,1360.000,40,1390.000,9,1530.000,1,0.000,0,0.000,0,0,5,
110858416000,1370.000,5,1320.000,40,1310.000,5,1210.000,9,1200.000,1,14.500,9,1360.000,40,1370.000,5,1390.000,9,1530.000,1,0.000,0,0,5,
110900793000,1370.000,5,1320.000,40,1310.000,5,1210.000,9,1200.000,1,14.500,9,1360.000,40,1370.000,8,1390.000,9,1530.000,1,0.000,0,0,5,
110902791000,1370.000,5,1320.000,40,1310.000,5,1210.000,9,1200.000,1,14.500,9,1360.000,40,1370.000,5,1390.000,9,1530.000,1,0.000,0,0,5,
110905920000,1370.000,5,1320.000,40,1310.000,5,1210.000,9,1200.000,1,14.500,9,1360.000,40,1370.000,8,1390.000,9,1530.000,1,0.000,0,0,5,
110906043000,1370.000,5,1320.000,10,1310.000,5,1210.000,9,1200.000,1,14.500,9,1360.000,10,1370.000,8,1390.000,9,1530.000,1,0.000,0,0,5,
110906543000,1370.000,5,1310.000,5,1210.000,9,1200.000,1,14.500,9,14.000,1,1370.000,8,1390.000,9,1530.000,1,0.000,0,0.000,0,0,5,
110911417000,1370.000,5,1320.000,40,1310.000,5,1210.000,9,1200.000,1,14.500,9,1360.000,40,1370.000,8,1390.000,9,1530.000,1,0.000,0,0,5,
110912044000,1370.000,5,1320.000,40,1310.000,5,1210.000,9,1200.000,1,14.500,9,1360.000,40,1370.000,5,1390.000,9,1530.000,1,0.000,0,0,5,
110914294000,1370.000,5,1320.000,30,1310.000,5,1210.000,9,1200.000,1,14.500,9,1360.000,30,1370.000,5,1390.000,9,1530.000,1,0.000,0,0,5,
110920416000,1370.000,5,1320.000,40,1310.000,5,1210.000,9,1200.000,1,14.500,9,1360.000,40,1370.000,5,1390.000,9,1530.000,1,0.000,0,0,5,
110940416000,1370.000,5,1320.000,30,1310.000,5,1210.000,9,1200.000,1,14.500,9,1360.000,30,1370.000,5,1390.000,9,1530.000,1,0.000,0,0,5,
110946417000,1370.000,5,1320.000,40,1310.000,5,1210.000,9,1200.000,1,14.500,9,1360.000,40,1370.000,5,1390.000,9,1530.000,1,0.000,0,0,5,
110946541000,1370.000,5,1320.000,40,1310.000,5,1210.000,9,1200.000,1,14.500,9,1360.000,40,1370.000,8,1390.000,9,1530.000,1,0.000,0,0,5,
110949041000,1370.000,5,1320.000,40,1310.000,5,1210.000,9,1200.000,1,14.500,9,1360.000,40,1370.000,5,1390.000,9,1530.000,1,0.000,0,0,5,
111006416000,1370.000,5,1320.000,30,1310.000,5,1210.000,9,1200.000,1,14.500,9,1360.000,30,1370.000,5,1390.000,9,1530.000,1,0.000,0,0,5,
111012416000,1370.000,5,1320.000,40,1310.000,5,1210.000,9,1200.000,1,14.500,9,1360.000,40,1370.000,5,1390.000,9,1530.000,1,0.000,0,0,5,
111032417000,1370.000,5,1320.000,30,1310.000,5,1210.000,9,1200.000,1,14.500,9,1360.000,30,1370.000,5,1390.000,9,1530.000,1,0.000,0,0,5,
111037541000,1370.000,5,1320.000,40,1310.000,5,1210.000,9,1200.000,1,14.500,9,1360.000,40,1370.000,5,1390.000,9,1530.000,1,0.000,0,0,5,
111044417000,1370.000,5,1320.000,20,1310.000,5,1210.000,9,1200.000,1,14.500,9,1360.000,20,1370.000,5,1390.000,9,1530.000,1,0.000,0,0,5,
111044542000,1370.000,5,1320.000,10,1310.000,5,1210.000,9,1200.000,1,14.500,9,1360.000,10,1370.000,5,1390.000,9,1530.000,1,0.000,0,0,5,
111044667000,1370.000,5,1310.000,5,1210.000,9,1200.000,1,14.500,9,14.000,1,1370.000,5,1390.000,9,1530.000,1,0.000,0,0.000,0,0,5,
111045791000,1370.000,5,1310.000,5,1210.000,9,1200.000,1,14.500,9,14.000,1,1370.000,8,1390.000,9,1530.000,1,0.000,0,0.000,0,0,5,
111047541000,1370.000,5,1310.000,5,1210.000,9,1200.000,1,14.500,9,14.000,1,1370.000,5,1380.000,3,1390.000,9,1530.000,1,0.000,0,0,5,
111052292000,1370.000,5,1310.000,5,1300.000,3,1210.000,9,1200.000,1,14.500,9,1370.000,5,1380.000,3,1390.000,9,1530.000,1,0.000,0,0,5,
111053791000,1370.000,5,1310.000,5,1210.000,9,1200.000,1,14.500,9,14.000,1,1370.000,5,1380.000,3,1390.000,9,1530.000,1,0.000,0,0,5,
111100041000,1370.000,5,1310.000,5,1210.000,9,1200.000,1,14.500,9,14.000,1,1370.000,8,1390.000,9,1530.000,1,0.000,0,0.000,0,0,5,
111103667000,1370.000,5,1310.000,5,1300.000,3,1210.000,9,1200.000,1,14.500,9,1370.000,8,1390.000,9,1530.000,1,0.000,0,0.000,0,0,5,
111104041000,1370.000,5,1320.000,20,1310.000,5,1300.000,3,1210.000,9,1200.000,1,1360.000,20,1370.000,8,1390.000,9,1530.000,1,0.000,0,0,5,
111104416000,1370.000,5,1310.000,5,1300.000,3,1210.000,9,1200.000,1,14.500,9,1370.000,8,1390.000,9,1530.000,1,0.000,0,0.000,0,0,5,
111105416000,1370.000,5,1320.000,20,1310.000,5,1300.000,3,1210.000,9,1200.000,1,1360.000,20,1370.000,8,1390.000,9,1530.000,1,0.000,0,0,5,
111105542000,1370.000,5,1320.000,40,1310.000,5,1300.000,3,1210.000,9,1200.000,1,1360.000,40,1370.000,8,1390.000,9,1530.000,1,0.000,0,0,5,
111106291000,1370.000,5,1320.000,40,1310.000,5,1210.000,9,1200.000,1,14.500,9,1360.000,40,1370.000,5,1390.000,9,1530.000,1,0.000,0,0,5,
111125541000,1370.000,5,1320.000,30,1310.000,5,1210.000,9,1200.000,1,14.500,9,1360.000,30,1370.000,5,1390.000,9,1530.000,1,0.000,0,0,5,
111128791000,1370.000,5,1320.000,40,1310.000,5,1210.000,9,1200.000,1,14.500,9,1360.000,40,1370.000,5,1390.000,9,1530.000,1,0.000,0,0,5,
111140417000,1370.000,5,1320.000,40,1310.000,5,1210.000,9,1200.000,1,14.500,9,1360.000,40,1370.000,8,1390.000,9,1530.000,1,0.000,0,0,5,
111143291000,1370.000,5,1320.000,40,1310.000,5,1210.000,9,1200.000,1,14.500,9,1360.000,40,1370.000,5,1390.000,9,1530.000,1,0.000,0,0,5,
111144417000,1370.000,5,1320.000,40,1310.000,5,1210.000,9,1200.000,1,14.500,9,1360.000,40,1370.000,8,1390.000,9,1530.000,1,0.000,0,0,5,
111148916000,1370.000,5,1320.000,30,1310.000,5,1210.000,9,1200.000,1,14.500,9,1360.000,30,1370.000,8,1390.000,9,1530.000,1,0.000,0,0,5,
111149416000,1370.000,5,1320.000,40,1310.000,5,1210.000,9,1200.000,1,14.500,9,1360.000,40,1370.000,5,1390.000,9,1530.000,1,0.000,0,0,5,
111209416000,1370.000,5,1320.000,30,1310.000,5,1210.000,9,1200.000,1,14.500,9,1360.000,30,1370.000,5,1390.000,9,1530.000,1,0.000,0,0,5,
111215542000,1370.000,5,1320.000,40,1310.000,5,1210.000,9,1200.000,1,14.500,9,1360.000,40,1370.000,5,1390.000,9,1530.000,1,0.000,0,0,5,
111217667000,1370.000,5,1320.000,40,1310.000,5,1210.000,9,1200.000,1,14.500,9,1360.000,40,1370.000,8,1390.000,9,1530.000,1,0.000,0,0,5,
111220293000,1370.000,5,1320.000,40,1310.000,5,1210.000,9,1200.000,1,14.500,9,1360.000,40,1370.000,5,1390.000,9,1530.000,1,0.000,0,0,5,
111235666000,1370.000,5,1320.000,30,1310.000,5,1210.000,9,1200.000,1,14.500,9,1360.000,30,1370.000,5,1390.000,9,1530.000,1,0.000,0,0,5,
111240542000,1370.000,5,1320.000,40,1310.000,5,1210.000,9,1200.000,1,14.500,9,1360.000,40,1370.000,5,1390.000,9,1530.000,1,0.000,0,0,5,
111248920000,1370.000,5,1320.000,20,1310.000,5,1210.000,9,1200.000,1,14.500,9,1360.000,20,1370.000,5,1390.000,9,1530.000,1,0.000,0,0,5,
111249542000,1370.000,5,1310.000,5,1210.000,9,1200.000,1,14.500,9,14.000,1,1370.000,5,1390.000,9,1530.000,1,0.000,0,0.000,0,0,5,
111250792000,1370.000,5,1320.000,20,1310.000,5,1210.000,9,1200.000,1,14.500,9,1360.000,20,1370.000,5,1390.000,9,1530.000,1,0.000,0,0,5,
111315416000,1370.000,5,1320.000,40,1310.000,5,1210.000,9,1200.000,1,14.500,9,1360.000,40,1370.000,5,1390.000,9,1530.000,1,0.000,0,0,5,
111335416000,1370.000,5,1320.000,30,1310.000,5,1210.000,9,1200.000,1,14.500,9,1360.000,30,1370.000,5,1390.000,9,1530.000,1,0.000,0,0,5,
111340666000,1370.000,5,1320.000,40,1310.000,5,1210.000,9,1200.000,1,14.500,9,1360.000,40,1370.000,5,1390.000,9,1530.000,1,0.000,0,0,5,
111400666000,1370.000,5,1320.000,30,1310.000,5,1210.000,9,1200.000,1,14.500,9,1360.000,30,1370.000,5,1390.000,9,1530.000,1,0.000,0,0,5,
111403043000,1370.000,5,1320.000,20,1310.000,5,1210.000,9,1200.000,1,14.500,9,1360.000,20,1370.000,5,1390.000,9,1530.000,1,0.000,0,0,5,
111407542000,1370.000,5,1310.000,5,1210.000,9,1200.000,1,14.500,9,14.000,1,1370.000,5,1390.000,9,1530.000,1,0.000,0,0.000,0,0,5,
111407666000,1370.000,5,1310.000,5,1300.000,3,1210.000,9,1200.000,1,14.500,9,1370.000,5,1390.000,9,1530.000,1,0.000,0,0.000,0,0,5,
111412791000,1370.000,5,1320.000,20,1310.000,5,1300.000,3,1210.000,9,1200.000,1,1360.000,20,1370.000,5,1390.000,9,1530.000,1,0.000,0,0,5,
111424541000,1370.000,5,1310.000,5,1300.000,3,1210.000,9,1200.000,1,14.500,9,1370.000,5,1390.000,9,1530.000,1,0.000,0,0.000,0,0,5,
111428542000,1370.000,5,1330.000,30,1310.000,5,1300.000,3,1210.000,9,1200.000,1,1370.000,35,1390.000,9,1530.000,1,0.000,0,0.000,0,0,5,
111431291000,1370.000,5,1330.000,40,1310.000,5,1300.000,3,1210.000,9,1200.000,1,1370.000,45,1390.000,9,1530.000,1,0.000,0,0.000,0,0,5,
111440543000,1370.000,5,1330.000,10,1310.000,5,1300.000,3,1210.000,9,1200.000,1,1370.000,15,1390.000,9,1530.000,1,0.000,0,0.000,0,0,5,
111442046000,1370.000,5,1310.000,5,1300.000,3,1210.000,9,1200.000,1,14.500,9,1370.000,5,1390.000,9,1530.000,1,0.000,0,0.000,0,0,5,
111445542000,1370.000,5,1310.000,5,1210.000,9,1200.000,1,14.500,9,14.000,1,1370.000,5,1390.000,9,1530.000,1,0.000,0,0.000,0,0,5,
111446042000,1370.000,5,1310.000,5,1300.000,3,1210.000,9,1200.000,1,14.500,9,1370.000,5,1390.000,9,1530.000,1,0.000,0,0.000,0,0,5,
111448666000,1370.000,5,1310.000,5,1300.000,3,1210.000,9,1200.000,1,14.500,9,1390.000,9,1530.000,1,0.000,0,0.000,0,0.000,0,0,5,
111448791000,1370.000,5,1310.000,5,1300.000,3,1210.000,9,1200.000,1,14.500,9,1390.000,12,1530.000,1,0.000,0,0.000,0,0.000,0,0,5,
111520666000,1370.000,5,1310.000,5,1300.000,3,1210.000,9,1200.000,1,14.500,9,1380.000,5,1390.000,12,1530.000,1,0.000,0,0.000,0,0,5,
111544416000,1370.000,5,1310.000,5,1210.000,9,1200.000,1,14.500,9,14.000,1,1380.000,5,1390.000,9,1530.000,1,0.000,0,0.000,0,0,5,
111544667000,1370.000,5,1310.000,5,1300.000,3,1210.000,9,1200.000,1,14.500,9,1380.000,5,1390.000,12,1530.000,1,0.000,0,0.000,0,0,5,
111600041000,1370.000,5,1310.000,5,1210.000,9,1200.000,1,14.500,9,14.000,1,1380.000,8,1390.000,9,1530.000,1,0.000,0,0.000,0,0,5,
111608666000,1370.000,5,1320.000,30,1310.000,5,1210.000,9,1200.000,1,14.500,9,1360.000,30,1380.000,8,1390.000,9,1530.000,1,0.000,0,0,5,
111615792000,1370.000,5,1320.000,40,1310.000,5,1210.000,9,1200.000,1,14.500,9,1360.000,40,1380.000,8,1390.000,9,1530.000,1,0.000,0,0,5,
111619920000,1370.000,5,1320.000,40,1310.000,5,1210.000,9,1200.000,1,14.500,9,1360.000,40,1380.000,5,1390.000,9,1530.000,1,0.000,0,0,5,
111623293000,1370.000,5,1320.000,20,1310.000,5,1210.000,9,1200.000,1,14.500,9,1360.000,20,1380.000,5,1390.000,9,1530.000,1,0.000,0,0,5,
111623668000,1370.000,5,1310.000,5,1210.000,9,1200.000,1,14.500,9,14.000,1,1380.000,5,1390.000,9,1530.000,1,0.000,0,0.000,0,0,5,
111625667000,1370.000,5,1320.000,20,1310.000,5,1210.000,9,1200.000,1,14.500,9,1360.000,20,1380.000,5,1390.000,9,1530.000,1,0.000,0,0,5,
111700417000,1370.000,5,1320.000,40,1310.000,5,1210.000,9,1200.000,1,14.500,9,1360.000,40,1380.000,5,1390.000,9,1530.000,1,0.000,0,0,5,
111713666000,1370.000,5,1320.000,40,1310.000,5,1210.000,9,1200.000,1,14.500,9,1360.000,40,1390.000,9,1530.000,1,0.000,0,0.000,0,0,5,
111714416000,1370.000,5,1320.000,40,1310.000,5,1210.000,9,1200.000,1,14.500,9,1360.000,40,1370.000,5,1390.000,9,1530.000,1,0.000,0,0,5,
111720416000,1370.000,5,1320.000,30,1310.000,5,1210.000,9,1200.000,1,14.500,9,1360.000,30,1370.000,5,1390.000,9,1530.000,1,0.000,0,0,5,
111725916000,1370.000,5,1320.000,40,1310.000,5,1210.000,9,1200.000,1,14.500,9,1360.000,40,1370.000,5,1390.000,9,1530.000,1,0.000,0,0,5,
111739792000,1370.000,5,1320.000,20,1310.000,5,1210.000,9,1200.000,1,14.500,9,1360.000,20,1370.000,5,1390.000,9,1530.000,1,0.000,0,0,5,
111744916000,1370.000,5,1320.000,30,1310.000,5,1210.000,9,1200.000,1,14.500,9,1360.000,30,1370.000,5,1390.000,9,1530.000,1,0.000,0,0,5,
111747916000,1370.000,5,1320.000,20,1310.000,5,1210.000,9,1200.000,1,14.500,9,1360.000,20,1370.000,5,1390.000,9,1530.000,1,0.000,0,0,5,
111753916000,1370.000,5,1320.000,30,1310.000,5,1210.000,9,1200.000,1,14.500,9,1360.000,30,1370.000,5,1390.000,9,1530.000,1,0.000,0,0,5,
111804291000,1370.000,5,1320.000,40,1310.000,5,1210.000,9,1200.000,1,14.500,9,1360.000,40,1370.000,5,1390.000,9,1530.000,1,0.000,0,0,5,
111806543000,1370.000,5,1320.000,40,1310.000,5,1210.000,9,1200.000,1,14.500,9,1360.000,40,1370.000,8,1390.000,9,1530.000,1,0.000,0,0,5,
111809541000,1370.000,5,1320.000,40,1310.000,5,1210.000,9,1200.000,1,14.500,9,1360.000,40,1370.000,5,1390.000,9,1530.000,1,0.000,0,0,5,
111813916000,1370.000,5,1320.000,30,1310.000,5,1210.000,9,1200.000,1,14.500,9,1360.000,30,1370.000,5,1390.000,9,1530.000,1,0.000,0,0,5,
111819916000,1370.000,5,1320.000,40,1310.000,5,1210.000,9,1200.000,1,14.500,9,1360.000,40,1370.000,5,1390.000,9,1530.000,1,0.000,0,0,5,
111829917000,1370.000,5,1320.000,40,1310.000,5,1210.000,9,1200.000,1,14.500,9,1360.000,40,1370.000,8,1390.000,9,1530.000,1,0.000,0,0,5,
111831042000,1370.000,5,1320.000,40,1310.000,5,1210.000,9,1200.000,1,14.500,9,1360.000,40,1370.000,5,1390.000,9,1530.000,1,0.000,0,0,5,
111839291000,1370.000,5,1320.000,40,1310.000,5,1210.000,9,1200.000,1,14.500,9,1360.000,40,1370.000,5,1390.000,9,1530.000,1,0.000,0,0,5,
111844919000,1370.000,5,1320.000,30,1310.000,5,1210.000,9,1200.000,1,14.500,9,1360.000,30,1370.000,5,1390.000,9,1530.000,1,0.000,0,0,5,
111849541000,1370.000,5,1320.000,40,1310.000,5,1210.000,9,1200.000,1,14.500,9,1360.000,40,1370.000,5,1390.000,9,1530.000,1,0.000,0,0,5,
111909541000,1370.000,5,1320.000,30,1310.000,5,1210.000,9,1200.000,1,14.500,9,1360.000,30,1370.000,5,1390.000,9,1530.000,1,0.000,0,0,5,
111920291000,1370.000,5,1320.000,40,1310.000,5,1210.000,9,1200.000,1,14.500,9,1360.000,40,1370.000,5,1390.000,9,1530.000,1,0.000,0,0,5,
111926166000,1370.000,5,1320.000,40,1310.000,5,1210.000,9,1200.000,1,14.500,9,1360.000,40,1370.000,8,1390.000,9,1530.000,1,0.000,0,0,5,
111929542000,1370.000,5,1320.000,40,1310.000,5,1210.000,9,1200.000,1,14.500,9,1360.000,40,1370.000,5,1390.000,9,1530.000,1,0.000,0,0,5,
111940417000,1370.000,5,1320.000,30,1310.000,5,1210.000,9,1200.000,1,14.500,9,1360.000,30,1370.000,5,1390.000,9,1530.000,1,0.000,0,0,5,
111946042000,1370.000,5,1320.000,40,1310.000,5,1210.000,9,1200.000,1,14.500,9,1360.000,40,1370.000,5,1390.000,9,1530.000,1,0.000,0,0,5,
112006043000,1370.000,5,1320.000,30,1310.000,5,1210.000,9,1200.000,1,14.500,9,1360.000,30,1370.000,5,1390.000,9,1530.000,1,0.000,0,0,5,
112011541000,1370.000,5,1320.000,40,1310.000,5,1210.000,9,1200.000,1,14.500,9,1360.000,40,1370.000,5,1390.000,9,1530.000,1,0.000,0,0,5,
112027666000,1370.000,5,1320.000,40,1310.000,5,1210.000,9,1200.000,1,14.500,9,1360.000,40,1370.000,8,1390.000,9,1530.000,1,0.000,0,0,5,
112028167000,1370.000,5,1320.000,40,1310.000,5,1210.000,9,1200.000,1,14.500,9,1360.000,40,1370.000,5,1390.000,9,1530.000,1,0.000,0,0,5,
112031666000,1370.000,5,1320.000,30,1310.000,5,1210.000,9,1200.000,1,14.500,9,1360.000,30,1370.000,5,1390.000,9,1530.000,1,0.000,0,0,5,
112037043000,1370.000,5,1320.000,40,1310.000,5,1210.000,9,1200.000,1,14.500,9,1360.000,40,1370.000,5,1390.000,9,1530.000,1,0.000,0,0,5,
112040167000,1370.000,5,1320.000,40,1310.000,5,1210.000,9,1200.000,1,14.500,9,1360.000,40,1370.000,8,1390.000,9,1530.000,1,0.000,0,0,5,
112043541000,1370.000,5,1320.000,40,1310.000,5,1210.000,9,1200.000,1,14.500,9,1360.000,40,1370.000,5,1390.000,9,1530.000,1,0.000,0,0,5,
112044043000,1370.000,5,1320.000,40,1310.000,5,1210.000,9,1200.000,1,14.500,9,1360.000,40,1370.000,8,1390.000,9,1530.000,1,0.000,0,0,5,
112046667000,1370.000,5,1320.000,40,1310.000,5,1210.000,9,1200.000,1,14.500,9,1360.000,40,1370.000,5,1390.000,9,1530.000,1,0.000,0,0,5,
112047292000,1370.000,5,1320.000,30,1310.000,5,1200.000,1,14.500,9,14.000,1,1360.000,30,1370.000,5,1530.000,1,0.000,0,0.000,0,0,5,
112052417000,1370.000,5,1320.000,20,1310.000,5,1200.000,1,14.500,9,14.000,1,1360.000,20,1370.000,8,1530.000,1,0.000,0,0.000,0,0,5,
112055793000,1370.000,5,1320.000,40,1310.000,5,1200.000,1,14.500,9,14.000,1,1360.000,40,1370.000,8,1530.000,1,0.000,0,0.000,0,0,5,
112055917000,1370.000,5,1320.000,40,1310.000,5,1200.000,1,14.500,9,14.000,1,1360.000,40,1370.000,5,1530.000,1,0.000,0,0.000,0,0,5,
112100293000,1370.000,5,1320.000,30,1310.000,5,1200.000,1,14.500,9,14.000,1,1360.000,30,1370.000,5,1530.000,1,0.000,0,0.000,0,0,5,
112103041000,1370.000,5,1320.000,20,1310.000,5,1200.000,1,14.500,9,14.000,1,1360.000,20,1370.000,5,1530.000,1,0.000,0,0.000,0,0,5,
112106042000,1370.000,5,1320.000,40,1310.000,5,1200.000,1,14.500,9,14.000,1,1360.000,40,1370.000,5,1530.000,1,0.000,0,0.000,0,0,5,
112118794000,1370.000,5,1320.000,30,1310.000,5,1200.000,1,14.500,9,14.000,1,1360.000,30,1370.000,5,1530.000,1,0.000,0,0.000,0,0,5,
112124041000,1370.000,5,1320.000,40,1310.000,5,1200.000,1,14.500,9,14.000,1,1360.000,40,1370.000,5,1530.000,1,0.000,0,0.000,0,0,5,
112127919000,1370.000,5,1320.000,30,1310.000,5,1200.000,1,14.500,9,14.000,1,1360.000,30,1370.000,5,1530.000,1,0.000,0,0.000,0,0,5,
112133667000,1370.000,5,1320.000,40,1310.000,5,1200.000,1,14.500,9,14.000,1,1360.000,40,1370.000,5,1530.000,1,0.000,0,0.000,0,0,5,
112138044000,1370.000,5,1320.000,30,1310.000,5,1200.000,1,14.500,9,14.000,1,1360.000,30,1370.000,5,1530.000,1,0.000,0,0.000,0,0,5,
112144166000,1370.000,5,1320.000,40,1310.000,5,1200.000,1,14.500,9,14.000,1,1360.000,40,1370.000,5,1530.000,1,0.000,0,0.000,0,0,5,
112204166000,1370.000,5,1320.000,30,1310.000,5,1200.000,1,14.500,9,14.000,1,1360.000,30,1370.000,5,1530.000,1,0.000,0,0.000,0,0,5,
112210166000,1370.000,5,1320.000,40,1310.000,5,1200.000,1,14.500,9,14.000,1,1360.000,40,1370.000,5,1530.000,1,0.000,0,0.000,0,0,5,
112216546000,1370.000,5,1320.000,20,1310.000,5,1200.000,1,14.500,9,14.000,1,1360.000,20,1370.000,5,1530.000,1,0.000,0,0.000,0,0,5,
112218794000,1370.000,5,1310.000,5,1200.000,1,14.500,9,14.000,1,8.100,9,1370.000,5,1380.000,3,1530.000,1,0.000,0,0.000,0,0,5,
112220793000,1370.000,5,1320.000,20,1310.000,5,1200.000,1,14.500,9,14.000,1,1360.000,20,1370.000,5,1380.000,3,1530.000,1,0.000,0,0,5,
112221918000,1370.000,5,1320.000,20,1310.000,5,1200.000,1,14.500,9,14.000,1,1360.000,20,1370.000,5,1530.000,1,0.000,0,0.000,0,0,5,
112225041000,1370.000,5,1320.000,40,1310.000,5,1200.000,1,14.500,9,14.000,1,1360.000,40,1370.000,5,1530.000,1,0.000,0,0.000,0,0,5,
112225544000,1370.000,5,1320.000,20,1310.000,5,1200.000,1,14.500,9,14.000,1,1360.000,20,1370.000,5,1530.000,1,0.000,0,0.000,0,0,5,
112227292000,1370.000,5,1320.000,20,1310.000,5,1200.000,1,14.500,9,14.000,1,1360.000,20,1370.000,8,1530.000,1,0.000,0,0.000,0,0,5,
112227416000,1370.000,5,1310.000,5,1300.000,9,1200.000,1,14.500,9,14.000,1,1370.000,17,1530.000,1,0.000,0,0.000,0,0.000,0,0,5,
112237792000,1370.000,5,1320.000,20,1310.000,5,1300.000,9,1200.000,1,14.500,9,1360.000,20,1370.000,17,1530.000,1,0.000,0,0.000,0,0,5,
112240541000,1370.000,5,1320.000,20,1310.000,5,1300.000,9,1200.000,1,14.500,9,1360.000,20,1370.000,14,1530.000,1,0.000,0,0.000,0,0,5,
112245792000,1370.000,5,1310.000,5,1300.000,9,1200.000,1,14.500,9,14.000,1,1370.000,17,1530.000,1,0.000,0,0.000,0,0.000,0,0,5,
112250791000,1370.000,5,1320.000,30,1310.000,5,1300.000,9,1200.000,1,14.500,9,1360.000,30,1370.000,17,1530.000,1,0.000,0,0.000,0,0,5,
112253791000,1370.000,5,1310.000,5,1300.000,9,1200.000,1,14.500,9,14.000,1,1370.000,17,1530.000,1,0.000,0,0.000,0,0.000,0,0,5,
112306667000,1370.000,5,1310.000,5,1300.000,12,1200.000,1,14.500,9,14.000,1,1370.000,17,1530.000,1,0.000,0,0.000,0,0.000,0,0,5,
112308416000,1370.000,5,1310.000,5,1300.000,9,1200.000,1,14.500,9,14.000,1,1370.000,17,1530.000,1,0.000,0,0.000,0,0.000,0,0,5,
112320792000,1370.000,5,1320.000,30,1310.000,5,1300.000,9,1200.000,1,14.500,9,1360.000,30,1370.000,17,1530.000,1,0.000,0,0.000,0,0,5,
112325792000,1370.000,5,1310.000,5,1300.000,9,1200.000,1,14.500,9,14.000,1,1370.000,17,1530.000,1,0.000,0,0.000,0,0.000,0,0,5,
112337791000,1370.000,5,1320.000,30,1310.000,5,1300.000,9,1200.000,1,14.500,9,1360.000,30,1370.000,17,1530.000,1,0.000,0,0.000,0,0,5,
112338416000,1370.000,5,1310.000,5,1300.000,9,1200.000,1,14.500,9,14.000,1,1370.000,17,1530.000,1,0.000,0,0.000,0,0.000,0,0,5,
112408791000,1370.000,5,1320.000,30,1310.000,5,1300.000,9,1200.000,1,14.500,9,1360.000,30,1370.000,17,1530.000,1,0.000,0,0.000,0,0,5,
112409417000,1370.000,5,1310.000,5,1300.000,9,1200.000,1,14.500,9,14.000,1,1370.000,17,1530.000,1,0.000,0,0.000,0,0.000,0,0,5,
112420792000,1370.000,5,1300.000,9,1290.000,3,1200.000,1,14.500,9,14.000,1,1370.000,17,1530.000,1,0.000,0,0.000,0,0.000,0,0,5,
112428793000,1370.000,5,1300.000,9,1200.000,1,14.500,9,14.000,1,8.100,9,1370.000,14,1530.000,1,0.000,0,0.000,0,0.000,0,0,5,
112431041000,1370.000,5,1300.000,9,1200.000,1,14.500,9,14.000,1,8.100,9,1370.000,17,1530.000,1,0.000,0,0.000,0,0.000,0,0,5,
112434041000,1370.000,5,1300.000,9,1290.000,3,1200.000,1,14.500,9,14.000,1,1370.000,17,1530.000,1,0.000,0,0.000,0,0.000,0,0,5,
112444166000,1370.000,5,1300.000,9,1200.000,1,14.500,9,14.000,1,8.100,9,1370.000,17,1530.000,1,0.000,0,0.000,0,0.000,0,0,5,
112449416000,1370.000,5,1300.000,9,1290.000,3,1200.000,1,14.500,9,14.000,1,1370.000,17,1530.000,1,0.000,0,0.000,0,0.000,0,0,5,
112450416000,1370.000,5,1300.000,9,1200.000,1,14.500,9,14.000,1,8.100,9,1370.000,17,1530.000,1,0.000,0,0.000,0,0.000,0,0,5,
112451416000,1370.000,5,1300.000,14,1200.000,1,14.500,9,14.000,1,8.100,9,1370.000,17,1530.000,1,0.000,0,0.000,0,0.000,0,0,5,
112451542000,1370.000,5,1300.000,14,1290.000,3,1200.000,1,14.500,9,14.000,1,1370.000,17,1530.000,1,0.000,0,0.000,0,0.000,0,0,5,
112453541000,1370.000,5,1300.000,14,1200.000,1,14.500,9,14.000,1,8.100,9,1370.000,17,1530.000,1,0.000,0,0.000,0,0.000,0,0,5,
112502919000,1370.000,5,1300.000,14,1200.000,1,14.500,9,14.000,1,8.100,9,1370.000,14,1530.000,1,0.000,0,0.000,0,0.000,0,0,5,
112503042000,1370.000,5,1300.000,14,1200.000,1,14.500,9,14.000,1,8.100,9,1370.000,14,1380.000,3,1530.000,1,0.000,0,0.000,0,0,5,
112506042000,1370.000,5,1300.000,14,1200.000,1,14.500,9,14.000,1,8.100,9,1370.000,17,1530.000,1,0.000,0,0.000,0,0.000,0,0,5,
112530166000,1370.000,5,1300.000,14,1290.000,3,1200.000,1,14.500,9,14.000,1,1370.000,17,1530.000,1,0.000,0,0.000,0,0.000,0,0,5,
112539792000,1370.000,5,1300.000,14,1200.000,1,14.500,9,14.000,1,8.100,9,1370.000,14,1530.000,1,0.000,0,0.000,0,0.000,0,0,5,
112540792000,1370.000,5,1300.000,14,1200.000,1,14.500,9,14.000,1,8.100,9,1370.000,14,1380.000,3,1530.000,1,0.000,0,0.000,0,0,5,
112542916000,1370.000,5,1300.000,14,1200.000,1,14.500,9,14.000,1,8.100,9,1370.000,17,1530.000,1,0.000,0,0.000,0,0.000,0,0,5,
112602791000,1370.000,5,1320.000,40,1300.000,14,1200.000,1,14.500,9,14.000,1,1360.000,40,1370.000,17,1530.000,1,0.000,0,0.000,0,0,5,
112603166000,1370.000,5,1320.000,30,1300.000,14,1200.000,1,14.500,9,14.000,1,1360.000,30,1370.000,17,1530.000,1,0.000,0,0.000,0,0,5,
112603416000,1370.000,5,1300.000,14,1200.000,1,14.500,9,14.000,1,8.100,9,1370.000,17,1530.000,1,0.000,0,0.000,0,0.000,0,0,5,
112604417000,1370.000,5,1320.000,20,1300.000,14,1200.000,1,14.500,9,14.000,1,1360.000,20,1370.000,17,1530.000,1,0.000,0,0.000,0,0,5,
112604541000,1370.000,5,1320.000,40,1300.000,14,1200.000,1,14.500,9,14.000,1,1360.000,40,1370.000,17,1530.000,1,0.000,0,0.000,0,0,5,
112605041000,1370.000,5,1320.000,30,1300.000,14,1200.000,1,14.500,9,14.000,1,1360.000,30,1370.000,17,1530.000,1,0.000,0,0.000,0,0,5,
112605416000,1370.000,5,1300.000,14,1200.000,1,14.500,9,14.000,1,8.100,9,1370.000,17,1530.000,1,0.000,0,0.000,0,0.000,0,0,5,
112607792000,1370.000,5,1320.000,20,1300.000,14,1200.000,1,14.500,9,14.000,1,1360.000,20,1370.000,17,1530.000,1,0.000,0,0.000,0,0,5,
112610543000,1370.000,5,1320.000,20,1300.000,14,1200.000,1,14.500,9,14.000,1,1360.000,20,1370.000,14,1530.000,1,0.000,0,0.000,0,0,5,
112620916000,1370.000,5,1320.000,30,1300.000,14,1200.000,1,14.500,9,14.000,1,1360.000,30,1370.000,14,1530.000,1,0.000,0,0.000,0,0,5,
112625042000,1370.000,5,1320.000,40,1300.000,14,1200.000,1,14.500,9,14.000,1,1360.000,40,1370.000,14,1530.000,1,0.000,0,0.000,0,0,5,
112641042000,1370.000,5,1320.000,40,1300.000,14,1200.000,1,14.500,9,14.000,1,1360.000,40,1370.000,14,1530.000,1,0.000,0,0.000,0,0,5,
112645917000,1370.000,5,1320.000,10,1300.000,14,1200.000,1,14.500,9,14.000,1,1360.000,10,1370.000,14,1530.000,1,0.000,0,0.000,0,0,5,
112648666000,1370.000,5,1300.000,14,1290.000,3,1200.000,1,14.500,9,14.000,1,1370.000,14,1380.000,3,1530.000,1,0.000,0,0.000,0,0,5,
112650666000,1370.000,5,1300.000,14,1200.000,1,14.500,9,14.000,1,8.100,9,1370.000,14,1530.000,1,0.000,0,0.000,0,0.000,0,0,5,
112651042000,1370.000,5,1300.000,14,1290.000,3,1200.000,1,14.500,9,14.000,1,1370.000,14,1380.000,3,1530.000,1,0.000,0,0.000,0,0,5,
112651541000,1370.000,5,1320.000,30,1300.000,14,1290.000,3,1200.000,1,14.500,9,1360.000,30,1370.000,14,1380.000,3,1530.000,1,0.000,0,0,5,
112651916000,1370.000,5,1320.000,10,1300.000,14,1290.000,3,1200.000,1,14.500,9,1360.000,10,1370.000,14,1380.000,3,1530.000,1,0.000,0,0,5,
112656041000,1370.000,5,1300.000,14,1290.000,3,1200.000,1,14.500,9,14.000,1,1370.000,14,1380.000,3,1530.000,1,0.000,0,0.000,0,0,5,
112703042000,1370.000,5,1300.000,14,1200.000,1,14.500,9,14.000,1,8.100,9,1370.000,14,1530.000,1,0.000,0,0.000,0,0.000,0,0,5,
112703167000,1370.000,5,1300.000,14,1290.000,3,1200.000,1,14.500,9,14.000,1,1370.000,14,1380.000,3,1530.000,1,0.000,0,0.000,0,0,5,
112703541000,1370.000,5,1320.000,30,1300.000,14,1290.000,3,1200.000,1,14.500,9,1360.000,30,1370.000,14,1380.000,3,1530.000,1,0.000,0,0,5,
112704541000,1370.000,5,1300.000,14,1290.000,3,1200.000,1,14.500,9,14.000,1,1370.000,14,1380.000,3,1530.000,1,0.000,0,0.000,0,0,5,
112706166000,1370.000,5,1300.000,14,1200.000,1,14.500,9,14.000,1,8.100,9,1370.000,14,1530.000,1,0.000,0,0.000,0,0.000,0,0,5,
112706291000,1370.000,5,1300.000,14,1290.000,3,1200.000,1,14.500,9,14.000,1,1370.000,14,1380.000,3,1530.000,1,0.000,0,0.000,0,0,5,
112727792000,1370.000,5,1320.000,40,1300.000,14,1290.000,3,1200.000,1,14.500,9,1360.000,40,1370.000,14,1380.000,3,1530.000,1,0.000,0,0,5,
112737048000,1370.000,5,1320.000,30,1300.000,14,1290.000,3,1200.000,1,14.500,9,1360.000,30,1370.000,14,1380.000,3,1530.000,1,0.000,0,0,5,
112742917000,1370.000,5,1320.000,40,1300.000,14,1290.000,3,1200.000,1,14.500,9,1360.000,40,1370.000,14,1380.000,3,1530.000,1,0.000,0,0,5,
112743167000,1370.000,5,1320.000,30,1300.000,14,1290.000,3,1200.000,1,14.500,9,1360.000,30,1370.000,14,1380.000,3,1530.000,1,0.000,0,0,5,
112756916000,1370.000,5,1320.000,40,1300.000,14,1290.000,3,1200.000,1,14.500,9,1360.000,40,1370.000,14,1380.000,3,1530.000,1,0.000,0,0,5,
112802917000,1370.000,5,1320.000,40,1300.000,14,1290.000,3,1200.000,1,14.500,9,1360.000,40,1370.000,14,1380.000,3,1530.000,1,0.000,0,0,5,
112823041000,1370.000,5,1320.000,40,1300.000,14,1290.000,3,1200.000,1,14.500,9,1360.000,40,1370.000,14,1380.000,3,1530.000,1,0.000,0,0,5,
112829292000,1370.000,5,1320.000,30,1300.000,14,1290.000,3,1200.000,1,14.500,9,1360.000,30,1370.000,14,1380.000,3,1530.000,1,0.000,0,0,5,
112829542000,1370.000,5,1300.000,14,1290.000,3,1200.000,1,14.500,9,14.000,1,1370.000,14,1380.000,3,1530.000,1,0.000,0,0.000,0,0,5,
112830916000,1370.000,5,1320.000,20,1300.000,14,1290.000,3,1200.000,1,14.500,9,1360.000,20,1370.000,14,1380.000,3,1530.000,1,0.000,0,0,5,
112831042000,1370.000,5,1320.000,30,1300.000,14,1290.000,3,1200.000,1,14.500,9,1360.000,30,1370.000,14,1380.000,3,1530.000,1,0.000,0,0,5,
112834166000,1370.000,5,1320.000,40,1300.000,14,1290.000,3,1200.000,1,14.500,9,1360.000,40,1370.000,14,1380.000,3,1530.000,1,0.000,0,0,5,
112839668000,1370.000,5,1320.000,30,1300.000,14,1290.000,3,1200.000,1,14.500,9,1360.000,30,1370.000,14,1380.000,3,1530.000,1,0.000,0,0,5,
112840042000,1370.000,5,1300.000,14,1290.000,3,1200.000,1,14.500,9,14.000,1,1370.000,14,1380.000,3,1530.000,1,0.000,0,0.000,0,0,5,
112842291000,1370.000,5,1300.000,14,1200.000,1,14.500,9,14.000,1,8.100,9,1370.000,14,1530.000,1,0.000,0,0.000,0,0.000,0,0,5,
112843042000,1370.000,5,1300.000,14,1290.000,3,1200.000,1,14.500,9,14.000,1,1370.000,14,1380.000,3,1530.000,1,0.000,0,0.000,0,0,5,
112848541000,1370.000,5,1300.000,14,1200.000,1,14.500,9,14.000,1,8.100,9,1370.000,14,1530.000,1,0.000,0,0.000,0,0.000,0,0,5,
112848667000,1370.000,5,1300.000,14,1290.000,3,1200.000,1,14.500,9,14.000,1,1370.000,14,1380.000,3,1530.000,1,0.000,0,0.000,0,0,5,
112902791000,1370.000,5,1320.000,20,1300.000,14,1290.000,3,1200.000,1,14.500,9,1360.000,20,1370.000,14,1380.000,3,1530.000,1,0.000,0,0,5,
112903041000,1370.000,5,1300.000,14,1290.000,3,1200.000,1,14.500,9,14.000,1,1370.000,14,1380.000,3,1530.000,1,0.000,0,0.000,0,0,5,
112917045000,1370.000,5,1320.000,40,1300.000,14,1290.000,3,1200.000,1,14.500,9,1360.000,40,1370.000,14,1380.000,3,1530.000,1,0.000,0,0,5,
112922047000,1370.000,5,1320.000,40,1300.000,14,1200.000,1,14.500,9,14.000,1,1360.000,40,1370.000,14,1530.000,1,0.000,0,0.000,0,0,5,
112935792000,1370.000,5,1320.000,40,1300.000,14,1200.000,1,14.500,9,14.000,1,1360.000,40,1370.000,14,1530.000,1,0.000,0,0.000,0,0,5,
112940293000,1370.000,5,1320.000,30,1300.000,14,1200.000,1,14.500,9,14.000,1,1360.000,30,1370.000,14,1530.000,1,0.000,0,0.000,0,0,5,
112952293000,1370.000,5,1320.000,20,1300.000,14,1200.000,1,14.500,9,14.000,1,1360.000,20,1370.000,14,1530.000,1,0.000,0,0.000,0,0,5,
113014667000,1370.000,5,1320.000,20,1310.000,5,1300.000,9,1200.000,1,14.500,9,1360.000,20,1370.000,14,1530.000,1,0.000,0,0.000,0,0,5,
113015792000,1370.000,5,1320.000,30,1310.000,5,1300.000,9,1200.000,1,14.500,9,1360.000,30,1370.000,14,1530.000,1,0.000,0,0.000,0,0,5,
113015916000,1370.000,5,1320.000,40,1310.000,5,1300.000,9,1200.000,1,14.500,9,1360.000,40,1370.000,14,1530.000,1,0.000,0,0.000,0,0,5,
113035916000,1370.000,5,1320.000,40,1310.000,5,1300.000,9,1200.000,1,14.500,9,1360.000,40,1370.000,14,1530.000,1,0.000,0,0.000,0,0,5,
113055916000,1370.000,5,1320.000,40,1310.000,5,1300.000,9,1200.000,1,14.500,9,1360.000,40,1370.000,14,1530.000,1,0.000,0,0.000,0,0,5,
113056418000,1370.000,5,1320.000,40,1310.000,8,1300.000,9,1200.000,1,14.500,9,1360.000,40,1370.000,14,1530.000,1,0.000,0,0.000,0,0,5,
113058041000,1370.000,5,1320.000,40,1310.000,5,1300.000,9,1200.000,1,14.500,9,1360.000,40,1370.000,14,1530.000,1,0.000,0,0.000,0,0,5,
113102417000,1370.000,5,1320.000,20,1310.000,5,1300.000,9,1200.000,1,14.500,9,1360.000,20,1370.000,14,1530.000,1,0.000,0,0.000,0,0,5,
113104043000,1370.000,5,1330.000,20,1310.000,5,1300.000,9,1200.000,1,14.500,9,1370.000,34,1530.000,1,0.000,0,0.000,0,0.000,0,0,5,
113106041000,1370.000,5,1310.000,5,1300.000,12,1200.000,1,14.500,9,14.000,1,1370.000,14,1530.000,1,0.000,0,0.000,0,0.000,0,0,5,
113115042000,1370.000,5,1320.000,20,1310.000,5,1300.000,12,1200.000,1,14.500,9,1360.000,20,1370.000,14,1530.000,1,0.000,0,0.000,0,0,5,
113133041000,1370.000,5,1310.000,5,1300.000,12,1200.000,1,14.500,9,14.000,1,1370.000,14,1530.000,1,0.000,0,0.000,0,0.000,0,0,5,
113134042000,1370.000,5,1320.000,20,1310.000,5,1300.000,12,1200.000,1,14.500,9,1360.000,20,1370.000,14,1530.000,1,0.000,0,0.000,0,0,5,
113159416000,1370.000,5,1320.000,30,1310.000,5,1300.000,12,1200.000,1,14.500,9,1360.000,30,1370.000,14,1530.000,1,0.000,0,0.000,0,0,5,
113202917000,1370.000,5,1330.000,20,1310.000,5,1300.000,12,1200.000,1,14.500,9,1370.000,34,1530.000,1,0.000,0,0.000,0,0.000,0,0,5,
113203666000,1370.000,5,1310.000,5,1300.000,12,1200.000,1,14.500,9,14.000,1,1370.000,14,1530.000,1,0.000,0,0.000,0,0.000,0,0,5,
113207048000,1370.000,5,1330.000,30,1310.000,5,1300.000,12,1200.000,1,14.500,9,1370.000,44,1530.000,1,0.000,0,0.000,0,0.000,0,0,5,
113207168000,1370.000,5,1330.000,40,1310.000,5,1300.000,12,1200.000,1,14.500,9,1370.000,54,1530.000,1,0.000,0,0.000,0,0.000,0,0,5,
113209668000,1370.000,5,1330.000,30,1310.000,5,1300.000,12,1200.000,1,14.500,9,1370.000,44,1530.000,1,0.000,0,0.000,0,0.000,0,0,5,
113210793000,1370.000,5,1330.000,20,1310.000,5,1300.000,12,1200.000,1,14.500,9,1370.000,34,1530.000,1,0.000,0,0.000,0,0.000,0,0,5,
113212791000,1370.000,5,1310.000,5,1300.000,12,1200.000,1,14.500,9,14.000,1,1370.000,14,1530.000,1,0.000,0,0.000,0,0.000,0,0,5,
113213791000,1370.000,5,1330.000,20,1310.000,5,1300.000,12,1200.000,1,14.500,9,1370.000,34,1530.000,1,0.000,0,0.000,0,0.000,0,0,5,
113221667000,1370.000,5,1330.000,20,1310.000,5,1300.000,12,1200.000,1,14.500,9,1370.000,34,1380.000,3,1530.000,1,0.000,0,0.000,0,0,5,
113224416000,1370.000,5,1330.000,20,1310.000,5,1300.000,9,1200.000,1,14.500,9,1370.000,34,1380.000,3,1530.000,1,0.000,0,0.000,0,0,5,
113225041000,1370.000,5,1330.000,40,1310.000,5,1300.000,9,1200.000,1,14.500,9,1370.000,54,1380.000,3,1530.000,1,0.000,0,0.000,0,0,5,
113226169000,1370.000,5,1330.000,30,1310.000,5,1300.000,9,1200.000,1,14.500,9,1370.000,44,1380.000,3,1530.000,1,0.000,0,0.000,0,0,5,
113227542000,1370.000,5,1330.000,30,1310.000,5,1300.000,9,1200.000,1,14.500,9,1370.000,44,1530.000,1,0.000,0,0.000,0,0.000,0,0,5,
113232668000,1370.000,5,1330.000,30,1310.000,5,1300.000,9,1200.000,1,14.500,9,1370.000,44,1380.000,3,1530.000,1,0.000,0,0.000,0,0,5,
113233791000,1370.000,5,1330.000,30,1310.000,5,1300.000,9,1200.000,1,14.500,9,1370.000,44,1530.000,1,0.000,0,0.000,0,0.000,0,0,5,
113245041000,1370.000,5,1330.000,20,1310.000,5,1300.000,9,1200.000,1,14.500,9,1370.000,34,1530.000,1,0.000,0,0.000,0,0.000,0,0,5,
113247794000,1370.000,5,1310.000,5,1300.000,9,1200.000,1,14.500,9,14.000,1,1370.000,14,1530.000,1,0.000,0,0.000,0,0.000,0,0,5,
113247918000,1370.000,5,1310.000,5,1300.000,12,1200.000,1,14.500,9,14.000,1,1370.000,14,1530.000,1,0.000,0,0.000,0,0.000,0,0,5,
113252791000,1370.000,5,1330.000,30,1310.000,5,1300.000,12,1200.000,1,14.500,9,1370.000,44,1530.000,1,0.000,0,0.000,0,0.000,0,0,5,
113259917000,1370.000,5,1330.000,40,1310.000,5,1300.000,12,1200.000,1,14.500,9,1370.000,54,1530.000,1,0.000,0,0.000,0,0.000,0,0,5,
113305420000,1370.000,5,1330.000,30,1310.000,5,1300.000,12,1200.000,1,14.500,9,1370.000,44,1530.000,1,0.000,0,0.000,0,0.000,0,0,5,
113305666000,1370.000,5,1310.000,5,1300.000,12,1200.000,1,14.500,9,14.000,1,1370.000,14,1530.000,1,0.000,0,0.000,0,0.000,0,0,5,
113307792000,1370.000,5,1320.000,20,1310.000,5,1300.000,12,1200.000,1,14.500,9,1360.000,20,1370.000,14,1530.000,1,0.000,0,0.000,0,0,5,
113322792000,1370.000,5,1310.000,5,1300.000,12,1200.000,1,14.500,9,14.000,1,1370.000,14,1530.000,1,0.000,0,0.000,0,0.000,0,0,5,
113325167000,1370.000,5,1320.000,20,1310.000,5,1300.000,12,1200.000,1,14.500,9,1360.000,20,1370.000,14,1530.000,1,0.000,0,0.000,0,0,5,
113332792000,1370.000,5,1310.000,5,1300.000,12,1200.000,1,14.500,9,14.000,1,1370.000,14,1530.000,1,0.000,0,0.000,0,0.000,0,0,5,
113333792000,1370.000,5,1320.000,20,1310.000,5,1300.000,12,1200.000,1,14.500,9,1360.000,20,1370.000,14,1530.000,1,0.000,0,0.000,0,0,5,
113337166000,1370.000,5,1310.000,5,1300.000,12,1200.000,1,14.500,9,14.000,1,1370.000,14,1530.000,1,0.000,0,0.000,0,0.000,0,0,5,
113338167000,1370.000,5,1320.000,20,1310.000,5,1300.000,12,1200.000,1,14.500,9,1360.000,20,1370.000,14,1530.000,1,0.000,0,0.000,0,0,5,
113402791000,1370.000,5,1310.000,5,1300.000,12,1200.000,1,14.500,9,14.000,1,1370.000,14,1530.000,1,0.000,0,0.000,0,0.000,0,0,5,
113407791000,1370.000,5,1330.000,30,1310.000,5,1300.000,12,1200.000,1,14.500,9,1370.000,44,1530.000,1,0.000,0,0.000,0,0.000,0,0,5,
113411167000,1370.000,5,1310.000,5,1300.000,12,1200.000,1,14.500,9,14.000,1,1370.000,14,1530.000,1,0.000,0,0.000,0,0.000,0,0,5,
113417791000,1370.000,5,1330.000,30,1310.000,5,1300.000,12,1200.000,1,14.500,9,1370.000,44,1530.000,1,0.000,0,0.000,0,0.000,0,0,5,
113425042000,1370.000,5,1330.000,30,1310.000,5,1300.000,12,1200.000,1,14.500,9,1370.000,44,1380.000,3,1530.000,1,0.000,0,0.000,0,0,5,
113425292000,1370.000,5,1330.000,30,1310.000,5,1300.000,12,1200.000,1,14.500,9,1370.000,44,1530.000,1,0.000,0,0.000,0,0.000,0,0,5,
113431791000,1370.000,5,1330.000,40,1310.000,5,1300.000,12,1200.000,1,14.500,9,1370.000,54,1530.000,1,0.000,0,0.000,0,0.000,0,0,5,
113437916000,1370.000,5,1330.000,40,1310.000,5,1300.000,12,1200.000,1,14.500,9,1370.000,54,1530.000,1,0.000,0,0.000,0,0.000,0,0,5,
113443666000,1370.000,5,1330.000,40,1310.000,5,1300.000,9,1200.000,1,14.500,9,1370.000,54,1530.000,1,0.000,0,0.000,0,0.000,0,0,5,
113445043000,1370.000,5,1330.000,40,1310.000,5,1300.000,9,1200.000,1,14.500,9,1370.000,54,1380.000,3,1530.000,1,0.000,0,0.000,0,0,5,
113446791000,1370.000,5,1330.000,40,1310.000,5,1300.000,9,1200.000,1,14.500,9,1370.000,54,1530.000,1,0.000,0,0.000,0,0.000,0,0,5,
113449541000,1370.000,5,1330.000,40,1320.000,3,1310.000,5,1300.000,9,1200.000,1,1370.000,54,1530.000,1,0.000,0,0.000,0,0.000,0,0,5,
113452917000,1370.000,5,1330.000,40,1310.000,5,1300.000,9,1200.000,1,14.500,9,1370.000,54,1530.000,1,0.000,0,0.000,0,0.000,0,0,5,
113457916000,1370.000,5,1330.000,30,1310.000,5,1300.000,9,1200.000,1,14.500,9,1370.000,44,1530.000,1,0.000,0,0.000,0,0.000,0,0,5,
113500917000,1370.000,5,1330.000,30,1310.000,5,1300.000,9,1200.000,1,14.500,9,1370.000,39,1530.000,1,0.000,0,0.000,0,0.000,0,0,5,
113514791000,1370.000,5,1330.000,40,1310.000,5,1300.000,9,1200.000,1,14.500,9,1370.000,49,1530.000,1,0.000,0,0.000,0,0.000,0,0,5,
113534166000,1370.000,5,1330.000,40,1310.000,5,1300.000,9,1200.000,1,14.500,9,1370.000,49,1380.000,5,1530.000,1,0.000,0,0.000,0,0,5,
113554291000,1370.000,5,1330.000,30,1310.000,5,1300.000,9,1200.000,1,14.500,9,1370.000,39,1380.000,5,1530.000,1,0.000,0,0.000,0,0,5,
113559916000,1370.000,5,1330.000,40,1310.000,5,1300.000,9,1200.000,1,14.500,9,1370.000,49,1380.000,5,1530.000,1,0.000,0,0.000,0,0,5,
113602046000,1370.000,5,1330.000,40,1320.000,3,1310.000,5,1300.000,9,1200.000,1,1370.000,49,1380.000,5,1530.000,1,0.000,0,0.000,0,0,5,
113603667000,1370.000,5,1330.000,40,1310.000,5,1300.000,9,1200.000,1,14.500,9,1370.000,49,1380.000,5,1530.000,1,0.000,0,0.000,0,0,5,
113620041000,1370.000,5,1330.000,30,1310.000,5,1300.000,9,1200.000,1,14.500,9,1370.000,39,1380.000,5,1530.000,1,0.000,0,0.000,0,0,5,
113623916000,1370.000,5,1330.000,20,1310.000,5,1300.000,9,1200.000,1,14.500,9,1370.000,20,1380.000,5,1530.000,1,0.000,0,0.000,0,0,5,
113630167000,1370.000,5,1310.000,5,1300.000,9,1200.000,1,14.500,9,14.000,1,1380.000,5,1390.000,9,1530.000,1,0.000,0,0.000,0,0,5,
113630292000,1370.000,5,1320.000,3,1310.000,5,1300.000,9,1200.000,1,14.500,9,1380.000,5,1390.000,12,1530.000,1,0.000,0,0.000,0,0,5,
113631416000,1370.000,5,1310.000,8,1300.000,9,1200.000,1,14.500,9,14.000,1,1380.000,5,1390.000,9,1530.000,1,0.000,0,0.000,0,0,5,
113636166000,1370.000,5,1340.000,20,1310.000,8,1300.000,9,1200.000,1,14.500,9,1380.000,25,1390.000,9,1530.000,1,0.000,0,0.000,0,0,5,
113638292000,1370.000,5,1310.000,8,1300.000,9,1200.000,1,14.500,9,14.000,1,1380.000,5,1390.000,9,1530.000,1,0.000,0,0.000,0,0,5,
113640293000,1370.000,5,1330.000,20,1310.000,8,1300.000,9,1200.000,1,14.500,9,1370.000,20,1380.000,5,1390.000,9,1530.000,1,0.000,0,0,5,
113649666000,1370.000,5,1330.000,40,1310.000,8,1300.000,9,1200.000,1,14.500,9,1370.000,40,1380.000,5,1390.000,9,1530.000,1,0.000,0,0,5,
113650918000,1370.000,5,1330.000,30,1310.000,8,1300.000,9,1200.000,1,14.500,9,1370.000,30,1380.000,5,1390.000,9,1530.000,1,0.000,0,0,5,
113658916000,1370.000,5,1330.000,30,1310.000,3,1300.000,9,1200.000,1,14.500,9,1370.000,30,1380.000,5,1390.000,9,1530.000,1,0.000,0,0,5,
113700041000,1370.000,5,1330.000,30,1320.000,5,1310.000,3,1300.000,9,1200.000,1,1370.000,30,1380.000,5,1390.000,9,1530.000,1,0.000,0,0,5,
113700545000,1370.000,5,1330.000,20,1320.000,5,1310.000,3,1300.000,9,1200.000,1,1370.000,20,1380.000,5,1390.000,9,1530.000,1,0.000,0,0,5,
113701292000,1370.000,5,1320.000,5,1310.000,3,1300.000,9,1200.000,1,14.500,9,1380.000,5,1390.000,9,1530.000,1,0.000,0,0.000,0,0,5,
113702047000,1370.000,5,1320.000,5,1300.000,9,1200.000,1,14.500,9,14.000,1,1380.000,5,1390.000,9,1530.000,1,0.000,0,0.000,0,0,5,
113702291000,1370.000,5,1340.000,20,1320.000,5,1300.000,9,1200.000,1,14.500,9,1380.000,25,1390.000,9,1530.000,1,0.000,0,0.000,0,0,5,
113702792000,1370.000,5,1320.000,5,1300.000,9,1200.000,1,14.500,9,14.000,1,1380.000,5,1390.000,9,1530.000,1,0.000,0,0.000,0,0,5,
113703166000,1370.000,5,1320.000,5,1310.000,3,1300.000,9,1200.000,1,14.500,9,1380.000,5,1390.000,9,1530.000,1,0.000,0,0.000,0,0,5,
113707916000,1370.000,5,1330.000,20,1320.000,5,1310.000,3,1300.000,9,1200.000,1,1370.000,20,1380.000,5,1390.000,9,1530.000,1,0.000,0,0,5,
113710291000,1370.000,5,1320.000,5,1310.000,3,1300.000,9,1200.000,1,14.500,9,1380.000,5,1390.000,9,1530.000,1,0.000,0,0.000,0,0,5,
113715292000,1370.000,5,1330.000,20,1320.000,5,1310.000,3,1300.000,9,1200.000,1,1370.000,20,1380.000,5,1390.000,9,1530.000,1,0.000,0,0,5,
113715791000,1370.000,5,1320.000,5,1310.000,3,1300.000,9,1200.000,1,14.500,9,1380.000,5,1390.000,9,1530.000,1,0.000,0,0.000,0,0,5,
113716791000,1370.000,5,1330.000,20,1320.000,5,1310.000,3,1300.000,9,1200.000,1,1370.000,20,1380.000,5,1390.000,9,1530.000,1,0.000,0,0,5,
113717792000,1370.000,5,1320.000,5,1310.000,3,1300.000,9,1200.000,1,14.500,9,1380.000,5,1390.000,9,1530.000,1,0.000,0,0.000,0,0,5,
113718793000,1370.000,5,1330.000,30,1320.000,5,1310.000,3,1300.000,9,1200.000,1,1370.000,30,1380.000,5,1390.000,9,1530.000,1,0.000,0,0,5,
113721291000,1370.000,5,1320.000,5,1310.000,3,1300.000,9,1200.000,1,14.500,9,1380.000,5,1390.000,9,1530.000,1,0.000,0,0.000,0,0,5,
113732792000,1370.000,5,1340.000,20,1320.000,5,1310.000,3,1300.000,9,1200.000,1,1380.000,25,1390.000,9,1530.000,1,0.000,0,0.000,0,0,5,
113732917000,1370.000,5,1340.000,30,1320.000,5,1310.000,3,1300.000,9,1200.000,1,1380.000,35,1390.000,9,1530.000,1,0.000,0,0.000,0,0,5,
113749294000,1370.000,5,1320.000,5,1310.000,3,1300.000,9,1200.000,1,14.500,9,1380.000,5,1390.000,9,1530.000,1,0.000,0,0.000,0,0,5,
113750292000,1370.000,5,1330.000,20,1320.000,5,1310.000,3,1300.000,9,1200.000,1,1370.000,20,1380.000,5,1390.000,9,1530.000,1,0.000,0,0,5,
113800291000,1370.000,5,1320.000,5,1310.000,3,1300.000,9,1200.000,1,14.500,9,1380.000,5,1390.000,9,1530.000,1,0.000,0,0.000,0,0,5,
113801291000,1370.000,5,1340.000,30,1320.000,5,1310.000,3,1300.000,9,1200.000,1,1380.000,35,1390.000,9,1530.000,1,0.000,0,0.000,0,0,5,
113804291000,1370.000,5,1320.000,5,1310.000,3,1300.000,9,1200.000,1,14.500,9,1380.000,5,1390.000,9,1530.000,1,0.000,0,0.000,0,0,5,
113821292000,1370.000,5,1330.000,20,1320.000,5,1310.000,3,1300.000,9,1200.000,1,1370.000,20,1380.000,5,1390.000,9,1530.000,1,0.000,0,0,5,
113821416000,1370.000,5,1330.000,40,1320.000,5,1310.000,3,1300.000,9,1200.000,1,1370.000,40,1380.000,5,1390.000,9,1530.000,1,0.000,0,0,5,
113827919000,1370.000,5,1330.000,10,1320.000,5,1310.000,3,1300.000,9,1200.000,1,1370.000,10,1380.000,5,1390.000,9,1530.000,1,0.000,0,0,5,
113837791000,1370.000,5,1330.000,40,1320.000,5,1310.000,3,1300.000,9,1200.000,1,1370.000,40,1380.000,5,1390.000,9,1530.000,1,0.000,0,0,5,
113840541000,1370.000,5,1330.000,40,1320.000,5,1310.000,3,1300.000,9,1200.000,1,1370.000,40,1380.000,5,1390.000,9,1530.000,1,0.000,0,0,5,
113846791000,1370.000,5,1330.000,30,1320.000,5,1310.000,3,1300.000,9,1200.000,1,1370.000,30,1380.000,5,1390.000,9,1530.000,1,0.000,0,0,5,
113854666000,1370.000,5,1330.000,40,1320.000,5,1310.000,3,1300.000,9,1200.000,1,1370.000,40,1380.000,5,1390.000,9,1530.000,1,0.000,0,0,5,
113900666000,1370.000,5,1330.000,30,1320.000,5,1310.000,3,1300.000,9,1200.000,1,1370.000,30,1380.000,5,1390.000,9,1530.000,1,0.000,0,0,5,
113902043000,1370.000,5,1330.000,20,1320.000,5,1310.000,3,1300.000,9,1200.000,1,1370.000,20,1380.000,5,1390.000,9,1530.000,1,0.000,0,0,5,
113902792000,1370.000,5,1330.000,20,1320.000,5,1300.000,9,1200.000,1,14.500,9,1370.000,20,1380.000,5,1390.000,9,1530.000,1,0.000,0,0,5,
113906791000,1370.000,5,1330.000,40,1320.000,5,1300.000,9,1200.000,1,14.500,9,1370.000,40,1380.000,5,1390.000,9,1530.000,1,0.000,0,0,5,
113907417000,1370.000,5,1330.000,30,1320.000,5,1300.000,9,1200.000,1,14.500,9,1370.000,30,1380.000,5,1390.000,9,1530.000,1,0.000,0,0,5,
113907792000,1370.000,5,1320.000,5,1300.000,9,1200.000,1,14.500,9,14.000,1,1380.000,5,1390.000,9,1530.000,1,0.000,0,0.000,0,0,5,
113911291000,1370.000,5,1300.000,9,1200.000,1,14.500,9,14.000,1,8.100,9,1380.000,5,1390.000,9,1530.000,1,0.000,0,0.000,0,0,5,
113911416000,1370.000,5,1300.000,12,1200.000,1,14.500,9,14.000,1,8.100,9,1380.000,5,1390.000,9,1530.000,1,0.000,0,0.000,0,0,5,
113911793000,1370.000,5,1330.000,20,1300.000,12,1200.000,1,14.500,9,14.000,1,1370.000,20,1380.000,5,1390.000,9,1530.000,1,0.000,0,0,5,
113912416000,1370.000,5,1330.000,20,1320.000,5,1300.000,12,1200.000,1,14.500,9,1370.000,20,1380.000,5,1390.000,9,1530.000,1,0.000,0,0,5,
113921291000,1370.000,5,1330.000,30,1320.000,5,1300.000,9,1200.000,1,14.500,9,1370.000,30,1380.000,5,1390.000,9,1530.000,1,0.000,0,0,5,
113930292000,1370.000,5,1330.000,40,1320.000,5,1300.000,9,1200.000,1,14.500,9,1370.000,40,1380.000,5,1390.000,9,1530.000,1,0.000,0,0,5,
113941293000,1370.000,5,1330.000,40,1320.000,5,1300.000,9,1200.000,1,14.500,9,1370.000,40,1380.000,5,1390.000,9,1530.000,1,0.000,0,0,5,
113943792000,1370.000,5,1330.000,40,1320.000,8,1300.000,9,1200.000,1,14.500,9,1370.000,40,1380.000,5,1390.000,9,1530.000,1,0.000,0,0,5,
113945916000,1370.000,5,1330.000,40,1320.000,5,1300.000,9,1200.000,1,14.500,9,1370.000,40,1380.000,5,1390.000,9,1530.000,1,0.000,0,0,5,
114001416000,1370.000,5,1330.000,30,1320.000,5,1300.000,9,1200.000,1,14.500,9,1370.000,30,1380.000,5,1390.000,9,1530.000,1,0.000,0,0,5,
114007166000,1370.000,5,1330.000,40,1320.000,5,1300.000,9,1200.000,1,14.500,9,1370.000,40,1380.000,5,1390.000,9,1530.000,1,0.000,0,0,5,
114027291000,1370.000,5,1330.000,30,1320.000,5,1300.000,9,1200.000,1,14.500,9,1370.000,30,1380.000,5,1390.000,9,1530.000,1,0.000,0,0,5,
114031666000,1370.000,5,1330.000,40,1320.000,5,1300.000,9,1200.000,1,14.500,9,1370.000,40,1380.000,8,1390.000,9,1530.000,1,0.000,0,0,5,
114035291000,1370.000,5,1330.000,40,1320.000,5,1300.000,9,1200.000,1,14.500,9,1370.000,40,1380.000,5,1390.000,9,1530.000,1,0.000,0,0,5,
114051791000,1370.000,5,1330.000,30,1320.000,5,1300.000,9,1200.000,1,14.500,9,1370.000,30,1380.000,5,1390.000,9,1530.000,1,0.000,0,0,5,
114057166000,1370.000,5,1330.000,40,1320.000,5,1300.000,9,1200.000,1,14.500,9,1370.000,40,1380.000,5,1390.000,9,1530.000,1,0.000,0,0,5,
114117291000,1370.000,5,1330.000,30,1320.000,5,1300.000,9,1200.000,1,14.500,9,1370.000,30,1380.000,5,1390.000,9,1530.000,1,0.000,0,0,5,
114123291000,1370.000,5,1330.000,40,1320.000,5,1300.000,9,1200.000,1,14.500,9,1370.000,40,1380.000,5,1390.000,9,1530.000,1,0.000,0,0,5,
114132917000,1370.000,5,1330.000,40,1320.000,8,1300.000,9,1200.000,1,14.500,9,1370.000,40,1380.000,8,1390.000,9,1530.000,1,0.000,0,0,5,
114133668000,1370.000,5,1330.000,40,1320.000,5,1300.000,9,1200.000,1,14.500,9,1370.000,40,1380.000,5,1390.000,9,1530.000,1,0.000,0,0,5,
114138042000,1370.000,5,1330.000,20,1320.000,5,1300.000,9,1200.000,1,14.500,9,1370.000,20,1380.000,5,1390.000,9,1530.000,1,0.000,0,0,5,
114139418000,1370.000,5,1320.000,5,1300.000,9,1200.000,1,14.500,9,14.000,1,1380.000,5,1390.000,12,1530.000,1,0.000,0,0.000,0,0,5,
114147791000,1370.000,5,1330.000,20,1320.000,5,1300.000,9,1200.000,1,14.500,9,1370.000,20,1380.000,5,1390.000,12,1530.000,1,0.000,0,0,5,
114208166000,1370.000,5,1320.000,5,1300.000,9,1200.000,1,14.500,9,14.000,1,1380.000,5,1390.000,12,1530.000,1,0.000,0,0.000,0,0,5,
114209166000,1370.000,5,1330.000,20,1320.000,5,1300.000,9,1200.000,1,14.500,9,1370.000,20,1380.000,5,1390.000,12,1530.000,1,0.000,0,0,5,
114209916000,1370.000,5,1320.000,5,1300.000,9,1200.000,1,14.500,9,14.000,1,1380.000,5,1390.000,12,1530.000,1,0.000,0,0.000,0,0,5,
114210916000,1370.000,5,1330.000,20,1320.000,5,1300.000,9,1200.000,1,14.500,9,1370.000,20,1380.000,5,1390.000,12,1530.000,1,0.000,0,0,5,
114216916000,1370.000,5,1330.000,20,1320.000,5,1300.000,9,1200.000,1,14.500,9,1370.000,20,1380.000,5,1390.000,9,1530.000,1,0.000,0,0,5,
114219291000,1370.000,5,1330.000,40,1320.000,5,1300.000,9,1200.000,1,14.500,9,1370.000,40,1380.000,5,1390.000,9,1530.000,1,0.000,0,0,5,
114239416000,1370.000,5,1330.000,40,1320.000,5,1300.000,9,1200.000,1,14.500,9,1370.000,40,1380.000,5,1390.000,9,1530.000,1,0.000,0,0,5,
114247167000,1370.000,5,1330.000,40,1320.000,8,1300.000,9,1200.000,1,14.500,9,1370.000,40,1380.000,5,1390.000,9,1530.000,1,0.000,0,0,5,
114250791000,1370.000,5,1330.000,40,1320.000,5,1300.000,9,1200.000,1,14.500,9,1370.000,40,1380.000,5,1390.000,9,1530.000,1,0.000,0,0,5,
114253166000,1370.000,5,1330.000,40,1320.000,8,1300.000,9,1200.000,1,14.500,9,1370.000,40,1380.000,5,1390.000,9,1530.000,1,0.000,0,0,5,
114253916000,1370.000,5,1330.000,40,1320.000,5,1300.000,9,1200.000,1,14.500,9,1370.000,40,1380.000,5,1390.000,9,1530.000,1,0.000,0,0,5,
114256667000,1370.000,5,1330.000,40,1320.000,8,1300.000,9,1200.000,1,14.500,9,1370.000,40,1380.000,5,1390.000,9,1530.000,1,0.000,0,0,5,
114257043000,1370.000,5,1330.000,40,1320.000,5,1300.000,9,1200.000,1,14.500,9,1370.000,40,1380.000,5,1390.000,9,1530.000,1,0.000,0,0,5,
114259416000,1370.000,5,1330.000,30,1320.000,5,1300.000,9,1200.000,1,14.500,9,1370.000,30,1380.000,5,1390.000,9,1530.000,1,0.000,0,0,5,
114303920000,1370.000,5,1330.000,20,1320.000,5,1300.000,9,1200.000,1,14.500,9,1370.000,20,1380.000,5,1390.000,9,1530.000,1,0.000,0,0,5,
114308420000,1370.000,5,1340.000,20,1320.000,5,1300.000,9,1200.000,1,14.500,9,1380.000,25,1390.000,9,1530.000,1,0.000,0,0.000,0,0,5,
114316042000,1370.000,5,1340.000,20,1320.000,5,1300.000,9,1200.000,1,14.500,9,1380.000,25,1390.000,12,1530.000,1,0.000,0,0.000,0,0,5,
114318666000,1370.000,5,1340.000,20,1320.000,5,1300.000,9,1200.000,1,14.500,9,1380.000,25,1390.000,9,1530.000,1,0.000,0,0.000,0,0,5,
114327543000,1370.000,5,1340.000,40,1320.000,5,1300.000,9,1200.000,1,14.500,9,1380.000,45,1390.000,9,1530.000,1,0.000,0,0.000,0,0,5,
114327792000,1370.000,5,1340.000,30,1320.000,5,1300.000,9,1200.000,1,14.500,9,1380.000,35,1390.000,9,1530.000,1,0.000,0,0.000,0,0,5,
114339041000,1370.000,5,1340.000,40,1320.000,5,1300.000,9,1200.000,1,14.500,9,1380.000,45,1390.000,9,1530.000,1,0.000,0,0.000,0,0,5,
114343292000,1370.000,5,1340.000,30,1320.000,5,1300.000,9,1200.000,1,14.500,9,1380.000,35,1390.000,9,1530.000,1,0.000,0,0.000,0,0,5,
114347541000,1370.000,5,1340.000,30,1320.000,5,1300.000,9,1200.000,1,14.500,9,1380.000,35,1390.000,9,1530.000,1,0.000,0,0.000,0,0,5,
114347666000,1370.000,5,1340.000,20,1320.000,5,1300.000,9,1200.000,1,14.500,9,1380.000,25,1390.000,9,1530.000,1,0.000,0,0.000,0,0,5,
114354417000,1370.000,5,1320.000,5,1300.000,9,1200.000,1,14.500,9,14.000,1,1380.000,5,1390.000,9,1530.000,1,0.000,0,0.000,0,0,5,
114354541000,1370.000,5,1320.000,5,1310.000,3,1300.000,9,1200.000,1,14.500,9,1380.000,5,1390.000,9,1530.000,1,0.000,0,0.000,0,0,5,
114355417000,1370.000,5,1340.000,20,1320.000,5,1310.000,3,1300.000,9,1200.000,1,1380.000,25,1390.000,9,1530.000,1,0.000,0,0.000,0,0,5,
114359291000,1370.000,5,1340.000,30,1320.000,5,1310.000,3,1300.000,9,1200.000,1,1380.000,35,1390.000,9,1530.000,1,0.000,0,0.000,0,0,5,
114403418000,1370.000,5,1320.000,5,1310.000,3,1300.000,9,1200.000,1,14.500,9,1380.000,5,1390.000,9,1530.000,1,0.000,0,0.000,0,0,5,
114403666000,1370.000,5,1320.000,5,1310.000,3,1300.000,9,1200.000,1,14.500,9,1390.000,9,1530.000,1,0.000,0,0.000,0,0.000,0,0,5,
114403792000,1370.000,5,1320.000,5,1310.000,3,1300.000,9,1200.000,1,14.500,9,1390.000,9,1400.000,3,1530.000,1,0.000,0,0.000,0,0,5,
114404418000,1370.000,5,1340.000,30,1320.000,5,1310.000,3,1300.000,9,1200.000,1,1380.000,30,1390.000,9,1400.000,3,1530.000,1,0.000,0,0,5,
114404791000,1370.000,5,1340.000,40,1320.000,5,1310.000,3,1300.000,9,1200.000,1,1380.000,40,1390.000,14,1400.000,3,1530.000,1,0.000,0,0,5,
114405041000,1370.000,5,1340.000,40,1320.000,5,1310.000,3,1300.000,9,1200.000,1,1380.000,40,1390.000,14,1530.000,1,0.000,0,0.000,0,0,5,
114411166000,1370.000,5,1340.000,40,1320.000,5,1300.000,9,1200.000,1,14.500,9,1380.000,40,1390.000,14,1530.000,1,0.000,0,0.000,0,0,5,
114424043000,1370.000,5,1340.000,30,1320.000,5,1300.000,9,1200.000,1,14.500,9,1380.000,30,1390.000,14,1530.000,1,0.000,0,0.000,0,0,5,
114434416000,1370.000,5,1340.000,40,1330.000,3,1320.000,5,1300.000,9,1200.000,1,1380.000,40,1390.000,14,1530.000,1,0.000,0,0.000,0,0,5,
114438916000,1370.000,5,1340.000,40,1320.000,5,1300.000,9,1200.000,1,14.500,9,1380.000,40,1390.000,14,1530.000,1,0.000,0,0.000,0,0,5,
114454542000,1370.000,5,1340.000,30,1320.000,5,1300.000,9,1200.000,1,14.500,9,1380.000,30,1390.000,14,1530.000,1,0.000,0,0.000,0,0,5,
114456042000,1370.000,5,1340.000,40,1330.000,3,1320.000,5,1300.000,9,1200.000,1,1380.000,40,1390.000,14,1530.000,1,0.000,0,0.000,0,0,5,
114457416000,1370.000,5,1340.000,40,1320.000,5,1300.000,9,1200.000,1,14.500,9,1380.000,40,1390.000,14,1530.000,1,0.000,0,0.000,0,0,5,
114503668000,1370.000,5,1340.000,20,1330.000,3,1320.000,5,1300.000,9,1200.000,1,1380.000,20,1390.000,14,1530.000,1,0.000,0,0.000,0,0,5,
114505417000,1370.000,5,1340.000,20,1330.000,3,1320.000,5,1300.000,9,1200.000,1,1380.000,20,1390.000,17,1530.000,1,0.000,0,0.000,0,0,5,
114506667000,1370.000,5,1340.000,20,1320.000,5,1300.000,9,1200.000,1,14.500,9,1380.000,20,1390.000,14,1530.000,1,0.000,0,0.000,0,0,5,
114511543000,1370.000,5,1320.000,8,1300.000,9,1200.000,1,14.500,9,14.000,1,1390.000,14,1530.000,1,0.000,0,0.000,0,0.000,0,0,5,
114512045000,1370.000,5,1320.000,8,1300.000,9,1200.000,1,14.500,9,14.000,1,1390.000,14,1400.000,3,1530.000,1,0.000,0,0.000,0,0,5,
114512543000,1370.000,5,1340.000,20,1320.000,8,1300.000,9,1200.000,1,14.500,9,1380.000,20,1390.000,14,1400.000,3,1530.000,1,0.000,0,0,5,
114512916000,1370.000,5,1340.000,20,1320.000,8,1300.000,9,1200.000,1,14.500,9,1380.000,20,1390.000,14,1530.000,1,0.000,0,0.000,0,0,5,
114516042000,1370.000,5,1340.000,20,1320.000,5,1300.000,9,1200.000,1,14.500,9,1380.000,20,1390.000,14,1530.000,1,0.000,0,0.000,0,0,5,
114517043000,1370.000,5,1320.000,8,1300.000,9,1200.000,1,14.500,9,14.000,1,1390.000,14,1530.000,1,0.000,0,0.000,0,0.000,0,0,5,
114522417000,1370.000,5,1340.000,20,1320.000,8,1300.000,9,1200.000,1,14.500,9,1380.000,20,1390.000,14,1530.000,1,0.000,0,0.000,0,0,5,
114540667000,1370.000,5,1340.000,20,1320.000,5,1300.000,9,1200.000,1,14.500,9,1380.000,20,1390.000,14,1530.000,1,0.000,0,0.000,0,0,5,
114555417000,1370.000,5,1340.000,40,1320.000,5,1300.000,9,1200.000,1,14.500,9,1380.000,40,1390.000,14,1530.000,1,0.000,0,0.000,0,0,5,
114615417000,1370.000,5,1340.000,40,1320.000,5,1300.000,9,1200.000,1,14.500,9,1380.000,40,1390.000,14,1530.000,1,0.000,0,0.000,0,0,5,
114618418000,1370.000,5,1340.000,30,1320.000,5,1300.000,9,1200.000,1,14.500,9,1380.000,30,1390.000,14,1530.000,1,0.000,0,0.000,0,0,5,
114618543000,1370.000,5,1320.000,5,1310.000,3,1300.000,9,1200.000,1,14.500,9,1390.000,14,1400.000,3,1530.000,1,0.000,0,0.000,0,0,5,
114627542000,1370.000,5,1340.000,40,1320.000,5,1310.000,3,1300.000,9,1200.000,1,1380.000,40,1390.000,14,1400.000,3,1530.000,1,0.000,0,0,5,
114629542000,1370.000,5,1340.000,10,1320.000,5,1310.000,3,1300.000,9,1200.000,1,1380.000,10,1390.000,14,1400.000,3,1530.000,1,0.000,0,0,5,
114631542000,1370.000,5,1340.000,40,1320.000,5,1310.000,3,1300.000,9,1200.000,1,1380.000,40,1390.000,14,1400.000,3,1530.000,1,0.000,0,0,5,
114633041000,1370.000,5,1340.000,40,1320.000,5,1300.000,9,1200.000,1,14.500,9,1380.000,40,1390.000,14,1530.000,1,0.000,0,0.000,0,0,5,
114651541000,1370.000,5,1340.000,40,1320.000,5,1300.000,9,1200.000,1,14.500,9,1380.000,40,1390.000,14,1530.000,1,0.000,0,0.000,0,0,5,
114711666000,1370.000,5,1340.000,30,1320.000,5,1300.000,9,1200.000,1,14.500,9,1380.000,30,1390.000,14,1530.000,1,0.000,0,0.000,0,0,5,
114714791000,1370.000,5,1340.000,40,1320.000,5,1300.000,9,1200.000,1,14.500,9,1380.000,40,1390.000,14,1530.000,1,0.000,0,0.000,0,0,5,
114734792000,1370.000,5,1340.000,30,1320.000,5,1300.000,9,1200.000,1,14.500,9,1380.000,30,1390.000,14,1530.000,1,0.000,0,0.000,0,0,5,
114740541000,1370.000,5,1340.000,40,1320.000,5,1300.000,9,1200.000,1,14.500,9,1380.000,40,1390.000,14,1530.000,1,0.000,0,0.000,0,0,5,
114741417000,1370.000,5,1340.000,40,1330.000,3,1320.000,5,1300.000,9,1200.000,1,1380.000,40,1390.000,14,1530.000,1,0.000,0,0.000,0,0,5,
114744166000,1370.000,5,1340.000,40,1320.000,5,1300.000,9,1200.000,1,14.500,9,1380.000,40,1390.000,14,1530.000,1,0.000,0,0.000,0,0,5,
114749543000,1370.000,5,1340.000,30,1320.000,5,1300.000,9,1200.000,1,14.500,9,1380.000,30,1390.000,14,1530.000,1,0.000,0,0.000,0,0,5,
114755542000,1370.000,5,1340.000,40,1320.000,5,1300.000,9,1200.000,1,14.500,9,1380.000,40,1390.000,14,1530.000,1,0.000,0,0.000,0,0,5,
114815666000,1370.000,5,1340.000,30,1320.000,5,1300.000,9,1200.000,1,14.500,9,1380.000,30,1390.000,14,1530.000,1,0.000,0,0.000,0,0,5,
114821668000,1370.000,5,1340.000,40,1320.000,5,1300.000,9,1200.000,1,14.500,9,1380.000,40,1390.000,14,1530.000,1,0.000,0,0.000,0,0,5,
114841667000,1370.000,5,1340.000,30,1320.000,5,1300.000,9,1200.000,1,14.500,9,1380.000,30,1390.000,14,1530.000,1,0.000,0,0.000,0,0,5,
114847416000,1370.000,5,1340.000,40,1320.000,5,1300.000,9,1200.000,1,14.500,9,1380.000,40,1390.000,14,1530.000,1,0.000,0,0.000,0,0,5,
114907416000,1370.000,5,1340.000,30,1320.000,5,1300.000,9,1200.000,1,14.500,9,1380.000,30,1390.000,14,1530.000,1,0.000,0,0.000,0,0,5,
114912666000,1370.000,5,1340.000,40,1320.000,5,1300.000,9,1200.000,1,14.500,9,1380.000,40,1390.000,14,1530.000,1,0.000,0,0.000,0,0,5,
114932791000,1370.000,5,1340.000,30,1320.000,5,1300.000,9,1200.000,1,14.500,9,1380.000,30,1390.000,14,1530.000,1,0.000,0,0.000,0,0,5,
114938666000,1370.000,5,1340.000,40,1320.000,5,1300.000,9,1200.000,1,14.500,9,1380.000,40,1390.000,14,1530.000,1,0.000,0,0.000,0,0,5,
114956792000,1370.000,5,1340.000,20,1320.000,5,1300.000,9,1200.000,1,14.500,9,1380.000,20,1390.000,14,1530.000,1,0.000,0,0.000,0,0,5,
114957168000,1370.000,5,1320.000,8,1300.000,9,1200.000,1,14.500,9,14.000,1,1390.000,14,1530.000,1,0.000,0,0.000,0,0.000,0,0,5,
114959542000,1370.000,5,1320.000,8,1300.000,9,1200.000,1,14.500,9,14.000,1,1390.000,17,1530.000,1,0.000,0,0.000,0,0.000,0,0,5,
114959917000,1370.000,5,1320.000,8,1300.000,9,1200.000,1,14.500,9,14.000,1,1390.000,14,1530.000,1,0.000,0,0.000,0,0.000,0,0,5,
115000167000,1370.000,5,1320.000,8,1300.000,9,1200.000,1,14.500,9,14.000,1,1390.000,17,1530.000,1,0.000,0,0.000,0,0.000,0,0,5,
115003042000,1370.000,5,1320.000,5,1310.000,3,1300.000,9,1200.000,1,14.500,9,1390.000,14,1400.000,3,1530.000,1,0.000,0,0.000,0,0,5,
115009167000,1370.000,5,1320.000,5,1300.000,9,1200.000,1,14.500,9,14.000,1,1390.000,14,1530.000,1,0.000,0,0.000,0,0.000,0,0,5,
115009542000,1370.000,5,1320.000,5,1310.000,3,1300.000,9,1200.000,1,14.500,9,1390.000,14,1400.000,3,1530.000,1,0.000,0,0.000,0,0,5,
115020416000,1370.000,5,1330.000,20,1320.000,5,1310.000,3,1300.000,9,1200.000,1,1370.000,20,1390.000,14,1400.000,3,1530.000,1,0.000,0,0,5,
115021668000,1370.000,5,1320.000,5,1310.000,3,1300.000,9,1200.000,1,14.500,9,1390.000,14,1400.000,3,1530.000,1,0.000,0,0.000,0,0,5,
115037918000,1370.000,5,1330.000,20,1320.000,5,1310.000,3,1300.000,9,1200.000,1,1370.000,20,1390.000,14,1400.000,3,1530.000,1,0.000,0,0,5,
115038042000,1370.000,5,1330.000,40,1320.000,5,1310.000,3,1300.000,9,1200.000,1,1370.000,40,1390.000,14,1400.000,3,1530.000,1,0.000,0,0,5,
115058042000,1370.000,5,1330.000,30,1320.000,5,1310.000,3,1300.000,9,1200.000,1,1370.000,30,1390.000,14,1400.000,3,1530.000,1,0.000,0,0,5,
115103791000,1370.000,5,1330.000,40,1320.000,5,1310.000,3,1300.000,9,1200.000,1,1370.000,40,1390.000,14,1400.000,3,1530.000,1,0.000,0,0,5,
115113666000,1370.000,5,1330.000,40,1320.000,5,1310.000,3,1300.000,9,1200.000,1,1370.000,40,1390.000,9,1400.000,3,1530.000,1,0.000,0,0,5,
115114416000,1370.000,5,1330.000,40,1320.000,5,1310.000,3,1300.000,9,1200.000,1,1370.000,40,1380.000,5,1390.000,9,1400.000,3,1530.000,1,0,5,
115123916000,1370.000,5,1330.000,30,1320.000,5,1310.000,3,1300.000,9,1200.000,1,1370.000,30,1380.000,5,1390.000,9,1400.000,3,1530.000,1,0,5,
115126668000,1370.000,5,1330.000,30,1320.000,5,1300.000,9,1200.000,1,14.500,9,1370.000,30,1380.000,5,1390.000,9,1530.000,1,0.000,0,0,5,
115126791000,1370.000,5,1330.000,40,1320.000,5,1300.000,9,1200.000,1,14.500,9,1370.000,40,1380.000,5,1390.000,9,1530.000,1,0.000,0,0,5,
115130668000,1370.000,5,1330.000,10,1320.000,5,1300.000,9,1200.000,1,14.500,9,1370.000,10,1380.000,5,1390.000,9,1530.000,1,0.000,0,0,5,
115132669000,1370.000,5,1330.000,10,1320.000,25,1300.000,9,1200.000,1,14.500,9,1360.000,20,1370.000,10,1380.000,5,1390.000,9,1530.000,1,0,5,
115132793000,1370.000,5,1330.000,10,1320.000,5,1300.000,9,1200.000,1,14.500,9,1370.000,10,1380.000,5,1390.000,9,1530.000,1,0.000,0,0,5,
115133793000,1370.000,5,1330.000,40,1320.000,5,1300.000,9,1200.000,1,14.500,9,1370.000,40,1380.000,5,1390.000,9,1530.000,1,0.000,0,0,5,
115141417000,1370.000,5,1330.000,30,1320.000,5,1300.000,9,1200.000,1,14.500,9,1370.000,30,1380.000,5,1390.000,9,1530.000,1,0.000,0,0,5,
115141667000,1370.000,5,1320.000,5,1300.000,9,1200.000,1,14.500,9,14.000,1,1380.000,5,1390.000,9,1530.000,1,0.000,0,0.000,0,0,5,
115141791000,1370.000,5,1320.000,5,1300.000,9,1200.000,1,14.500,9,14.000,1,1380.000,5,1390.000,12,1530.000,1,0.000,0,0.000,0,0,5,
115144666000,1370.000,5,1330.000,30,1320.000,5,1300.000,9,1200.000,1,14.500,9,1370.000,30,1380.000,5,1390.000,12,1530.000,1,0.000,0,0,5,
115145293000,1370.000,5,1330.000,20,1320.000,5,1300.000,9,1200.000,1,14.500,9,1370.000,20,1380.000,5,1390.000,12,1530.000,1,0.000,0,0,5,
115152918000,1370.000,5,1330.000,40,1320.000,5,1300.000,9,1200.000,1,14.500,9,1370.000,40,1380.000,5,1390.000,12,1530.000,1,0.000,0,0,5,
115154667000,1370.000,5,1330.000,40,1320.000,5,1300.000,9,1200.000,1,14.500,9,1370.000,40,1380.000,5,1390.000,9,1530.000,1,0.000,0,0,5,
115212916000,1370.000,5,1330.000,30,1320.000,5,1300.000,9,1200.000,1,14.500,9,1370.000,30,1380.000,5,1390.000,9,1530.000,1,0.000,0,0,5,
115213043000,1370.000,5,1330.000,20,1320.000,5,1300.000,9,1200.000,1,14.500,9,1370.000,20,1380.000,5,1390.000,9,1530.000,1,0.000,0,0,5,
115225667000,1370.000,5,1320.000,5,1300.000,9,1200.000,1,14.500,9,14.000,1,1380.000,5,1390.000,12,1530.000,1,0.000,0,0.000,0,0,5,
115227791000,1370.000,5,1330.000,20,1320.000,5,1300.000,9,1200.000,1,14.500,9,1370.000,20,1380.000,5,1390.000,12,1530.000,1,0.000,0,0,5,
115238166000,1370.000,5,1330.000,40,1320.000,5,1300.000,9,1200.000,1,14.500,9,1370.000,40,1380.000,5,1390.000,12,1530.000,1,0.000,0,0,5,
115258291000,1370.000,5,1330.000,30,1320.000,5,1300.000,9,1200.000,1,14.500,9,1370.000,30,1380.000,5,1390.000,12,1530.000,1,0.000,0,0,5,
115259292000,1370.000,5,1330.000,10,1320.000,5,1300.000,9,1200.000,1,14.500,9,1370.000,10,1380.000,5,1390.000,12,1530.000,1,0.000,0,0,5,
115300291000,1370.000,5,1330.000,40,1320.000,5,1300.000,9,1200.000,1,14.500,9,1370.000,40,1380.000,5,1390.000,12,1530.000,1,0.000,0,0,5,
115320291000,1370.000,5,1330.000,30,1320.000,5,1300.000,9,1200.000,1,14.500,9,1370.000,30,1380.000,5,1390.000,12,1530.000,1,0.000,0,0,5,
115321041000,1370.000,5,1330.000,40,1320.000,5,1300.000,9,1200.000,1,14.500,9,1370.000,40,1380.000,5,1390.000,9,1530.000,1,0.000,0,0,5,
115341166000,1370.000,5,1330.000,30,1320.000,5,1300.000,9,1200.000,1,14.500,9,1370.000,30,1380.000,5,1390.000,9,1530.000,1,0.000,0,0,5,
115342416000,1370.000,5,1330.000,40,1320.000,8,1300.000,9,1200.000,1,14.500,9,1370.000,40,1380.000,5,1390.000,9,1530.000,1,0.000,0,0,5,
115346041000,1370.000,5,1330.000,40,1320.000,5,1300.000,9,1200.000,1,14.500,9,1370.000,40,1380.000,5,1390.000,9,1530.000,1,0.000,0,0,5,
115402416000,1370.000,5,1330.000,30,1320.000,5,1300.000,9,1200.000,1,14.500,9,1370.000,30,1380.000,5,1390.000,9,1530.000,1,0.000,0,0,5,
115404917000,1370.000,5,1330.000,40,1320.000,8,1300.000,9,1200.000,1,14.500,9,1370.000,40,1380.000,5,1390.000,9,1530.000,1,0.000,0,0,5,
115407541000,1370.000,5,1330.000,40,1320.000,5,1300.000,9,1200.000,1,14.500,9,1370.000,40,1380.000,5,1390.000,9,1530.000,1,0.000,0,0,5,
115424916000,1370.000,5,1330.000,30,1320.000,5,1300.000,9,1200.000,1,14.500,9,1370.000,30,1380.000,5,1390.000,9,1530.000,1,0.000,0,0,5,
115427291000,1370.000,5,1330.000,40,1320.000,5,1300.000,9,1200.000,1,14.500,9,1370.000,40,1380.000,5,1390.000,9,1530.000,1,0.000,0,0,5,
115447416000,1370.000,5,1330.000,30,1320.000,5,1300.000,9,1200.000,1,14.500,9,1370.000,30,1380.000,5,1390.000,9,1530.000,1,0.000,0,0,5,
115452916000,1370.000,5,1330.000,40,1320.000,5,1300.000,9,1200.000,1,14.500,9,1370.000,40,1380.000,5,1390.000,9,1530.000,1,0.000,0,0,5,
115512916000,1370.000,5,1330.000,30,1320.000,5,1300.000,9,1200.000,1,14.500,9,1370.000,30,1380.000,5,1390.000,9,1530.000,1,0.000,0,0,5,
115518918000,1370.000,5,1330.000,40,1320.000,5,1300.000,9,1200.000,1,14.500,9,1370.000,40,1380.000,5,1390.000,9,1530.000,1,0.000,0,0,5,
115538917000,1370.000,5,1330.000,30,1320.000,5,1300.000,9,1200.000,1,14.500,9,1370.000,30,1380.000,5,1390.000,9,1530.000,1,0.000,0,0,5,
115544041000,1370.000,5,1330.000,40,1320.000,5,1300.000,9,1200.000,1,14.500,9,1370.000,40,1380.000,5,1390.000,9,1530.000,1,0.000,0,0,5,
115546918000,1370.000,5,1330.000,40,1320.000,5,1300.000,9,1200.000,1,14.500,9,1370.000,40,1380.000,8,1390.000,9,1530.000,1,0.000,0,0,5,
115549291000,1370.000,5,1330.000,40,1320.000,5,1300.000,9,1200.000,1,14.500,9,1370.000,40,1380.000,5,1390.000,9,1530.000,1,0.000,0,0,5,
115551166000,1370.000,5,1330.000,40,1320.000,5,1300.000,9,1200.000,1,14.500,9,1370.000,40,1380.000,8,1390.000,9,1530.000,1,0.000,0,0,5,
115552291000,1370.000,5,1330.000,40,1320.000,5,1300.000,9,1200.000,1,14.500,9,1370.000,40,1380.000,5,1390.000,9,1530.000,1,0.000,0,0,5,
115556791000,1370.000,5,1330.000,40,1320.000,5,1300.000,9,1200.000,1,14.500,9,1370.000,40,1380.000,8,1390.000,9,1530.000,1,0.000,0,0,5,
115557291000,1370.000,5,1330.000,10,1320.000,5,1300.000,9,1200.000,1,14.500,9,1370.000,10,1380.000,8,1390.000,9,1530.000,1,0.000,0,0,5,
115558541000,1370.000,5,1330.000,10,1320.000,5,1300.000,9,1200.000,1,14.500,9,1370.000,10,1380.000,5,1390.000,9,1530.000,1,0.000,0,0,5,
115558791000,1370.000,5,1330.000,40,1320.000,5,1300.000,9,1200.000,1,14.500,9,1370.000,40,1380.000,5,1390.000,9,1530.000,1,0.000,0,0,5,
115602792000,1370.000,5,1320.000,5,1300.000,9,1200.000,1,14.500,9,14.000,1,1380.000,5,1390.000,9,1530.000,1,0.000,0,0.000,0,0,5,
115602916000,1370.000,5,1320.000,5,1300.000,9,1200.000,1,14.500,9,14.000,1,1380.000,5,1390.000,12,1530.000,1,0.000,0,0.000,0,0,5,
115603793000,1370.000,5,1330.000,30,1320.000,5,1300.000,9,1200.000,1,14.500,9,1370.000,30,1380.000,5,1390.000,12,1530.000,1,0.000,0,0,5,
115606791000,1370.000,5,1330.000,20,1320.000,5,1300.000,9,1200.000,1,14.500,9,1370.000,20,1380.000,5,1390.000,12,1530.000,1,0.000,0,0,5,
115610791000,1370.000,5,1320.000,5,1300.000,9,1200.000,1,14.500,9,14.000,1,1380.000,5,1390.000,12,1530.000,1,0.000,0,0.000,0,0,5,
115632542000,1370.000,5,1320.000,5,1300.000,9,1200.000,1,14.500,9,14.000,1,1380.000,5,1390.000,9,1530.000,1,0.000,0,0.000,0,0,5,
115634168000,1370.000,5,1320.000,5,1300.000,9,1200.000,1,14.500,9,14.000,1,1380.000,5,1390.000,12,1530.000,1,0.000,0,0.000,0,0,5,
115647916000,1370.000,5,1320.000,5,1300.000,9,1200.000,1,14.500,9,14.000,1,1380.000,5,1390.000,9,1530.000,1,0.000,0,0.000,0,0,5,
115651792000,1370.000,5,1320.000,5,1300.000,9,1200.000,1,14.500,9,14.000,1,1380.000,5,1390.000,12,1530.000,1,0.000,0,0.000,0,0,5,
115700291000,1370.000,5,1320.000,5,1300.000,9,1200.000,1,14.500,9,14.000,1,1380.000,5,1390.000,9,1530.000,1,0.000,0,0.000,0,0,5,
115700667000,1370.000,5,1320.000,5,1300.000,9,1200.000,1,14.500,9,14.000,1,1380.000,5,1390.000,12,1530.000,1,0.000,0,0.000,0,0,5,
115718166000,1370.000,5,1300.000,12,1200.000,1,14.500,9,14.000,1,8.100,9,1380.000,5,1390.000,12,1530.000,1,0.000,0,0.000,0,0,5,
115748166000,1370.000,5,1310.000,5,1300.000,12,1200.000,1,14.500,9,14.000,1,1380.000,5,1390.000,12,1530.000,1,0.000,0,0.000,0,0,5,
115755791000,1370.000,5,1310.000,5,1300.000,9,1200.000,1,14.500,9,14.000,1,1380.000,5,1390.000,12,1530.000,1,0.000,0,0.000,0,0,5,
115800917000,1370.000,5,1310.000,5,1300.000,12,1200.000,1,14.500,9,14.000,1,1380.000,5,1390.000,12,1530.000,1,0.000,0,0.000,0,0,5,
115802043000,1370.000,5,1310.000,5,1300.000,9,1200.000,1,14.500,9,14.000,1,1380.000,5,1390.000,9,1530.000,1,0.000,0,0.000,0,0,5,
115802542000,1370.000,5,1310.000,5,1300.000,12,1200.000,1,14.500,9,14.000,1,1380.000,5,1390.000,12,1530.000,1,0.000,0,0.000,0,0,5,
115811291000,1370.000,5,1310.000,5,1300.000,9,1200.000,1,14.500,9,14.000,1,1380.000,5,1390.000,12,1530.000,1,0.000,0,0.000,0,0,5,
115813666000,1370.000,5,1310.000,5,1300.000,12,1200.000,1,14.500,9,14.000,1,1380.000,5,1390.000,12,1530.000,1,0.000,0,0.000,0,0,5,
115817542000,1370.000,5,1310.000,5,1300.000,9,1200.000,1,14.500,9,14.000,1,1380.000,8,1390.000,9,1530.000,1,0.000,0,0.000,0,0,5,
115820666000,1370.000,5,1310.000,5,1300.000,9,1200.000,1,14.500,9,14.000,1,1380.000,5,1390.000,12,1530.000,1,0.000,0,0.000,0,0,5,
115822417000,1370.000,5,1310.000,5,1300.000,12,1200.000,1,14.500,9,14.000,1,1380.000,5,1390.000,12,1530.000,1,0.000,0,0.000,0,0,5,
115823791000,1370.000,5,1310.000,5,1300.000,9,1200.000,1,14.500,9,14.000,1,1380.000,8,1390.000,9,1530.000,1,0.000,0,0.000,0,0,5,
115828166000,1370.000,5,1310.000,5,1300.000,12,1200.000,1,14.500,9,14.000,1,1380.000,8,1390.000,9,1530.000,1,0.000,0,0.000,0,0,5,
115830041000,1370.000,5,1310.000,5,1300.000,9,1200.000,1,14.500,9,14.000,1,1380.000,8,1390.000,9,1530.000,1,0.000,0,0.000,0,0,5,
115836166000,1370.000,5,1310.000,5,1300.000,9,1200.000,1,14.500,9,14.000,1,1380.000,5,1390.000,9,1530.000,1,0.000,0,0.000,0,0,5,
115837043000,1370.000,5,1310.000,5,1300.000,9,1200.000,1,14.500,9,14.000,1,1380.000,8,1390.000,9,1530.000,1,0.000,0,0.000,0,0,5,
115842417000,1370.000,5,1310.000,5,1300.000,9,1200.000,1,14.500,9,14.000,1,1380.000,5,1390.000,12,1530.000,1,0.000,0,0.000,0,0,5,
115846917000,1370.000,5,1310.000,5,1300.000,12,1200.000,1,14.500,9,14.000,1,1380.000,5,1390.000,12,1530.000,1,0.000,0,0.000,0,0,5,
115848541000,1370.000,5,1310.000,5,1300.000,9,1200.000,1,14.500,9,14.000,1,1380.000,8,1390.000,9,1530.000,1,0.000,0,0.000,0,0,5,
115855918000,1370.000,5,1310.000,5,1300.000,12,1200.000,1,14.500,9,14.000,1,1380.000,8,1390.000,9,1530.000,1,0.000,0,0.000,0,0,5,
115950042000,1370.000,5,1310.000,5,1300.000,9,1200.000,1,14.500,9,14.000,1,1380.000,5,1390.000,9,1530.000,1,0.000,0,0.000,0,0,5,
115951416000,1370.000,5,1310.000,5,1300.000,9,1200.000,1,14.500,9,14.000,1,1380.000,8,1390.000,9,1530.000,1,0.000,0,0.000,0,0,5,
115956291000,1370.000,5,1310.000,5,1300.000,9,1200.000,1,14.500,9,14.000,1,1380.000,5,1390.000,12,1530.000,1,0.000,0,0.000,0,0,5,
120002416000,1370.000,5,1310.000,5,1300.000,9,1200.000,1,14.500,9,14.000,1,1380.000,8,1390.000,9,1530.000,1,0.000,0,0.000,0,0,5,
120008666000,1370.000,5,1310.000,5,1300.000,9,1200.000,1,14.500,9,14.000,1,1380.000,5,1390.000,12,1530.000,1,0.000,0,0.000,0,0,5,
120011791000,1370.000,5,1310.000,5,1300.000,9,1200.000,1,14.500,9,14.000,1,1380.000,8,1390.000,9,1530.000,1,0.000,0,0.000,0,0,5,
120046917000,1370.000,5,1310.000,5,1300.000,12,1200.000,1,14.500,9,14.000,1,1380.000,8,1390.000,9,1530.000,1,0.000,0,0.000,0,0,5,
120048541000,1370.000,5,1310.000,5,1300.000,12,1200.000,1,14.500,9,14.000,1,1380.000,5,1390.000,12,1530.000,1,0.000,0,0.000,0,0,5,
120054791000,1370.000,5,1310.000,5,1300.000,9,1200.000,1,14.500,9,14.000,1,1380.000,8,1390.000,9,1530.000,1,0.000,0,0.000,0,0,5,
120100794000,1370.000,5,1310.000,5,1300.000,9,1200.000,1,14.500,9,14.000,1,1380.000,5,1390.000,9,1530.000,1,0.000,0,0.000,0,0,5,
120101917000,1370.000,5,1310.000,5,1300.000,9,1200.000,1,14.500,9,14.000,1,1380.000,5,1390.000,12,1530.000,1,0.000,0,0.000,0,0,5,
120103917000,1370.000,5,1310.000,5,1300.000,9,1200.000,1,14.500,9,14.000,1,1380.000,8,1390.000,9,1530.000,1,0.000,0,0.000,0,0,5,
120109916000,1370.000,5,1320.000,40,1310.000,5,1300.000,9,1200.000,1,14.500,9,1360.000,40,1380.000,8,1390.000,9,1530.000,1,0.000,0,0,5,
120123916000,1370.000,5,1320.000,40,1310.000,5,1300.000,9,1200.000,1,14.500,9,1360.000,40,1380.000,3,1390.000,9,1530.000,1,0.000,0,0,5,
120125541000,1370.000,5,1320.000,40,1310.000,5,1300.000,9,1200.000,1,14.500,9,1360.000,40,1370.000,5,1380.000,3,1390.000,9,1530.000,1,0,5,
120128666000,1370.000,5,1320.000,40,1310.000,5,1300.000,9,1200.000,1,14.500,9,1360.000,40,1370.000,5,1390.000,9,1530.000,1,0.000,0,0,5,
120148791000,1370.000,5,1320.000,30,1310.000,5,1300.000,9,1200.000,1,14.500,9,1360.000,30,1370.000,5,1390.000,9,1530.000,1,0.000,0,0,5,
120154291000,1370.000,5,1320.000,40,1310.000,5,1300.000,9,1200.000,1,14.500,9,1360.000,40,1370.000,5,1390.000,9,1530.000,1,0.000,0,0,5,
120156291000,1370.000,5,1320.000,30,1310.000,5,1200.000,1,14.500,9,14.000,1,1360.000,30,1370.000,5,1530.000,1,0.000,0,0.000,0,0,5,
120200917000,1370.000,5,1320.000,20,1310.000,5,1200.000,1,14.500,9,14.000,1,1360.000,20,1370.000,5,1530.000,1,0.000,0,0.000,0,0,5,
120206291000,1370.000,5,1320.000,30,1310.000,5,1200.000,1,14.500,9,14.000,1,1360.000,30,1370.000,5,1530.000,1,0.000,0,0.000,0,0,5,
120221541000,1370.000,5,1320.000,20,1310.000,5,1200.000,1,14.500,9,14.000,1,1360.000,20,1370.000,5,1530.000,1,0.000,0,0.000,0,0,5,
120227291000,1370.000,5,1320.000,30,1310.000,5,1200.000,1,14.500,9,14.000,1,1360.000,30,1370.000,5,1530.000,1,0.000,0,0.000,0,0,5,
120231791000,1370.000,5,1320.000,20,1310.000,5,1200.000,1,14.500,9,14.000,1,1360.000,20,1370.000,5,1530.000,1,0.000,0,0.000,0,0,5,
120237291000,1370.000,5,1320.000,30,1310.000,5,1200.000,1,14.500,9,14.000,1,1360.000,30,1370.000,5,1530.000,1,0.000,0,0.000,0,0,5,
120242166000,1370.000,5,1320.000,30,1310.000,5,1200.000,1,14.500,9,14.000,1,1360.000,30,1370.000,5,1530.000,1,0.000,0,0.000,0,0,5,
120247416000,1370.000,5,1320.000,40,1310.000,5,1200.000,1,14.500,9,14.000,1,1360.000,40,1370.000,5,1530.000,1,0.000,0,0.000,0,0,5,
120307416000,1370.000,5,1320.000,30,1310.000,5,1200.000,1,14.500,9,14.000,1,1360.000,30,1370.000,5,1530.000,1,0.000,0,0.000,0,0,5,
120313041000,1370.000,5,1320.000,40,1310.000,5,1200.000,1,14.500,9,14.000,1,1360.000,40,1370.000,5,1530.000,1,0.000,0,0.000,0,0,5,
120319917000,1370.000,5,1320.000,20,1310.000,5,1200.000,1,14.500,9,14.000,1,1360.000,20,1370.000,5,1530.000,1,0.000,0,0.000,0,0,5,
120325416000,1370.000,5,1320.000,30,1310.000,5,1200.000,1,14.500,9,14.000,1,1360.000,30,1370.000,5,1530.000,1,0.000,0,0.000,0,0,5,
120325667000,1370.000,5,1310.000,5,1300.000,3,1200.000,1,14.500,9,14.000,1,1370.000,5,1530.000,1,0.000,0,0.000,0,0.000,0,0,5,
120327166000,1370.000,5,1310.000,14,1300.000,3,1200.000,1,14.500,9,14.000,1,1370.000,5,1380.000,9,1530.000,1,0.000,0,0.000,0,0,5,
120328166000,1370.000,5,1320.000,20,1310.000,14,1300.000,3,1200.000,1,14.500,9,1360.000,20,1370.000,5,1380.000,9,1530.000,1,0.000,0,0,5,
120337917000,1370.000,5,1320.000,40,1310.000,14,1300.000,3,1200.000,1,14.500,9,1360.000,40,1370.000,5,1380.000,9,1530.000,1,0.000,0,0,5,
120338417000,1370.000,5,1320.000,40,1310.000,14,1200.000,1,14.500,9,14.000,1,1360.000,40,1370.000,5,1380.000,9,1530.000,1,0.000,0,0,5,
120339166000,1370.000,5,1320.000,30,1310.000,14,1200.000,1,14.500,9,14.000,1,1360.000,30,1370.000,5,1380.000,9,1530.000,1,0.000,0,0,5,
120357916000,1370.000,5,1320.000,20,1310.000,14,1200.000,1,14.500,9,14.000,1,1360.000,20,1370.000,5,1380.000,9,1530.000,1,0.000,0,0,5,
120358041000,1370.000,5,1320.000,30,1310.000,14,1200.000,1,14.500,9,14.000,1,1360.000,30,1370.000,5,1380.000,9,1530.000,1,0.000,0,0,5,
120400291000,1370.000,5,1320.000,20,1310.000,14,1200.000,1,14.500,9,14.000,1,1360.000,20,1370.000,5,1380.000,9,1530.000,1,0.000,0,0,5,
120402292000,1370.000,5,1320.000,40,1310.000,14,1200.000,1,14.500,9,14.000,1,1360.000,40,1370.000,5,1380.000,9,1530.000,1,0.000,0,0,5,
120422417000,1370.000,5,1320.000,30,1310.000,14,1200.000,1,14.500,9,14.000,1,1360.000,30,1370.000,5,1380.000,9,1530.000,1,0.000,0,0,5,
120425291000,1370.000,5,1320.000,40,1310.000,14,1200.000,1,14.500,9,14.000,1,1360.000,40,1370.000,5,1380.000,9,1530.000,1,0.000,0,0,5,
120445416000,1370.000,5,1320.000,30,1310.000,14,1200.000,1,14.500,9,14.000,1,1360.000,30,1370.000,5,1380.000,9,1530.000,1,0.000,0,0,5,
120451416000,1370.000,5,1320.000,40,1310.000,14,1200.000,1,14.500,9,14.000,1,1360.000,40,1370.000,5,1380.000,9,1530.000,1,0.000,0,0,5,
120502543000,1370.000,5,1320.000,40,1310.000,14,1200.000,1,14.500,9,14.000,1,1360.000,40,1370.000,8,1380.000,9,1530.000,1,0.000,0,0,5,
120504541000,1370.000,5,1320.000,40,1310.000,14,1200.000,1,14.500,9,14.000,1,1360.000,40,1370.000,5,1380.000,9,1530.000,1,0.000,0,0,5,
120511541000,1370.000,5,1320.000,30,1310.000,14,1200.000,1,14.500,9,14.000,1,1360.000,30,1370.000,5,1380.000,9,1530.000,1,0.000,0,0,5,
120515043000,1370.000,5,1320.000,40,1310.000,14,1200.000,1,14.500,9,14.000,1,1360.000,40,1370.000,8,1380.000,9,1530.000,1,0.000,0,0,5,
120516792000,1370.000,5,1320.000,40,1310.000,14,1200.000,1,14.500,9,14.000,1,1360.000,40,1370.000,5,1380.000,9,1530.000,1,0.000,0,0,5,
120518166000,1370.000,5,1320.000,40,1310.000,14,1200.000,1,14.500,9,14.000,1,1360.000,40,1370.000,8,1380.000,9,1530.000,1,0.000,0,0,5,
120519916000,1370.000,5,1320.000,40,1310.000,14,1200.000,1,14.500,9,14.000,1,1360.000,40,1370.000,5,1380.000,9,1530.000,1,0.000,0,0,5,
120527792000,1370.000,5,1320.000,40,1310.000,14,1200.000,1,14.500,9,14.000,1,1360.000,40,1370.000,8,1380.000,9,1530.000,1,0.000,0,0,5,
120529041000,1370.000,5,1320.000,40,1310.000,14,1200.000,1,14.500,9,14.000,1,1360.000,40,1370.000,5,1380.000,9,1530.000,1,0.000,0,0,5,
120535041000,1370.000,5,1320.000,30,1310.000,14,1200.000,1,14.500,9,14.000,1,1360.000,30,1370.000,5,1380.000,9,1530.000,1,0.000,0,0,5,
120537541000,1370.000,5,1320.000,40,1310.000,14,1200.000,1,14.500,9,14.000,1,1360.000,40,1370.000,5,1380.000,9,1530.000,1,0.000,0,0,5,
120557541000,1370.000,5,1320.000,30,1310.000,14,1200.000,1,14.500,9,14.000,1,1360.000,30,1370.000,5,1380.000,9,1530.000,1,0.000,0,0,5,
120603541000,1370.000,5,1320.000,40,1310.000,14,1200.000,1,14.500,9,14.000,1,1360.000,40,1370.000,5,1380.000,9,1530.000,1,0.000,0,0,5,
120623541000,1370.000,5,1320.000,30,1310.000,14,1200.000,1,14.500,9,14.000,1,1360.000,30,1370.000,5,1380.000,9,1530.000,1,0.000,0,0,5,
120629041000,1370.000,5,1320.000,40,1310.000,14,1200.000,1,14.500,9,14.000,1,1360.000,40,1370.000,5,1380.000,9,1530.000,1,0.000,0,0,5,
120649166000,1370.000,5,1320.000,30,1310.000,14,1200.000,1,14.500,9,14.000,1,1360.000,30,1370.000,5,1380.000,9,1530.000,1,0.000,0,0,5,
120654541000,1370.000,5,1320.000,40,1310.000,14,1200.000,1,14.500,9,14.000,1,1360.000,40,1370.000,5,1380.000,9,1530.000,1,0.000,0,0,5,
120655294000,1370.000,5,1320.000,30,1310.000,14,1200.000,1,14.500,9,14.000,1,1360.000,30,1370.000,5,1380.000,9,1530.000,1,0.000,0,0,5,
120700042000,1370.000,5,1320.000,40,1310.000,14,1200.000,1,14.500,9,14.000,1,1360.000,40,1370.000,5,1380.000,9,1530.000,1,0.000,0,0,5,
120720041000,1370.000,5,1320.000,30,1310.000,14,1200.000,1,14.500,9,14.000,1,1360.000,30,1370.000,5,1380.000,9,1530.000,1,0.000,0,0,5,
120725666000,1370.000,5,1320.000,40,1310.000,14,1200.000,1,14.500,9,14.000,1,1360.000,40,1370.000,5,1380.000,9,1530.000,1,0.000,0,0,5,
120745666000,1370.000,5,1320.000,30,1310.000,14,1200.000,1,14.500,9,14.000,1,1360.000,30,1370.000,5,1380.000,9,1530.000,1,0.000,0,0,5,
120751666000,1370.000,5,1320.000,40,1310.000,14,1200.000,1,14.500,9,14.000,1,1360.000,40,1370.000,5,1380.000,9,1530.000,1,0.000,0,0,5,
120806669000,1370.000,5,1320.000,40,1310.000,14,1200.000,1,14.500,9,14.000,1,1360.000,40,1370.000,8,1380.000,9,1530.000,1,0.000,0,0,5,
120809292000,1370.000,5,1320.000,40,1310.000,14,1200.000,1,14.500,9,14.000,1,1360.000,40,1370.000,5,1380.000,9,1530.000,1,0.000,0,0,5,
120811666000,1370.000,5,1320.000,30,1310.000,14,1200.000,1,14.500,9,14.000,1,1360.000,30,1370.000,5,1380.000,9,1530.000,1,0.000,0,0,5,
120817666000,1370.000,5,1320.000,40,1310.000,14,1200.000,1,14.500,9,14.000,1,1360.000,40,1370.000,5,1380.000,9,1530.000,1,0.000,0,0,5,
120837666000,1370.000,5,1320.000,30,1310.000,14,1200.000,1,14.500,9,14.000,1,1360.000,30,1370.000,5,1380.000,9,1530.000,1,0.000,0,0,5,
120843291000,1370.000,5,1320.000,40,1310.000,14,1200.000,1,14.500,9,14.000,1,1360.000,40,1370.000,5,1380.000,9,1530.000,1,0.000,0,0,5,
120903416000,1370.000,5,1320.000,30,1310.000,14,1200.000,1,14.500,9,14.000,1,1360.000,30,1370.000,5,1380.000,9,1530.000,1,0.000,0,0,5,
120908666000,1370.000,5,1320.000,40,1310.000,14,1200.000,1,14.500,9,14.000,1,1360.000,40,1370.000,5,1380.000,9,1530.000,1,0.000,0,0,5,
120927292000,1370.000,5,1320.000,40,1310.000,17,1200.000,1,14.500,9,14.000,1,1360.000,40,1370.000,8,1380.000,9,1530.000,1,0.000,0,0,5,
120929543000,1370.000,5,1320.000,40,1310.000,14,1200.000,1,14.500,9,14.000,1,1360.000,40,1370.000,8,1380.000,9,1530.000,1,0.000,0,0,5,
120929792000,1370.000,5,1320.000,40,1310.000,14,1200.000,1,14.500,9,14.000,1,1360.000,40,1370.000,5,1380.000,9,1530.000,1,0.000,0,0,5,
120934167000,1370.000,5,1320.000,40,1310.000,14,1200.000,1,14.500,9,14.000,1,1360.000,40,1370.000,8,1380.000,9,1530.000,1,0.000,0,0,5,
120935791000,1370.000,5,1320.000,40,1310.000,14,1200.000,1,14.500,9,14.000,1,1360.000,40,1370.000,5,1380.000,9,1530.000,1,0.000,0,0,5,
120936792000,1370.000,5,1320.000,40,1310.000,14,1200.000,1,14.500,9,14.000,1,1360.000,40,1370.000,8,1380.000,9,1530.000,1,0.000,0,0,5,
120938542000,1370.000,5,1320.000,40,1310.000,17,1200.000,1,14.500,9,14.000,1,1360.000,40,1370.000,8,1380.000,9,1530.000,1,0.000,0,0,5,
120939916000,1370.000,5,1320.000,40,1310.000,14,1200.000,1,14.500,9,14.000,1,1360.000,40,1370.000,8,1380.000,9,1530.000,1,0.000,0,0,5,
120940291000,1370.000,5,1320.000,40,1310.000,17,1200.000,1,14.500,9,14.000,1,1360.000,40,1370.000,8,1380.000,9,1530.000,1,0.000,0,0,5,
120941669000,1370.000,5,1320.000,30,1310.000,14,1200.000,1,14.500,9,14.000,1,1360.000,30,1370.000,8,1380.000,9,1530.000,1,0.000,0,0,5,
120942045000,1370.000,5,1320.000,30,1310.000,14,1200.000,1,14.500,9,14.000,1,1360.000,30,1370.000,5,1380.000,9,1530.000,1,0.000,0,0,5,
120945166000,1370.000,5,1320.000,40,1310.000,14,1200.000,1,14.500,9,14.000,1,1360.000,40,1370.000,5,1380.000,9,1530.000,1,0.000,0,0,5,
121005291000,1370.000,5,1320.000,30,1310.000,14,1200.000,1,14.500,9,14.000,1,1360.000,30,1370.000,5,1380.000,9,1530.000,1,0.000,0,0,5,
121010791000,1370.000,5,1320.000,40,1310.000,14,1200.000,1,14.500,9,14.000,1,1360.000,40,1370.000,5,1380.000,9,1530.000,1,0.000,0,0,5,
121030791000,1370.000,5,1320.000,30,1310.000,14,1200.000,1,14.500,9,14.000,1,1360.000,30,1370.000,5,1380.000,9,1530.000,1,0.000,0,0,5,
121036791000,1370.000,5,1320.000,40,1310.000,14,1200.000,1,14.500,9,14.000,1,1360.000,40,1370.000,5,1380.000,9,1530.000,1,0.000,0,0,5,
121047918000,1370.000,5,1320.000,20,1310.000,14,1200.000,1,14.500,9,14.000,1,1360.000,20,1370.000,5,1380.000,9,1530.000,1,0.000,0,0,5,
121050292000,1370.000,5,1320.000,40,1310.000,14,1200.000,1,14.500,9,14.000,1,1360.000,40,1370.000,5,1380.000,9,1530.000,1,0.000,0,0,5,
121056042000,1370.000,5,1320.000,20,1310.000,14,1200.000,1,14.500,9,14.000,1,1360.000,20,1370.000,5,1380.000,9,1530.000,1,0.000,0,0,5,
121101791000,1370.000,5,1320.000,30,1310.000,14,1200.000,1,14.500,9,14.000,1,1360.000,30,1370.000,5,1380.000,9,1530.000,1,0.000,0,0,5,
121107792000,1370.000,5,1320.000,20,1310.000,14,1200.000,1,14.500,9,14.000,1,1360.000,20,1370.000,5,1380.000,9,1530.000,1,0.000,0,0,5,
121113791000,1370.000,5,1320.000,30,1310.000,14,1200.000,1,14.500,9,14.000,1,1360.000,30,1370.000,5,1380.000,9,1530.000,1,0.000,0,0,5,
121118042000,1370.000,5,1320.000,20,1310.000,14,1200.000,1,14.500,9,14.000,1,1360.000,20,1370.000,5,1380.000,9,1530.000,1,0.000,0,0,5,
121123791000,1370.000,5,1320.000,40,1310.000,14,1200.000,1,14.500,9,14.000,1,1360.000,40,1370.000,5,1380.000,9,1530.000,1,0.000,0,0,5,
121130041000,1370.000,5,1320.000,40,1310.000,14,1200.000,1,14.500,9,14.000,1,1360.000,40,1370.000,8,1380.000,9,1530.000,1,0.000,0,0,5,
121130166000,1370.000,5,1320.000,30,1310.000,14,1200.000,1,14.500,9,14.000,1,1360.000,30,1370.000,8,1380.000,9,1530.000,1,0.000,0,0,5,
121138666000,1370.000,5,1320.000,40,1310.000,14,1200.000,1,14.500,9,14.000,1,1360.000,40,1370.000,8,1380.000,9,1530.000,1,0.000,0,0,5,
121146041000,1370.000,5,1320.000,40,1310.000,14,1200.000,1,14.500,9,14.000,1,1360.000,40,1370.000,5,1380.000,9,1530.000,1,0.000,0,0,5,
121158791000,1370.000,5,1320.000,30,1310.000,14,1200.000,1,14.500,9,14.000,1,1360.000,30,1370.000,5,1380.000,9,1530.000,1,0.000,0,0,5,
121204791000,1370.000,5,1320.000,40,1310.000,14,1200.000,1,14.500,9,14.000,1,1360.000,40,1370.000,5,1380.000,9,1530.000,1,0.000,0,0,5,
121224916000,1370.000,5,1320.000,30,1310.000,14,1200.000,1,14.500,9,14.000,1,1360.000,30,1370.000,5,1380.000,9,1530.000,1,0.000,0,0,5,
121230291000,1370.000,5,1320.000,40,1310.000,14,1200.000,1,14.500,9,14.000,1,1360.000,40,1370.000,5,1380.000,9,1530.000,1,0.000,0,0,5,
121250416000,1370.000,5,1320.000,30,1310.000,14,1200.000,1,14.500,9,14.000,1,1360.000,30,1370.000,5,1380.000,9,1530.000,1,0.000,0,0,5,
121255916000,1370.000,5,1320.000,40,1310.000,14,1200.000,1,14.500,9,14.000,1,1360.000,40,1370.000,5,1380.000,9,1530.000,1,0.000,0,0,5,
121315916000,1370.000,5,1320.000,40,1310.000,14,1200.000,1,14.500,9,14.000,1,1360.000,40,1370.000,5,1380.000,9,1530.000,1,0.000,0,0,5,
121336041000,1370.000,5,1320.000,40,1310.000,14,1200.000,1,14.500,9,14.000,1,1360.000,40,1370.000,5,1380.000,9,1530.000,1,0.000,0,0,5,
121348666000,1370.000,5,1320.000,40,1310.000,14,1200.000,1,14.500,9,14.000,1,1360.000,40,1370.000,8,1380.000,9,1530.000,1,0.000,0,0,5,
121349791000,1370.000,5,1320.000,40,1310.000,14,1200.000,1,14.500,9,14.000,1,1360.000,40,1370.000,5,1380.000,9,1530.000,1,0.000,0,0,5,
121356167000,1370.000,5,1320.000,30,1310.000,14,1200.000,1,14.500,9,14.000,1,1360.000,30,1370.000,5,1380.000,9,1530.000,1,0.000,0,0,5,
121401916000,1370.000,5,1320.000,40,1310.000,14,1200.000,1,14.500,9,14.000,1,1360.000,40,1370.000,5,1380.000,9,1530.000,1,0.000,0,0,5,
121411291000,1370.000,5,1320.000,40,1310.000,14,1200.000,1,14.500,9,14.000,1,1360.000,40,1370.000,8,1380.000,9,1530.000,1,0.000,0,0,5,
121414541000,1370.000,5,1320.000,40,1310.000,14,1200.000,1,14.500,9,14.000,1,1360.000,40,1370.000,5,1380.000,9,1530.000,1,0.000,0,0,5,
121418418000,1370.000,5,1320.000,20,1310.000,14,1200.000,1,14.500,9,14.000,1,1360.000,20,1370.000,5,1380.000,9,1530.000,1,0.000,0,0,5,
121423916000,1370.000,5,1320.000,30,1310.000,14,1200.000,1,14.500,9,14.000,1,1360.000,30,1370.000,5,1380.000,9,1530.000,1,0.000,0,0,5,
121434041000,1370.000,5,1320.000,20,1310.000,14,1200.000,1,14.500,9,14.000,1,1360.000,20,1370.000,5,1380.000,9,1530.000,1,0.000,0,0,5,
121440041000,1370.000,5,1320.000,30,1310.000,14,1200.000,1,14.500,9,14.000,1,1360.000,30,1370.000,5,1380.000,9,1530.000,1,0.000,0,0,5,
121444416000,1370.000,5,1320.000,20,1310.000,14,1200.000,1,14.500,9,14.000,1,1360.000,20,1370.000,5,1380.000,9,1530.000,1,0.000,0,0,5,
121450041000,1370.000,5,1320.000,40,1310.000,14,1200.000,1,14.500,9,14.000,1,1360.000,40,1370.000,5,1380.000,9,1530.000,1,0.000,0,0,5,
121450166000,1370.000,5,1320.000,30,1310.000,14,1200.000,1,14.500,9,14.000,1,1360.000,30,1370.000,5,1380.000,9,1530.000,1,0.000,0,0,5,
121450291000,1370.000,5,1320.000,20,1310.000,14,1200.000,1,14.500,9,14.000,1,1360.000,20,1370.000,5,1380.000,9,1530.000,1,0.000,0,0,5,
121452167000,1370.000,5,1320.000,40,1310.000,14,1200.000,1,14.500,9,14.000,1,1360.000,40,1370.000,5,1380.000,9,1530.000,1,0.000,0,0,5,
121512291000,1370.000,5,1320.000,30,1310.000,14,1200.000,1,14.500,9,14.000,1,1360.000,30,1370.000,5,1380.000,9,1530.000,1,0.000,0,0,5,
121515416000,1370.000,5,1320.000,40,1310.000,14,1200.000,1,14.500,9,14.000,1,1360.000,40,1370.000,5,1380.000,9,1530.000,1,0.000,0,0,5,
121535416000,1370.000,5,1320.000,30,1310.000,14,1200.000,1,14.500,9,14.000,1,1360.000,30,1370.000,5,1380.000,9,1530.000,1,0.000,0,0,5,
121541041000,1370.000,5,1320.000,40,1310.000,14,1200.000,1,14.500,9,14.000,1,1360.000,40,1370.000,5,1380.000,9,1530.000,1,0.000,0,0,5,
121601041000,1370.000,5,1320.000,30,1310.000,14,1200.000,1,14.500,9,14.000,1,1360.000,30,1370.000,5,1380.000,9,1530.000,1,0.000,0,0,5,
121606916000,1370.000,5,1320.000,40,1310.000,14,1200.000,1,14.500,9,14.000,1,1360.000,40,1370.000,5,1380.000,9,1530.000,1,0.000,0,0,5,
121626916000,1370.000,5,1320.000,30,1310.000,14,1200.000,1,14.500,9,14.000,1,1360.000,30,1370.000,5,1380.000,9,1530.000,1,0.000,0,0,5,
121632041000,1370.000,5,1320.000,40,1310.000,14,1200.000,1,14.500,9,14.000,1,1360.000,40,1370.000,5,1380.000,9,1530.000,1,0.000,0,0,5,
121652166000,1370.000,5,1320.000,30,1310.000,14,1200.000,1,14.500,9,14.000,1,1360.000,30,1370.000,5,1380.000,9,1530.000,1,0.000,0,0,5,
121658041000,1370.000,5,1320.000,40,1310.000,14,1200.000,1,14.500,9,14.000,1,1360.000,40,1370.000,5,1380.000,9,1530.000,1,0.000,0,0,5,
121718166000,1370.000,5,1320.000,30,1310.000,14,1200.000,1,14.500,9,14.000,1,1360.000,30,1370.000,5,1380.000,9,1530.000,1,0.000,0,0,5,
121724166000,1370.000,5,1320.000,40,1310.000,14,1200.000,1,14.500,9,14.000,1,1360.000,40,1370.000,5,1380.000,9,1530.000,1,0.000,0,0,5,
121744166000,1370.000,5,1320.000,30,1310.000,14,1200.000,1,14.500,9,14.000,1,1360.000,30,1370.000,5,1380.000,9,1530.000,1,0.000,0,0,5,
121750166000,1370.000,5,1320.000,40,1310.000,14,1200.000,1,14.500,9,14.000,1,1360.000,40,1370.000,5,1380.000,9,1530.000,1,0.000,0,0,5,
121810167000,1370.000,5,1320.000,30,1310.000,14,1200.000,1,14.500,9,14.000,1,1360.000,30,1370.000,5,1380.000,9,1530.000,1,0.000,0,0,5,
121816166000,1370.000,5,1320.000,40,1310.000,14,1200.000,1,14.500,9,14.000,1,1360.000,40,1370.000,5,1380.000,9,1530.000,1,0.000,0,0,5,
121836291000,1370.000,5,1320.000,30,1310.000,14,1200.000,1,14.500,9,14.000,1,1360.000,30,1370.000,5,1380.000,9,1530.000,1,0.000,0,0,5,
121841916000,1370.000,5,1320.000,40,1310.000,14,1200.000,1,14.500,9,14.000,1,1360.000,40,1370.000,5,1380.000,9,1530.000,1,0.000,0,0,5,
121854918000,1370.000,5,1320.000,30,1310.000,14,1200.000,1,14.500,9,14.000,1,1360.000,30,1370.000,5,1380.000,9,1530.000,1,0.000,0,0,5,
121930042000,1370.000,5,1320.000,30,1310.000,14,1200.000,1,14.500,9,14.000,1,1360.000,30,1370.000,8,1380.000,9,1530.000,1,0.000,0,0,5,
121931045000,1370.000,5,1320.000,30,1310.000,14,1200.000,1,14.500,9,14.000,1,1360.000,30,1370.000,5,1380.000,9,1530.000,1,0.000,0,0,5,
121931292000,1370.000,5,1320.000,20,1310.000,5,1200.000,1,14.500,9,14.000,1,1360.000,20,1370.000,5,1530.000,1,0.000,0,0.000,0,0,5,
121936042000,1370.000,5,1320.000,20,1310.000,5,1200.000,1,14.500,9,14.000,1,1360.000,20,1370.000,8,1530.000,1,0.000,0,0.000,0,0,5,
121939166000,1370.000,5,1320.000,20,1310.000,5,1200.000,1,14.500,9,14.000,1,1360.000,20,1370.000,5,1530.000,1,0.000,0,0.000,0,0,5,
121952043000,1370.000,5,1320.000,20,1310.000,5,1200.000,1,14.500,9,14.000,1,1360.000,20,1370.000,8,1530.000,1,0.000,0,0.000,0,0,5,
121954544000,1370.000,5,1320.000,20,1310.000,5,1200.000,1,14.500,9,14.000,1,1360.000,20,1370.000,5,1530.000,1,0.000,0,0.000,0,0,5,
121955916000,1370.000,5,1320.000,30,1310.000,5,1200.000,1,14.500,9,14.000,1,1360.000,30,1370.000,5,1530.000,1,0.000,0,0.000,0,0,5,
122014916000,1370.000,5,1320.000,30,1310.000,5,1200.000,1,14.500,9,14.000,1,1360.000,30,1370.000,5,1530.000,1,0.000,0,0.000,0,0,5,
122034916000,1370.000,5,1320.000,20,1310.000,5,1200.000,1,14.500,9,14.000,1,1360.000,20,1370.000,5,1530.000,1,0.000,0,0.000,0,0,5,
122035667000,1370.000,5,1320.000,20,1310.000,8,1200.000,1,14.500,9,14.000,1,1360.000,20,1370.000,5,1530.000,1,0.000,0,0.000,0,0,5,
122036543000,1370.000,5,1310.000,8,1200.000,1,14.500,9,14.000,1,8.100,9,1370.000,5,1530.000,1,0.000,0,0.000,0,0.000,0,0,5,
122037917000,1370.000,5,1310.000,5,1300.000,3,1200.000,1,14.500,9,14.000,1,1370.000,5,1530.000,1,0.000,0,0.000,0,0.000,0,0,5,
122040542000,1370.000,5,1330.000,30,1310.000,5,1300.000,3,1200.000,1,14.500,9,1370.000,35,1530.000,1,0.000,0,0.000,0,0.000,0,0,5,
122100543000,1370.000,5,1310.000,5,1300.000,3,1200.000,1,14.500,9,14.000,1,1370.000,5,1530.000,1,0.000,0,0.000,0,0.000,0,0,5,
122102542000,1370.000,5,1320.000,20,1310.000,5,1300.000,3,1200.000,1,14.500,9,1360.000,20,1370.000,5,1530.000,1,0.000,0,0.000,0,0,5,
122104542000,1370.000,5,1310.000,5,1300.000,3,1200.000,1,14.500,9,14.000,1,1370.000,5,1530.000,1,0.000,0,0.000,0,0.000,0,0,5,
122105542000,1370.000,5,1330.000,30,1310.000,5,1300.000,3,1200.000,1,14.500,9,1370.000,35,1530.000,1,0.000,0,0.000,0,0.000,0,0,5,
122125542000,1370.000,5,1330.000,20,1310.000,5,1300.000,3,1200.000,1,14.500,9,1370.000,25,1530.000,1,0.000,0,0.000,0,0.000,0,0,5,
122129417000,1370.000,5,1330.000,30,1310.000,5,1300.000,3,1200.000,1,14.500,9,1370.000,35,1380.000,3,1530.000,1,0.000,0,0.000,0,0,5,
122130291000,1370.000,5,1330.000,30,1310.000,5,1200.000,1,14.500,9,14.000,1,1370.000,35,1380.000,3,1530.000,1,0.000,0,0.000,0,0,5,
122133416000,1370.000,5,1330.000,30,1310.000,5,1200.000,1,14.500,9,14.000,1,1370.000,35,1530.000,1,0.000,0,0.000,0,0.000,0,0,5,
122138167000,1370.000,5,1310.000,5,1200.000,1,14.500,9,14.000,1,8.100,9,1370.000,5,1530.000,1,0.000,0,0.000,0,0.000,0,0,5,
122138291000,1370.000,5,1310.000,5,1300.000,3,1200.000,1,14.500,9,14.000,1,1370.000,5,1530.000,1,0.000,0,0.000,0,0.000,0,0,5,
122142541000,1370.000,5,1330.000,30,1310.000,5,1300.000,3,1200.000,1,14.500,9,1370.000,35,1530.000,1,0.000,0,0.000,0,0.000,0,0,5,
122202543000,1370.000,5,1310.000,5,1300.000,3,1200.000,1,14.500,9,14.000,1,1370.000,5,1530.000,1,0.000,0,0.000,0,0.000,0,0,5,
122202793000,1370.000,5,1310.000,5,1300.000,3,1200.000,1,14.500,9,14.000,1,1370.000,5,1380.000,3,1530.000,1,0.000,0,0.000,0,0,5,
122203667000,1370.000,5,1320.000,20,1310.000,5,1300.000,3,1200.000,1,14.500,9,1360.000,20,1370.000,5,1380.000,3,1530.000,1,0.000,0,0,5,
122204416000,1370.000,5,1320.000,20,1310.000,5,1300.000,3,1200.000,1,14.500,9,1360.000,20,1370.000,5,1530.000,1,0.000,0,0.000,0,0,5,
122207917000,1370.000,5,1310.000,5,1300.000,3,1200.000,1,14.500,9,14.000,1,1370.000,5,1530.000,1,0.000,0,0.000,0,0.000,0,0,5,
122213542000,1370.000,5,1330.000,30,1310.000,5,1300.000,3,1200.000,1,14.500,9,1370.000,35,1530.000,1,0.000,0,0.000,0,0.000,0,0,5,
122214041000,1370.000,5,1310.000,5,1300.000,3,1200.000,1,14.500,9,14.000,1,1370.000,5,1530.000,1,0.000,0,0.000,0,0.000,0,0,5,
122216416000,1370.000,5,1310.000,5,1300.000,3,1200.000,1,14.500,9,14.000,1,1490.000,3,1530.000,1,0.000,0,0.000,0,0.000,0,0,5,
122216541000,1370.000,5,1310.000,5,1300.000,3,1200.000,1,14.500,9,14.000,1,1480.000,5,1490.000,3,1530.000,1,0.000,0,0.000,0,0,5,
122216791000,1370.000,5,1310.000,5,1300.000,3,1200.000,1,14.500,9,14.000,1,1470.000,3,1480.000,5,1530.000,1,0.000,0,0.000,0,0,5,
122220541000,1370.000,5,1330.000,20,1310.000,5,1300.000,3,1200.000,1,14.500,9,1370.000,20,1470.000,3,1480.000,5,1530.000,1,0.000,0,0,5,
122222916000,1370.000,5,1330.000,20,1310.000,5,1300.000,3,1200.000,1,14.500,9,1370.000,20,1480.000,5,1530.000,1,0.000,0,0.000,0,0,5,
122228541000,1370.000,5,1330.000,30,1310.000,5,1300.000,3,1200.000,1,14.500,9,1370.000,30,1530.000,1,0.000,0,0.000,0,0.000,0,0,5,
122228666000,1370.000,5,1330.000,30,1310.000,5,1300.000,3,1200.000,1,14.500,9,1370.000,30,1380.000,5,1530.000,1,0.000,0,0.000,0,0,5,
122236167000,1370.000,5,1330.000,40,1310.000,5,1300.000,3,1200.000,1,14.500,9,1370.000,40,1380.000,5,1530.000,1,0.000,0,0.000,0,0,5,
122241418000,1370.000,5,1330.000,20,1310.000,5,1300.000,3,1200.000,1,14.500,9,1370.000,20,1380.000,5,1530.000,1,0.000,0,0.000,0,0,5,
122246916000,1370.000,5,1330.000,30,1320.000,9,1310.000,5,1300.000,3,1200.000,1,1370.000,39,1380.000,5,1530.000,1,0.000,0,0.000,0,0,5,
122249666000,1370.000,5,1330.000,20,1320.000,9,1310.000,5,1300.000,3,1200.000,1,1370.000,29,1380.000,5,1530.000,1,0.000,0,0.000,0,0,5,
122250668000,1370.000,5,1330.000,20,1320.000,9,1310.000,5,1300.000,3,1200.000,1,1370.000,29,1380.000,8,1530.000,1,0.000,0,0.000,0,0,5,
122253666000,1370.000,5,1330.000,20,1320.000,9,1310.000,5,1300.000,3,1200.000,1,1370.000,29,1380.000,5,1530.000,1,0.000,0,0.000,0,0,5,
122259666000,1370.000,5,1330.000,40,1320.000,9,1310.000,5,1300.000,3,1200.000,1,1370.000,49,1380.000,5,1530.000,1,0.000,0,0.000,0,0,5,
122259917000,1370.000,5,1330.000,40,1320.000,9,1310.000,5,1200.000,1,14.500,9,1370.000,49,1380.000,5,1530.000,1,0.000,0,0.000,0,0,5,
122319791000,1370.000,5,1330.000,40,1320.000,9,1310.000,5,1200.000,1,14.500,9,1370.000,49,1380.000,5,1530.000,1,0.000,0,0.000,0,0,5,
122337794000,1370.000,5,1330.000,40,1320.000,9,1310.000,5,1200.000,1,14.500,9,1370.000,49,1380.000,8,1530.000,1,0.000,0,0.000,0,0,5,
122340041000,1370.000,5,1330.000,40,1320.000,9,1310.000,5,1200.000,1,14.500,9,1370.000,49,1380.000,5,1530.000,1,0.000,0,0.000,0,0,5,
122351666000,1370.000,5,1330.000,30,1320.000,9,1310.000,5,1200.000,1,14.500,9,1370.000,30,1380.000,5,1530.000,1,0.000,0,0.000,0,0,5,
122357916000,1370.000,5,1330.000,20,1320.000,9,1310.000,5,1200.000,1,14.500,9,1370.000,20,1380.000,14,1530.000,1,0.000,0,0.000,0,0,5,
122448791000,1370.000,5,1330.000,20,1320.000,9,1310.000,5,1200.000,1,14.500,9,1370.000,20,1380.000,17,1530.000,1,0.000,0,0.000,0,0,5,
122451291000,1370.000,5,1330.000,20,1320.000,9,1310.000,5,1200.000,1,14.500,9,1370.000,20,1380.000,14,1530.000,1,0.000,0,0.000,0,0,5,
122614166000,1370.000,5,1330.000,20,1320.000,9,1310.000,5,1200.000,1,14.500,9,1370.000,20,1380.000,17,1530.000,1,0.000,0,0.000,0,0,5,
122617791000,1370.000,5,1330.000,30,1320.000,9,1310.000,5,1200.000,1,14.500,9,1370.000,30,1380.000,14,1530.000,1,0.000,0,0.000,0,0,5,
122628541000,1370.000,5,1330.000,30,1320.000,9,1310.000,5,1200.000,1,14.500,9,1370.000,30,1380.000,17,1530.000,1,0.000,0,0.000,0,0,5,
122630166000,1370.000,5,1330.000,30,1320.000,9,1310.000,5,1200.000,1,14.500,9,1370.000,30,1380.000,14,1530.000,1,0.000,0,0.000,0,0,5,
122636666000,1370.000,5,1330.000,30,1320.000,9,1310.000,5,1200.000,1,14.500,9,1370.000,30,1380.000,14,1530.000,1,0.000,0,0.000,0,0,5,
122656791000,1370.000,5,1330.000,20,1320.000,9,1310.000,5,1200.000,1,14.500,9,1370.000,20,1380.000,14,1530.000,1,0.000,0,0.000,0,0,5,
122706543000,1370.000,5,1330.000,30,1320.000,9,1310.000,5,1200.000,1,14.500,9,1370.000,30,1380.000,14,1530.000,1,0.000,0,0.000,0,0,5,
122709166000,1370.000,5,1330.000,40,1320.000,14,1200.000,1,14.500,9,14.000,1,1370.000,40,1380.000,14,1530.000,1,0.000,0,0.000,0,0,5,
122720416000,1370.000,5,1330.000,40,1320.000,17,1200.000,1,14.500,9,14.000,1,1370.000,40,1380.000,14,1530.000,1,0.000,0,0.000,0,0,5,
122722416000,1370.000,5,1330.000,40,1320.000,14,1200.000,1,14.500,9,14.000,1,1370.000,40,1380.000,14,1530.000,1,0.000,0,0.000,0,0,5,
122728291000,1370.000,5,1330.000,40,1320.000,14,1200.000,1,14.500,9,14.000,1,1370.000,40,1380.000,14,1530.000,1,0.000,0,0.000,0,0,5,
122739042000,1370.000,5,1330.000,20,1320.000,14,1200.000,1,14.500,9,14.000,1,1370.000,20,1380.000,14,1530.000,1,0.000,0,0.000,0,0,5,
122740794000,1370.000,5,1320.000,14,1200.000,1,14.500,9,14.000,1,8.100,9,1380.000,14,1530.000,1,0.000,0,0.000,0,0.000,0,0,5,
122742793000,1370.000,5,1340.000,20,1320.000,14,1200.000,1,14.500,9,14.000,1,1380.000,34,1530.000,1,0.000,0,0.000,0,0.000,0,0,5,
122742919000,1370.000,5,1320.000,14,1200.000,1,14.500,9,14.000,1,8.100,9,1380.000,14,1530.000,1,0.000,0,0.000,0,0.000,0,0,5,
122743417000,1370.000,5,1320.000,14,1310.000,3,1200.000,1,14.500,9,14.000,1,1380.000,14,1530.000,1,0.000,0,0.000,0,0.000,0,0,5,
122745668000,1370.000,5,1330.000,20,1320.000,14,1310.000,3,1200.000,1,14.500,9,1370.000,20,1380.000,14,1530.000,1,0.000,0,0.000,0,0,5,
122746666000,1370.000,5,1320.000,14,1310.000,3,1200.000,1,14.500,9,14.000,1,1380.000,14,1530.000,1,0.000,0,0.000,0,0.000,0,0,5,
122749167000,1370.000,5,1340.000,20,1320.000,14,1310.000,3,1200.000,1,14.500,9,1380.000,34,1530.000,1,0.000,0,0.000,0,0.000,0,0,5,
122755667000,1370.000,5,1320.000,14,1310.000,3,1200.000,1,14.500,9,14.000,1,1380.000,14,1530.000,1,0.000,0,0.000,0,0.000,0,0,5,
122756666000,1370.000,5,1340.000,20,1320.000,14,1310.000,3,1200.000,1,14.500,9,1380.000,34,1530.000,1,0.000,0,0.000,0,0.000,0,0,5,
122757418000,1370.000,5,1340.000,20,1320.000,14,1310.000,3,1200.000,1,14.500,9,1380.000,34,1390.000,3,1530.000,1,0.000,0,0.000,0,0,5,
122759667000,1370.000,5,1340.000,30,1320.000,14,1310.000,3,1200.000,1,14.500,9,1380.000,44,1530.000,1,0.000,0,0.000,0,0.000,0,0,5,
122811168000,1370.000,5,1340.000,40,1320.000,14,1310.000,3,1200.000,1,14.500,9,1380.000,49,1530.000,1,0.000,0,0.000,0,0.000,0,0,5,
122812046000,1370.000,5,1340.000,40,1320.000,14,1200.000,1,14.500,9,14.000,1,1380.000,49,1530.000,1,0.000,0,0.000,0,0.000,0,0,5,
122819667000,1370.000,5,1340.000,40,1320.000,14,1200.000,1,14.500,9,14.000,1,1380.000,49,1530.000,1,0.000,0,0.000,0,0.000,0,0,5,
122839791000,1370.000,5,1340.000,40,1320.000,14,1200.000,1,14.500,9,14.000,1,1380.000,49,1530.000,1,0.000,0,0.000,0,0.000,0,0,5,
122859916000,1370.000,5,1340.000,40,1320.000,14,1200.000,1,14.500,9,14.000,1,1380.000,49,1530.000,1,0.000,0,0.000,0,0.000,0,0,5,
122916916000,1370.000,5,1340.000,40,1320.000,9,1200.000,1,14.500,9,14.000,1,1380.000,49,1530.000,1,0.000,0,0.000,0,0.000,0,0,5,
122919916000,1370.000,5,1340.000,30,1320.000,9,1200.000,1,14.500,9,14.000,1,1380.000,39,1530.000,1,0.000,0,0.000,0,0.000,0,0,5,
122925291000,1370.000,5,1340.000,40,1320.000,9,1200.000,1,14.500,9,14.000,1,1380.000,49,1530.000,1,0.000,0,0.000,0,0.000,0,0,5,
122945416000,1370.000,5,1340.000,30,1320.000,9,1200.000,1,14.500,9,14.000,1,1380.000,39,1530.000,1,0.000,0,0.000,0,0.000,0,0,5,
122951291000,1370.000,5,1340.000,40,1320.000,9,1200.000,1,14.500,9,14.000,1,1380.000,49,1530.000,1,0.000,0,0.000,0,0.000,0,0,5,
122954292000,1370.000,5,1340.000,40,1330.000,5,1320.000,9,1200.000,1,14.500,9,1380.000,49,1530.000,1,0.000,0,0.000,0,0.000,0,0,5,
122955416000,1370.000,5,1340.000,40,1330.000,5,1320.000,9,1200.000,1,14.500,9,1380.000,49,1390.000,5,1530.000,1,0.000,0,0.000,0,0,5,
122957797000,1370.000,5,1340.000,20,1330.000,5,1320.000,9,1200.000,1,14.500,9,1380.000,29,1390.000,5,1530.000,1,0.000,0,0.000,0,0,5,
123000793000,1370.000,5,1340.000,20,1330.000,5,1320.000,9,1200.000,1,14.500,9,1380.000,29,1390.000,8,1530.000,1,0.000,0,0.000,0,0,5,
123003041000,1370.000,5,1340.000,20,1330.000,5,1320.000,9,1200.000,1,14.500,9,1380.000,29,1390.000,5,1530.000,1,0.000,0,0.000,0,0,5,
123015666000,1370.000,5,1340.000,40,1330.000,5,1320.000,9,1200.000,1,14.500,9,1380.000,49,1390.000,5,1530.000,1,0.000,0,0.000,0,0,5,
123019417000,1370.000,5,1340.000,40,1330.000,5,1320.000,9,1200.000,1,14.500,9,1380.000,49,1390.000,8,1530.000,1,0.000,0,0.000,0,0,5,
123021541000,1370.000,5,1340.000,40,1330.000,5,1320.000,9,1200.000,1,14.500,9,1380.000,49,1390.000,5,1530.000,1,0.000,0,0.000,0,0,5,
123033916000,1370.000,5,1340.000,40,1330.000,5,1320.000,9,1200.000,1,14.500,9,1380.000,49,1390.000,5,1530.000,1,0.000,0,0.000,0,0,5,
123053916000,1370.000,5,1340.000,30,1330.000,5,1320.000,9,1200.000,1,14.500,9,1380.000,39,1390.000,5,1530.000,1,0.000,0,0.000,0,0,5,
123059292000,1370.000,5,1340.000,40,1330.000,5,1320.000,9,1200.000,1,14.500,9,1380.000,49,1390.000,5,1530.000,1,0.000,0,0.000,0,0,5,
123100167000,1370.000,5,1340.000,40,1330.000,5,1320.000,9,1200.000,1,14.500,9,1380.000,49,1390.000,8,1530.000,1,0.000,0,0.000,0,0,5,
123104791000,1370.000,5,1340.000,40,1330.000,5,1320.000,9,1200.000,1,14.500,9,1380.000,49,1390.000,5,1530.000,1,0.000,0,0.000,0,0,5,
123110292000,1370.000,5,1340.000,20,1330.000,5,1320.000,9,1200.000,1,14.500,9,1380.000,29,1390.000,5,1530.000,1,0.000,0,0.000,0,0,5,
123114791000,1370.000,5,1330.000,5,1320.000,9,1200.000,1,14.500,9,14.000,1,1380.000,9,1390.000,5,1530.000,1,0.000,0,0.000,0,0,5,
123116791000,1370.000,5,1330.000,25,1320.000,9,1200.000,1,14.500,9,14.000,1,1370.000,20,1380.000,9,1390.000,5,1530.000,1,0.000,0,0,5,
123127166000,1370.000,5,1330.000,35,1320.000,9,1200.000,1,14.500,9,14.000,1,1370.000,30,1380.000,9,1390.000,5,1530.000,1,0.000,0,0,5,
123130543000,1370.000,5,1330.000,25,1320.000,9,1200.000,1,14.500,9,14.000,1,1370.000,20,1380.000,9,1390.000,5,1530.000,1,0.000,0,0,5,
123131416000,1370.000,5,1330.000,5,1320.000,9,1200.000,1,14.500,9,14.000,1,1380.000,9,1390.000,5,1530.000,1,0.000,0,0.000,0,0,5,
123134791000,1370.000,5,1330.000,25,1320.000,9,1200.000,1,14.500,9,14.000,1,1370.000,20,1380.000,9,1390.000,5,1530.000,1,0.000,0,0,5,
123135792000,1370.000,5,1340.000,20,1330.000,5,1320.000,9,1200.000,1,14.500,9,1370.000,20,1380.000,9,1390.000,5,1530.000,1,0.000,0,0,5,
123204792000,1370.000,5,1330.000,25,1320.000,9,1200.000,1,14.500,9,14.000,1,1370.000,20,1380.000,9,1390.000,5,1530.000,1,0.000,0,0,5,
123208791000,1370.000,5,1340.000,20,1330.000,5,1320.000,9,1200.000,1,14.500,9,1370.000,20,1380.000,9,1390.000,5,1530.000,1,0.000,0,0,5,
123209791000,1370.000,5,1330.000,25,1320.000,9,1200.000,1,14.500,9,14.000,1,1370.000,20,1380.000,9,1390.000,5,1530.000,1,0.000,0,0,5,
123210918000,1370.000,5,1330.000,35,1320.000,12,1200.000,1,14.500,9,14.000,1,1370.000,30,1380.000,12,1390.000,5,1530.000,1,0.000,0,0,5,
123213166000,1370.000,5,1330.000,45,1320.000,9,1200.000,1,14.500,9,14.000,1,1370.000,40,1380.000,9,1390.000,5,1530.000,1,0.000,0,0,5,
123231667000,1370.000,5,1330.000,45,1320.000,12,1200.000,1,14.500,9,14.000,1,1370.000,40,1380.000,12,1390.000,5,1530.000,1,0.000,0,0,5,
123234541000,1370.000,5,1330.000,45,1320.000,9,1200.000,1,14.500,9,14.000,1,1370.000,40,1380.000,9,1390.000,5,1530.000,1,0.000,0,0,5,
123235292000,1370.000,5,1330.000,45,1320.000,12,1200.000,1,14.500,9,14.000,1,1370.000,40,1380.000,12,1390.000,5,1530.000,1,0.000,0,0,5,
123237666000,1370.000,5,1330.000,45,1320.000,9,1200.000,1,14.500,9,14.000,1,1370.000,40,1380.000,9,1390.000,5,1530.000,1,0.000,0,0,5,
123248916000,1370.000,5,1330.000,45,1320.000,9,1200.000,1,14.500,9,14.000,1,1370.000,40,1380.000,9,1530.000,1,0.000,0,0.000,0,0,5,
123249918000,1370.000,5,1330.000,45,1320.000,9,1200.000,1,14.500,9,14.000,1,1370.000,40,1380.000,14,1530.000,1,0.000,0,0.000,0,0,5,
123251541000,1370.000,5,1330.000,25,1320.000,9,1200.000,1,14.500,9,14.000,1,1370.000,20,1380.000,14,1530.000,1,0.000,0,0.000,0,0,5,
123252416000,1370.000,5,1340.000,20,1330.000,5,1320.000,9,1200.000,1,14.500,9,1370.000,20,1380.000,14,1530.000,1,0.000,0,0.000,0,0,5,
123255042000,1370.000,5,1340.000,20,1330.000,5,1320.000,9,1200.000,1,14.500,9,1370.000,20,1380.000,17,1530.000,1,0.000,0,0.000,0,0,5,
123255417000,1370.000,5,1330.000,25,1320.000,12,1200.000,1,14.500,9,14.000,1,1370.000,20,1380.000,17,1530.000,1,0.000,0,0.000,0,0,5,
123255541000,1370.000,5,1330.000,45,1320.000,12,1200.000,1,14.500,9,14.000,1,1370.000,40,1380.000,17,1530.000,1,0.000,0,0.000,0,0,5,
123258916000,1370.000,5,1330.000,45,1320.000,9,1200.000,1,14.500,9,14.000,1,1370.000,40,1380.000,14,1530.000,1,0.000,0,0.000,0,0,5,
123300417000,1370.000,5,1330.000,45,1320.000,12,1200.000,1,14.500,9,14.000,1,1370.000,40,1380.000,17,1530.000,1,0.000,0,0.000,0,0,5,
123308291000,1370.000,5,1330.000,45,1320.000,9,1200.000,1,14.500,9,14.000,1,1370.000,40,1380.000,14,1530.000,1,0.000,0,0.000,0,0,5,
123315541000,1370.000,5,1330.000,45,1320.000,9,1200.000,1,14.500,9,14.000,1,1370.000,40,1380.000,14,1530.000,1,0.000,0,0.000,0,0,5,
123316920000,1370.000,5,1330.000,35,1320.000,9,1200.000,1,14.500,9,14.000,1,1370.000,30,1380.000,14,1530.000,1,0.000,0,0.000,0,0,5,
123317046000,1370.000,5,1330.000,25,1320.000,9,1200.000,1,14.500,9,14.000,1,1370.000,20,1380.000,14,1530.000,1,0.000,0,0.000,0,0,5,
123317419000,1370.000,5,1340.000,20,1330.000,5,1320.000,9,1200.000,1,14.500,9,1370.000,20,1380.000,14,1530.000,1,0.000,0,0.000,0,0,5,
123331917000,1370.000,5,1340.000,20,1330.000,5,1320.000,9,1200.000,1,14.500,9,1380.000,34,1530.000,1,0.000,0,0.000,0,0.000,0,0,5,
123332044000,1370.000,5,1340.000,20,1330.000,5,1320.000,9,1200.000,1,14.500,9,1380.000,34,1390.000,3,1530.000,1,0.000,0,0.000,0,0,5,
123332916000,1370.000,5,1340.000,20,1330.000,5,1320.000,9,1200.000,1,14.500,9,1370.000,20,1380.000,14,1390.000,3,1530.000,1,0.000,0,0,5,
123336041000,1370.000,5,1340.000,20,1330.000,5,1320.000,9,1200.000,1,14.500,9,1370.000,20,1380.000,14,1530.000,1,0.000,0,0.000,0,0,5,
123339916000,1370.000,5,1340.000,20,1330.000,5,1320.000,9,1200.000,1,14.500,9,1380.000,34,1390.000,3,1530.000,1,0.000,0,0.000,0,0,5,
123340041000,1370.000,5,1340.000,30,1330.000,5,1320.000,9,1200.000,1,14.500,9,1380.000,44,1390.000,3,1530.000,1,0.000,0,0.000,0,0,5,
123352791000,1370.000,5,1340.000,40,1330.000,5,1320.000,9,1200.000,1,14.500,9,1380.000,54,1390.000,3,1530.000,1,0.000,0,0.000,0,0,5,
123357668000,1370.000,5,1340.000,40,1330.000,5,1320.000,9,1200.000,1,14.500,9,1380.000,54,1530.000,1,0.000,0,0.000,0,0.000,0,0,5,
123400042000,1370.000,5,1340.000,30,1330.000,5,1320.000,9,1200.000,1,14.500,9,1380.000,44,1530.000,1,0.000,0,0.000,0,0.000,0,0,5,
123405541000,1370.000,5,1340.000,40,1330.000,5,1320.000,9,1200.000,1,14.500,9,1380.000,54,1530.000,1,0.000,0,0.000,0,0.000,0,0,5,
123406292000,1370.000,5,1340.000,40,1330.000,5,1320.000,9,1200.000,1,14.500,9,1380.000,54,1390.000,3,1530.000,1,0.000,0,0.000,0,0,5,
123417167000,1370.000,5,1340.000,20,1330.000,5,1320.000,9,1200.000,1,14.500,9,1380.000,34,1390.000,3,1530.000,1,0.000,0,0.000,0,0,5,
123417417000,1370.000,5,1340.000,20,1330.000,5,1320.000,9,1200.000,1,14.500,9,1370.000,20,1380.000,14,1390.000,3,1530.000,1,0.000,0,0,5,
123419041000,1370.000,5,1340.000,20,1330.000,5,1320.000,9,1200.000,1,14.500,9,1370.000,20,1380.000,14,1530.000,1,0.000,0,0.000,0,0,5,
123433041000,1370.000,5,1340.000,20,1330.000,5,1320.000,9,1200.000,1,14.500,9,1370.000,20,1380.000,17,1530.000,1,0.000,0,0.000,0,0,5,
123437791000,1370.000,5,1340.000,20,1330.000,5,1320.000,9,1200.000,1,14.500,9,1370.000,20,1380.000,14,1530.000,1,0.000,0,0.000,0,0,5,
123453541000,1370.000,5,1340.000,20,1330.000,5,1320.000,9,1200.000,1,14.500,9,1370.000,20,1380.000,17,1530.000,1,0.000,0,0.000,0,0,5,
123456416000,1370.000,5,1340.000,20,1330.000,5,1320.000,9,1200.000,1,14.500,9,1370.000,20,1380.000,14,1530.000,1,0.000,0,0.000,0,0,5,
123504167000,1370.000,5,1340.000,20,1330.000,18,1320.000,9,1200.000,1,14.500,9,1370.000,30,1380.000,17,1530.000,1,0.000,0,0.000,0,0,5,
123504667000,1370.000,5,1340.000,20,1330.000,15,1320.000,9,1200.000,1,14.500,9,1370.000,30,1380.000,17,1530.000,1,0.000,0,0.000,0,0,5,
123504917000,1370.000,5,1340.000,20,1330.000,5,1320.000,9,1200.000,1,14.500,9,1380.000,37,1530.000,1,0.000,0,0.000,0,0.000,0,0,5,
123505666000,1370.000,5,1340.000,20,1330.000,5,1320.000,9,1200.000,1,14.500,9,1380.000,34,1530.000,1,0.000,0,0.000,0,0.000,0,0,5,
123505917000,1370.000,5,1340.000,30,1330.000,5,1320.000,9,1200.000,1,14.500,9,1380.000,44,1390.000,3,1530.000,1,0.000,0,0.000,0,0,5,
123507167000,1370.000,5,1340.000,20,1330.000,5,1320.000,9,1200.000,1,14.500,9,1380.000,34,1390.000,3,1530.000,1,0.000,0,0.000,0,0,5,
123510916000,1370.000,5,1340.000,20,1330.000,5,1320.000,9,1200.000,1,14.500,9,1370.000,20,1380.000,14,1390.000,3,1530.000,1,0.000,0,0,5,
123511791000,1370.000,5,1340.000,20,1330.000,5,1320.000,9,1200.000,1,14.500,9,1370.000,20,1380.000,17,1530.000,1,0.000,0,0.000,0,0,5,
123515542000,1370.000,5,1340.000,20,1330.000,8,1320.000,9,1200.000,1,14.500,9,1370.000,20,1380.000,17,1530.000,1,0.000,0,0.000,0,0,5,
123519792000,1370.000,5,1340.000,20,1330.000,15,1320.000,9,1200.000,1,14.500,9,1370.000,30,1380.000,17,1530.000,1,0.000,0,0.000,0,0,5,
123520416000,1370.000,5,1340.000,20,1330.000,5,1320.000,9,1200.000,1,14.500,9,1380.000,37,1530.000,1,0.000,0,0.000,0,0.000,0,0,5,
123521167000,1370.000,5,1340.000,40,1330.000,5,1320.000,9,1200.000,1,14.500,9,1380.000,54,1530.000,1,0.000,0,0.000,0,0.000,0,0,5,
123521416000,1370.000,5,1340.000,30,1330.000,5,1320.000,9,1200.000,1,14.500,9,1380.000,44,1390.000,3,1530.000,1,0.000,0,0.000,0,0,5,
123527292000,1370.000,5,1340.000,30,1330.000,5,1320.000,9,1200.000,1,14.500,9,1380.000,44,1530.000,1,0.000,0,0.000,0,0.000,0,0,5,
123530666000,1370.000,5,1340.000,30,1330.000,5,1320.000,9,1200.000,1,14.500,9,1380.000,44,1390.000,3,1530.000,1,0.000,0,0.000,0,0,5,
123533541000,1370.000,5,1340.000,30,1330.000,5,1320.000,9,1200.000,1,14.500,9,1380.000,44,1530.000,1,0.000,0,0.000,0,0.000,0,0,5,
123533918000,1370.000,5,1340.000,30,1330.000,5,1320.000,9,1200.000,1,14.500,9,1380.000,44,1390.000,3,1530.000,1,0.000,0,0.000,0,0,5,
123539042000,1370.000,5,1340.000,40,1330.000,5,1320.000,9,1200.000,1,14.500,9,1380.000,54,1390.000,3,1530.000,1,0.000,0,0.000,0,0,5,
123541292000,1370.000,5,1340.000,30,1330.000,5,1320.000,9,1200.000,1,14.500,9,1380.000,44,1390.000,3,1530.000,1,0.000,0,0.000,0,0,5,
123542542000,1370.000,5,1340.000,40,1330.000,8,1320.000,9,1200.000,1,14.500,9,1380.000,54,1390.000,3,1530.000,1,0.000,0,0.000,0,0,5,
123546292000,1370.000,5,1340.000,40,1330.000,5,1320.000,9,1200.000,1,14.500,9,1380.000,54,1390.000,3,1530.000,1,0.000,0,0.000,0,0,5,
123557044000,1370.000,5,1340.000,40,1330.000,8,1320.000,9,1200.000,1,14.500,9,1380.000,54,1390.000,3,1530.000,1,0.000,0,0.000,0,0,5,
123601291000,1370.000,5,1340.000,40,1330.000,5,1320.000,9,1200.000,1,14.500,9,1380.000,54,1390.000,3,1530.000,1,0.000,0,0.000,0,0,5,
123610167000,1370.000,5,1340.000,40,1330.000,8,1320.000,9,1200.000,1,14.500,9,1380.000,54,1390.000,3,1530.000,1,0.000,0,0.000,0,0,5,
123610541000,1370.000,5,1340.000,40,1330.000,5,1320.000,9,1200.000,1,14.500,9,1380.000,54,1530.000,1,0.000,0,0.000,0,0.000,0,0,5,
123612667000,1370.000,5,1340.000,40,1330.000,5,1320.000,9,1200.000,1,14.500,9,1380.000,54,1390.000,3,1530.000,1,0.000,0,0.000,0,0,5,
123620667000,1370.000,5,1340.000,40,1330.000,8,1320.000,9,1200.000,1,14.500,9,1380.000,54,1390.000,3,1530.000,1,0.000,0,0.000,0,0,5,
123623542000,1370.000,5,1340.000,40,1330.000,5,1320.000,9,1200.000,1,14.500,9,1380.000,54,1390.000,3,1530.000,1,0.000,0,0.000,0,0,5,
123632042000,1370.000,5,1340.000,40,1330.000,5,1320.000,9,1200.000,1,14.500,9,1380.000,54,1530.000,1,0.000,0,0.000,0,0.000,0,0,5,
123633541000,1370.000,5,1340.000,40,1330.000,5,1320.000,9,1200.000,1,14.500,9,1380.000,54,1390.000,3,1530.000,1,0.000,0,0.000,0,0,5,
123639791000,1370.000,5,1340.000,40,1330.000,8,1320.000,9,1200.000,1,14.500,9,1380.000,54,1390.000,3,1530.000,1,0.000,0,0.000,0,0,5,
123640667000,1370.000,5,1340.000,40,1330.000,5,1320.000,9,1200.000,1,14.500,9,1380.000,54,1390.000,3,1530.000,1,0.000,0,0.000,0,0,5,
123659916000,1370.000,5,1340.000,30,1330.000,5,1320.000,9,1200.000,1,14.500,9,1380.000,44,1390.000,3,1530.000,1,0.000,0,0.000,0,0,5,
123704167000,1370.000,5,1340.000,20,1330.000,5,1320.000,9,1200.000,1,14.500,9,1380.000,34,1390.000,3,1530.000,1,0.000,0,0.000,0,0,5,
123709042000,1370.000,5,1340.000,20,1330.000,5,1320.000,9,1200.000,1,14.500,9,1380.000,37,1530.000,1,0.000,0,0.000,0,0.000,0,0,5,
123712043000,1370.000,5,1340.000,40,1330.000,5,1320.000,9,1200.000,1,14.500,9,1380.000,54,1390.000,3,1530.000,1,0.000,0,0.000,0,0,5,
123718168000,1370.000,5,1340.000,20,1330.000,8,1320.000,9,1200.000,1,14.500,9,1380.000,37,1530.000,1,0.000,0,0.000,0,0.000,0,0,5,
123718292000,1370.000,5,1340.000,20,1330.000,5,1320.000,9,1200.000,1,14.500,9,1380.000,37,1530.000,1,0.000,0,0.000,0,0.000,0,0,5,
123721291000,1370.000,5,1340.000,20,1330.000,5,1320.000,9,1200.000,1,14.500,9,1380.000,34,1390.000,3,1530.000,1,0.000,0,0.000,0,0,5,
123727541000,1370.000,5,1340.000,20,1330.000,5,1320.000,9,1200.000,1,14.500,9,1380.000,37,1530.000,1,0.000,0,0.000,0,0.000,0,0,5,
123736916000,1370.000,5,1340.000,20,1330.000,5,1320.000,9,1200.000,1,14.500,9,1380.000,34,1390.000,3,1530.000,1,0.000,0,0.000,0,0,5,
123737043000,1370.000,5,1340.000,40,1330.000,5,1320.000,9,1200.000,1,14.500,9,1380.000,54,1390.000,3,1530.000,1,0.000,0,0.000,0,0,5,
123738666000,1370.000,5,1340.000,30,1330.000,5,1320.000,9,1200.000,1,14.500,9,1380.000,44,1390.000,3,1530.000,1,0.000,0,0.000,0,0,5,
123739791000,1370.000,5,1340.000,30,1330.000,5,1320.000,9,1200.000,1,14.500,9,1380.000,47,1530.000,1,0.000,0,0.000,0,0.000,0,0,5,
123757044000,1370.000,5,1340.000,30,1330.000,5,1320.000,9,1200.000,1,14.500,9,1380.000,47,1530.000,1,0.000,0,0.000,0,0.000,0,0,5,
123758416000,1370.000,5,1340.000,40,1330.000,5,1320.000,9,1200.000,1,14.500,9,1380.000,54,1390.000,3,1530.000,1,0.000,0,0.000,0,0,5,
123804542000,1370.000,5,1340.000,30,1330.000,5,1320.000,9,1200.000,1,14.500,9,1380.000,44,1390.000,3,1530.000,1,0.000,0,0.000,0,0,5,
123814041000,1370.000,5,1340.000,40,1330.000,5,1320.000,9,1200.000,1,14.500,9,1380.000,57,1530.000,1,0.000,0,0.000,0,0.000,0,0,5,
123817167000,1370.000,5,1340.000,40,1330.000,5,1320.000,9,1200.000,1,14.500,9,1380.000,54,1390.000,3,1530.000,1,0.000,0,0.000,0,0,5,
123828666000,1370.000,5,1340.000,40,1330.000,5,1320.000,9,1200.000,1,14.500,9,1380.000,54,1390.000,3,1530.000,1,0.000,0,0.000,0,0,5,
123848666000,1370.000,5,1340.000,30,1330.000,5,1320.000,9,1200.000,1,14.500,9,1380.000,44,1390.000,3,1530.000,1,0.000,0,0.000,0,0,5,
123854791000,1370.000,5,1340.000,40,1330.000,5,1320.000,9,1200.000,1,14.500,9,1380.000,54,1390.000,3,1530.000,1,0.000,0,0.000,0,0,5,
123904170000,1370.000,5,1340.000,30,1330.000,5,1320.000,9,1200.000,1,14.500,9,1380.000,44,1390.000,3,1530.000,1,0.000,0,0.000,0,0,5,
123906541000,1370.000,5,1340.000,30,1330.000,5,1320.000,9,1200.000,1,14.500,9,1380.000,44,1530.000,1,0.000,0,0.000,0,0.000,0,0,5,
123907418000,1370.000,5,1340.000,40,1330.000,5,1320.000,9,1200.000,1,14.500,9,1380.000,54,1390.000,3,1530.000,1,0.000,0,0.000,0,0,5,
123927416000,1370.000,5,1340.000,30,1330.000,5,1320.000,9,1200.000,1,14.500,9,1380.000,44,1390.000,3,1530.000,1,0.000,0,0.000,0,0,5,
123930541000,1370.000,5,1340.000,40,1330.000,5,1320.000,9,1200.000,1,14.500,9,1380.000,54,1390.000,3,1530.000,1,0.000,0,0.000,0,0,5,
123931167000,1370.000,5,1340.000,40,1330.000,8,1320.000,9,1200.000,1,14.500,9,1380.000,54,1390.000,3,1530.000,1,0.000,0,0.000,0,0,5,
123934291000,1370.000,5,1340.000,40,1330.000,5,1320.000,9,1200.000,1,14.500,9,1380.000,54,1390.000,3,1530.000,1,0.000,0,0.000,0,0,5,
123950666000,1370.000,5,1340.000,30,1330.000,5,1320.000,9,1200.000,1,14.500,9,1380.000,44,1390.000,3,1530.000,1,0.000,0,0.000,0,0,5,
123955792000,1370.000,5,1340.000,40,1330.000,5,1320.000,9,1200.000,1,14.500,9,1380.000,54,1390.000,3,1530.000,1,0.000,0,0.000,0,0,5,
124008045000,1370.000,5,1340.000,20,1330.000,5,1320.000,9,1200.000,1,14.500,9,1380.000,34,1530.000,1,0.000,0,0.000,0,0.000,0,0,5,
124008666000,1370.000,5,1340.000,20,1330.000,5,1320.000,9,1200.000,1,14.500,9,1370.000,20,1380.000,14,1530.000,1,0.000,0,0.000,0,0,5,
124020042000,1370.000,5,1330.000,35,1320.000,9,1200.000,1,14.500,9,14.000,1,1370.000,30,1380.000,14,1530.000,1,0.000,0,0.000,0,0,5,
124030294000,1370.000,5,1330.000,25,1320.000,9,1200.000,1,14.500,9,14.000,1,1370.000,20,1380.000,14,1530.000,1,0.000,0,0.000,0,0,5,
124030666000,1370.000,5,1340.000,20,1330.000,5,1320.000,9,1200.000,1,14.500,9,1370.000,20,1380.000,14,1530.000,1,0.000,0,0.000,0,0,5,
124133791000,1370.000,5,1340.000,20,1330.000,5,1320.000,9,1200.000,1,14.500,9,1370.000,20,1380.000,17,1530.000,1,0.000,0,0.000,0,0,5,
124137541000,1370.000,5,1340.000,20,1330.000,5,1320.000,9,1200.000,1,14.500,9,1370.000,20,1380.000,14,1530.000,1,0.000,0,0.000,0,0,5,
124159167000,1370.000,5,1340.000,20,1330.000,5,1320.000,9,1200.000,1,14.500,9,1380.000,34,1530.000,1,0.000,0,0.000,0,0.000,0,0,5,
124205292000,1370.000,5,1340.000,30,1330.000,5,1320.000,9,1200.000,1,14.500,9,1380.000,44,1530.000,1,0.000,0,0.000,0,0.000,0,0,5,
124206041000,1370.000,5,1340.000,30,1330.000,5,1320.000,9,1200.000,1,14.500,9,1380.000,44,1390.000,3,1530.000,1,0.000,0,0.000,0,0,5,
124209667000,1370.000,5,1340.000,40,1330.000,5,1320.000,9,1200.000,1,14.500,9,1380.000,54,1390.000,3,1530.000,1,0.000,0,0.000,0,0,5,
124211542000,1370.000,5,1340.000,40,1330.000,5,1320.000,9,1200.000,1,14.500,9,1380.000,54,1530.000,1,0.000,0,0.000,0,0.000,0,0,5,
124213044000,1370.000,5,1340.000,40,1330.000,8,1320.000,9,1200.000,1,14.500,9,1380.000,54,1390.000,3,1530.000,1,0.000,0,0.000,0,0,5,
124213171000,1370.000,5,1340.000,40,1330.000,8,1320.000,9,1200.000,1,14.500,9,1380.000,49,1390.000,3,1530.000,1,0.000,0,0.000,0,0,5,
124214542000,1370.000,5,1340.000,40,1330.000,5,1320.000,9,1200.000,1,14.500,9,1380.000,49,1530.000,1,0.000,0,0.000,0,0.000,0,0,5,
124222793000,1370.000,5,1340.000,30,1330.000,5,1320.000,9,1200.000,1,14.500,9,1380.000,39,1530.000,1,0.000,0,0.000,0,0.000,0,0,5,
124225045000,1370.000,5,1340.000,20,1330.000,5,1320.000,9,1200.000,1,14.500,9,1380.000,20,1530.000,1,0.000,0,0.000,0,0.000,0,0,5,
124225542000,1370.000,5,1350.000,20,1330.000,5,1320.000,9,1200.000,1,14.500,9,1390.000,20,1530.000,1,0.000,0,0.000,0,0.000,0,0,5,
124228291000,1370.000,5,1350.000,20,1330.000,5,1320.000,9,1200.000,1,14.500,9,1390.000,20,1400.000,3,1530.000,1,0.000,0,0.000,0,0,5,
124251791000,1370.000,5,1350.000,20,1330.000,5,1320.000,9,1200.000,1,14.500,9,1390.000,20,1530.000,1,0.000,0,0.000,0,0.000,0,0,5,
124252667000,1370.000,5,1350.000,20,1330.000,5,1320.000,9,1200.000,1,14.500,9,1390.000,20,1400.000,3,1530.000,1,0.000,0,0.000,0,0,5,
124257292000,1370.000,5,1350.000,30,1330.000,5,1320.000,9,1200.000,1,14.500,9,1390.000,39,1400.000,3,1530.000,1,0.000,0,0.000,0,0,5,
124257669000,1370.000,5,1350.000,20,1330.000,5,1320.000,9,1200.000,1,14.500,9,1390.000,29,1400.000,3,1530.000,1,0.000,0,0.000,0,0,5,
124300545000,1370.000,5,1350.000,20,1330.000,5,1320.000,9,1200.000,1,14.500,9,1390.000,29,1530.000,1,0.000,0,0.000,0,0.000,0,0,5,
124305541000,1370.000,5,1350.000,30,1330.000,5,1320.000,9,1200.000,1,14.500,9,1390.000,39,1400.000,3,1530.000,1,0.000,0,0.000,0,0,5,
124325666000,1370.000,5,1350.000,20,1330.000,5,1320.000,9,1200.000,1,14.500,9,1390.000,29,1400.000,3,1530.000,1,0.000,0,0.000,0,0,5,
124328417000,1370.000,5,1350.000,20,1330.000,5,1320.000,9,1200.000,1,14.500,9,1390.000,34,1400.000,3,1530.000,1,0.000,0,0.000,0,0,5,
124338166000,1370.000,5,1350.000,30,1330.000,5,1320.000,9,1200.000,1,14.500,9,1390.000,44,1400.000,3,1530.000,1,0.000,0,0.000,0,0,5,
124353667000,1370.000,5,1350.000,30,1330.000,5,1320.000,9,1200.000,1,14.500,9,1390.000,44,1530.000,1,0.000,0,0.000,0,0.000,0,0,5,
124355043000,1370.000,5,1350.000,30,1330.000,5,1320.000,9,1200.000,1,14.500,9,1390.000,44,1400.000,3,1530.000,1,0.000,0,0.000,0,0,5,
124356667000,1370.000,5,1350.000,30,1330.000,5,1320.000,9,1200.000,1,14.500,9,1390.000,44,1530.000,1,0.000,0,0.000,0,0.000,0,0,5,
124358917000,1370.000,5,1350.000,30,1330.000,5,1320.000,9,1200.000,1,14.500,9,1390.000,44,1400.000,3,1530.000,1,0.000,0,0.000,0,0,5,
124405167000,1370.000,5,1350.000,30,1340.000,3,1330.000,5,1320.000,9,1200.000,1,1390.000,44,1400.000,3,1530.000,1,0.000,0,0.000,0,0,5,
124405791000,1370.000,5,1350.000,30,1330.000,5,1320.000,9,1200.000,1,14.500,9,1390.000,44,1400.000,3,1530.000,1,0.000,0,0.000,0,0,5,
124416666000,1370.000,5,1350.000,20,1330.000,5,1320.000,9,1200.000,1,14.500,9,1390.000,34,1400.000,3,1530.000,1,0.000,0,0.000,0,0,5,
124432792000,1370.000,5,1350.000,40,1330.000,5,1320.000,9,1200.000,1,14.500,9,1390.000,54,1400.000,3,1530.000,1,0.000,0,0.000,0,0,5,
124436667000,1370.000,5,1350.000,40,1330.000,5,1320.000,9,1200.000,1,14.500,9,1390.000,54,1530.000,1,0.000,0,0.000,0,0.000,0,0,5,
124436919000,1370.000,5,1350.000,40,1330.000,5,1320.000,9,1200.000,1,14.500,9,1390.000,57,1530.000,1,0.000,0,0.000,0,0.000,0,0,5,
124438667000,1370.000,5,1350.000,40,1340.000,3,1330.000,5,1320.000,9,1200.000,1,1390.000,57,1530.000,1,0.000,0,0.000,0,0.000,0,0,5,
124439666000,1370.000,5,1350.000,40,1340.000,3,1330.000,5,1320.000,9,1200.000,1,1390.000,54,1400.000,3,1530.000,1,0.000,0,0.000,0,0,5,
124442791000,1370.000,5,1350.000,40,1330.000,5,1320.000,9,1200.000,1,14.500,9,1390.000,54,1530.000,1,0.000,0,0.000,0,0.000,0,0,5,
124443042000,1370.000,5,1350.000,40,1330.000,5,1320.000,9,1200.000,1,14.500,9,1390.000,54,1400.000,3,1530.000,1,0.000,0,0.000,0,0,5,
124446544000,1370.000,5,1350.000,30,1330.000,5,1320.000,9,1200.000,1,14.500,9,1390.000,44,1400.000,3,1530.000,1,0.000,0,0.000,0,0,5,
124450416000,1370.000,5,1350.000,40,1330.000,5,1320.000,9,1200.000,1,14.500,9,1390.000,54,1400.000,3,1530.000,1,0.000,0,0.000,0,0,5,
124510541000,1370.000,5,1350.000,30,1330.000,5,1320.000,9,1200.000,1,14.500,9,1390.000,44,1400.000,3,1530.000,1,0.000,0,0.000,0,0,5,
124513043000,1370.000,5,1350.000,40,1340.000,3,1330.000,5,1320.000,9,1200.000,1,1390.000,54,1400.000,3,1530.000,1,0.000,0,0.000,0,0,5,
124513541000,1370.000,5,1350.000,40,1330.000,5,1320.000,9,1200.000,1,14.500,9,1390.000,54,1400.000,3,1530.000,1,0.000,0,0.000,0,0,5,
124513918000,1370.000,5,1350.000,40,1320.000,9,1200.000,1,14.500,9,14.000,1,1390.000,54,1400.000,3,1530.000,1,0.000,0,0.000,0,0,5,
124515542000,1370.000,5,1350.000,40,1340.000,3,1320.000,9,1200.000,1,14.500,9,1390.000,54,1400.000,3,1530.000,1,0.000,0,0.000,0,0,5,
124520167000,1370.000,5,1350.000,40,1320.000,9,1200.000,1,14.500,9,14.000,1,1390.000,54,1400.000,3,1530.000,1,0.000,0,0.000,0,0,5,
124523292000,1370.000,5,1350.000,40,1320.000,9,1200.000,1,14.500,9,14.000,1,1390.000,54,1530.000,1,0.000,0,0.000,0,0.000,0,0,5,
124527792000,1370.000,5,1350.000,40,1320.000,9,1200.000,1,14.500,9,14.000,1,1390.000,54,1400.000,3,1530.000,1,0.000,0,0.000,0,0,5,
124531791000,1370.000,5,1350.000,40,1320.000,9,1200.000,1,14.500,9,14.000,1,1390.000,54,1400.000,3,1530.000,1,0.000,0,0.000,0,0,5,
124532666000,1370.000,5,1350.000,40,1340.000,5,1320.000,9,1200.000,1,14.500,9,1390.000,54,1400.000,3,1530.000,1,0.000,0,0.000,0,0,5,
124541794000,1370.000,5,1350.000,40,1340.000,5,1320.000,9,1200.000,1,14.500,9,1390.000,54,1530.000,1,0.000,0,0.000,0,0.000,0,0,5,
124543416000,1370.000,5,1350.000,40,1340.000,5,1320.000,9,1200.000,1,14.500,9,1390.000,54,1400.000,3,1530.000,1,0.000,0,0.000,0,0,5,
124551916000,1370.000,5,1350.000,30,1340.000,5,1320.000,9,1200.000,1,14.500,9,1390.000,44,1400.000,3,1530.000,1,0.000,0,0.000,0,0,5,
124557042000,1370.000,5,1350.000,40,1340.000,5,1320.000,9,1200.000,1,14.500,9,1390.000,54,1400.000,3,1530.000,1,0.000,0,0.000,0,0,5,
124557294000,1370.000,5,1350.000,40,1340.000,5,1320.000,9,1200.000,1,14.500,9,1390.000,54,1530.000,1,0.000,0,0.000,0,0.000,0,0,5,
124600416000,1370.000,5,1350.000,40,1340.000,5,1320.000,9,1200.000,1,14.500,9,1390.000,54,1400.000,3,1530.000,1,0.000,0,0.000,0,0,5,
124617166000,1370.000,5,1350.000,30,1340.000,5,1320.000,9,1200.000,1,14.500,9,1390.000,44,1400.000,3,1530.000,1,0.000,0,0.000,0,0,5,
124622044000,1370.000,5,1350.000,40,1340.000,5,1320.000,9,1200.000,1,14.500,9,1390.000,54,1530.000,1,0.000,0,0.000,0,0.000,0,0,5,
124622541000,1370.000,5,1350.000,40,1340.000,5,1320.000,9,1200.000,1,14.500,9,1390.000,54,1400.000,3,1530.000,1,0.000,0,0.000,0,0,5,
124642166000,1370.000,5,1350.000,30,1340.000,5,1320.000,9,1200.000,1,14.500,9,1390.000,44,1400.000,3,1530.000,1,0.000,0,0.000,0,0,5,
124648166000,1370.000,5,1350.000,40,1340.000,5,1320.000,9,1200.000,1,14.500,9,1390.000,54,1400.000,3,1530.000,1,0.000,0,0.000,0,0,5,
124653042000,1370.000,5,1350.000,40,1340.000,5,1320.000,9,1200.000,1,14.500,9,1390.000,57,1530.000,1,0.000,0,0.000,0,0.000,0,0,5,
124656166000,1370.000,5,1350.000,40,1340.000,5,1320.000,9,1200.000,1,14.500,9,1390.000,54,1400.000,3,1530.000,1,0.000,0,0.000,0,0,5,
124700794000,1370.000,5,1350.000,20,1340.000,5,1320.000,9,1200.000,1,14.500,9,1390.000,34,1400.000,3,1530.000,1,0.000,0,0.000,0,0,5,
124702292000,1370.000,5,1340.000,5,1320.000,9,1200.000,1,14.500,9,14.000,1,1390.000,14,1530.000,1,0.000,0,0.000,0,0.000,0,0,5,
124703291000,1370.000,5,1340.000,25,1320.000,9,1200.000,1,14.500,9,14.000,1,1380.000,20,1390.000,14,1530.000,1,0.000,0,0.000,0,0,5,
124705043000,1370.000,5,1350.000,20,1340.000,5,1320.000,9,1200.000,1,14.500,9,1380.000,20,1390.000,14,1530.000,1,0.000,0,0.000,0,0,5,
124710666000,1370.000,5,1350.000,30,1340.000,5,1320.000,9,1200.000,1,14.500,9,1380.000,20,1390.000,24,1530.000,1,0.000,0,0.000,0,0,5,
124719543000,1370.000,5,1350.000,30,1340.000,5,1320.000,9,1200.000,1,14.500,9,1390.000,44,1530.000,1,0.000,0,0.000,0,0.000,0,0,5,
124719667000,1370.000,5,1350.000,40,1340.000,5,1320.000,9,1200.000,1,14.500,9,1390.000,54,1400.000,3,1530.000,1,0.000,0,0.000,0,0,5,
124721793000,1370.000,5,1350.000,30,1340.000,5,1320.000,9,1200.000,1,14.500,9,1390.000,44,1400.000,3,1530.000,1,0.000,0,0.000,0,0,5,
124722917000,1370.000,5,1340.000,25,1320.000,9,1200.000,1,14.500,9,14.000,1,1380.000,20,1390.000,14,1400.000,3,1530.000,1,0.000,0,0,5,
124723791000,1370.000,5,1340.000,25,1320.000,9,1200.000,1,14.500,9,14.000,1,1380.000,20,1390.000,14,1530.000,1,0.000,0,0.000,0,0,5,
124726291000,1370.000,5,1350.000,20,1340.000,5,1320.000,9,1200.000,1,14.500,9,1380.000,20,1390.000,14,1530.000,1,0.000,0,0.000,0,0,5,
124727291000,1370.000,5,1340.000,25,1320.000,9,1200.000,1,14.500,9,14.000,1,1380.000,20,1390.000,14,1530.000,1,0.000,0,0.000,0,0,5,
124728791000,1370.000,5,1350.000,20,1340.000,5,1320.000,9,1200.000,1,14.500,9,1380.000,20,1390.000,14,1530.000,1,0.000,0,0.000,0,0,5,
124729792000,1370.000,5,1340.000,25,1320.000,9,1200.000,1,14.500,9,14.000,1,1380.000,20,1390.000,14,1530.000,1,0.000,0,0.000,0,0,5,
124732916000,1370.000,5,1350.000,20,1340.000,5,1320.000,9,1200.000,1,14.500,9,1380.000,20,1390.000,14,1530.000,1,0.000,0,0.000,0,0,5,
124733916000,1370.000,5,1340.000,25,1320.000,9,1200.000,1,14.500,9,14.000,1,1380.000,20,1390.000,14,1530.000,1,0.000,0,0.000,0,0,5,
124736292000,1370.000,5,1350.000,20,1340.000,5,1320.000,9,1200.000,1,14.500,9,1380.000,20,1390.000,14,1530.000,1,0.000,0,0.000,0,0,5,
124757417000,1370.000,5,1350.000,30,1340.000,5,1320.000,9,1200.000,1,14.500,9,1380.000,20,1390.000,24,1530.000,1,0.000,0,0.000,0,0,5,
124805544000,1370.000,5,1350.000,20,1340.000,5,1320.000,9,1200.000,1,14.500,9,1380.000,20,1390.000,14,1530.000,1,0.000,0,0.000,0,0,5,
124810292000,1370.000,5,1340.000,25,1320.000,9,1200.000,1,14.500,9,14.000,1,1380.000,20,1390.000,14,1530.000,1,0.000,0,0.000,0,0,5,
124826292000,1370.000,5,1350.000,20,1340.000,5,1320.000,9,1200.000,1,14.500,9,1380.000,20,1390.000,14,1530.000,1,0.000,0,0.000,0,0,5,
124827291000,1370.000,5,1340.000,25,1320.000,9,1200.000,1,14.500,9,14.000,1,1380.000,20,1390.000,14,1530.000,1,0.000,0,0.000,0,0,5,
124833292000,1370.000,5,1350.000,20,1340.000,5,1320.000,9,1200.000,1,14.500,9,1380.000,20,1390.000,14,1530.000,1,0.000,0,0.000,0,0,5,
124859041000,1370.000,5,1350.000,30,1340.000,5,1320.000,9,1200.000,1,14.500,9,1380.000,20,1390.000,24,1530.000,1,0.000,0,0.000,0,0,5,
124902542000,1370.000,5,1350.000,20,1340.000,5,1320.000,9,1200.000,1,14.500,9,1380.000,20,1390.000,14,1530.000,1,0.000,0,0.000,0,0,5,
124907917000,1370.000,5,1350.000,20,1340.000,5,1320.000,9,1200.000,1,14.500,9,1390.000,34,1530.000,1,0.000,0,0.000,0,0.000,0,0,5,
124912045000,1370.000,5,1350.000,30,1340.000,5,1320.000,9,1200.000,1,14.500,9,1390.000,44,1400.000,3,1530.000,1,0.000,0,0.000,0,0,5,
124921291000,1370.000,5,1350.000,30,1340.000,5,1320.000,9,1200.000,1,14.500,9,1390.000,44,1530.000,1,0.000,0,0.000,0,0.000,0,0,5,
124932043000,1370.000,5,1350.000,30,1340.000,5,1320.000,9,1200.000,1,14.500,9,1390.000,44,1530.000,1,0.000,0,0.000,0,0.000,0,0,5,
124937291000,1370.000,5,1350.000,40,1340.000,5,1320.000,9,1200.000,1,14.500,9,1390.000,54,1530.000,1,0.000,0,0.000,0,0.000,0,0,5,
124948670000,1370.000,5,1350.000,30,1340.000,5,1320.000,9,1200.000,1,14.500,9,1390.000,30,1530.000,1,0.000,0,0.000,0,0.000,0,0,5,
124957416000,1370.000,5,1350.000,20,1340.000,5,1320.000,9,1200.000,1,14.500,9,1390.000,20,1530.000,1,0.000,0,0.000,0,0.000,0,0,5,
124959917000,1370.000,5,1350.000,30,1340.000,5,1320.000,9,1200.000,1,14.500,9,1390.000,30,1530.000,1,0.000,0,0.000,0,0.000,0,0,5,
125000166000,1370.000,5,1350.000,30,1340.000,5,1320.000,9,1200.000,1,14.500,9,1390.000,30,1400.000,5,1530.000,1,0.000,0,0.000,0,0,5,
125004293000,1370.000,5,1350.000,20,1340.000,5,1320.000,9,1200.000,1,14.500,9,1390.000,20,1400.000,5,1530.000,1,0.000,0,0.000,0,0,5,
125011916000,1370.000,5,1350.000,20,1340.000,5,1320.000,9,1200.000,1,14.500,9,1390.000,20,1400.000,14,1530.000,1,0.000,0,0.000,0,0,5,
125015167000,1370.000,5,1350.000,20,1340.000,8,1320.000,9,1200.000,1,14.500,9,1390.000,20,1400.000,17,1530.000,1,0.000,0,0.000,0,0,5,
125016916000,1370.000,5,1350.000,20,1340.000,5,1320.000,9,1200.000,1,14.500,9,1390.000,20,1400.000,14,1530.000,1,0.000,0,0.000,0,0,5,
125027167000,1370.000,5,1350.000,30,1340.000,5,1320.000,9,1200.000,1,14.500,9,1390.000,30,1400.000,17,1530.000,1,0.000,0,0.000,0,0,5,
125029418000,1370.000,5,1350.000,30,1340.000,5,1320.000,9,1200.000,1,14.500,9,1390.000,30,1400.000,14,1530.000,1,0.000,0,0.000,0,0,5,
125034666000,1370.000,5,1350.000,30,1340.000,8,1320.000,9,1200.000,1,14.500,9,1390.000,30,1400.000,14,1530.000,1,0.000,0,0.000,0,0,5,
125041667000,1370.000,5,1350.000,30,1340.000,5,1320.000,9,1200.000,1,14.500,9,1390.000,30,1400.000,14,1530.000,1,0.000,0,0.000,0,0,5,
125042044000,1370.000,5,1350.000,30,1340.000,5,1320.000,9,1200.000,1,14.500,9,1390.000,30,1400.000,17,1530.000,1,0.000,0,0.000,0,0,5,
125044792000,1370.000,5,1350.000,30,1340.000,5,1320.000,9,1200.000,1,14.500,9,1390.000,30,1400.000,14,1530.000,1,0.000,0,0.000,0,0,5,
125047291000,1370.000,5,1350.000,20,1340.000,5,1320.000,9,1200.000,1,14.500,9,1390.000,20,1400.000,14,1530.000,1,0.000,0,0.000,0,0,5,
125048666000,1370.000,5,1350.000,20,1340.000,8,1320.000,9,1200.000,1,14.500,9,1390.000,20,1400.000,14,1530.000,1,0.000,0,0.000,0,0,5,
125050916000,1370.000,5,1350.000,20,1340.000,5,1320.000,9,1200.000,1,14.500,9,1390.000,20,1400.000,14,1530.000,1,0.000,0,0.000,0,0,5,
125100792000,1370.000,5,1350.000,30,1340.000,8,1320.000,9,1200.000,1,14.500,9,1390.000,30,1400.000,14,1530.000,1,0.000,0,0.000,0,0,5,
125104795000,1370.000,5,1350.000,20,1340.000,8,1320.000,9,1200.000,1,14.500,9,1390.000,20,1400.000,14,1530.000,1,0.000,0,0.000,0,0,5,
125106041000,1370.000,5,1350.000,20,1340.000,5,1320.000,9,1200.000,1,14.500,9,1390.000,20,1400.000,14,1530.000,1,0.000,0,0.000,0,0,5,
125110542000,1370.000,5,1350.000,30,1340.000,5,1320.000,9,1200.000,1,14.500,9,1390.000,30,1400.000,17,1530.000,1,0.000,0,0.000,0,0,5,
125117168000,1370.000,5,1350.000,20,1340.000,5,1320.000,9,1200.000,1,14.500,9,1390.000,20,1400.000,17,1530.000,1,0.000,0,0.000,0,0,5,
125118541000,1370.000,5,1350.000,20,1340.000,5,1320.000,9,1200.000,1,14.500,9,1390.000,20,1400.000,14,1530.000,1,0.000,0,0.000,0,0,5,
125119794000,1370.000,5,1350.000,20,1340.000,5,1320.000,9,1200.000,1,14.500,9,1390.000,20,1400.000,17,1530.000,1,0.000,0,0.000,0,0,5,
125130918000,1370.000,5,1350.000,30,1340.000,5,1320.000,9,1200.000,1,14.500,9,1390.000,30,1400.000,14,1530.000,1,0.000,0,0.000,0,0,5,
125131042000,1370.000,5,1350.000,40,1340.000,5,1320.000,9,1200.000,1,14.500,9,1390.000,40,1400.000,14,1530.000,1,0.000,0,0.000,0,0,5,
125132916000,1370.000,5,1350.000,40,1340.000,5,1320.000,9,1200.000,1,14.500,9,1390.000,40,1400.000,17,1530.000,1,0.000,0,0.000,0,0,5,
125151041000,1370.000,5,1350.000,40,1340.000,5,1320.000,9,1200.000,1,14.500,9,1390.000,40,1400.000,17,1530.000,1,0.000,0,0.000,0,0,5,
125155541000,1370.000,5,1350.000,40,1340.000,5,1320.000,9,1200.000,1,14.500,9,1390.000,40,1400.000,14,1530.000,1,0.000,0,0.000,0,0,5,
125156292000,1370.000,5,1350.000,40,1340.000,5,1320.000,9,1200.000,1,14.500,9,1390.000,40,1400.000,17,1530.000,1,0.000,0,0.000,0,0,5,
125157796000,1370.000,5,1350.000,30,1340.000,5,1320.000,9,1200.000,1,14.500,9,1390.000,30,1400.000,17,1530.000,1,0.000,0,0.000,0,0,5,
125158666000,1370.000,5,1350.000,30,1340.000,5,1320.000,9,1200.000,1,14.500,9,1390.000,30,1400.000,14,1530.000,1,0.000,0,0.000,0,0,5,
125204041000,1370.000,5,1350.000,40,1340.000,5,1320.000,9,1200.000,1,14.500,9,1390.000,40,1400.000,14,1530.000,1,0.000,0,0.000,0,0,5,
125205791000,1370.000,5,1350.000,20,1340.000,5,1320.000,9,1200.000,1,14.500,9,1390.000,20,1400.000,14,1530.000,1,0.000,0,0.000,0,0,5,
125211041000,1370.000,5,1350.000,40,1340.000,5,1320.000,9,1200.000,1,14.500,9,1390.000,40,1400.000,14,1530.000,1,0.000,0,0.000,0,0,5,
125226542000,1370.000,5,1350.000,20,1340.000,5,1320.000,9,1200.000,1,14.500,9,1390.000,20,1400.000,14,1530.000,1,0.000,0,0.000,0,0,5,
125232417000,1370.000,5,1350.000,30,1340.000,5,1320.000,9,1200.000,1,14.500,9,1390.000,30,1400.000,14,1530.000,1,0.000,0,0.000,0,0,5,
125235041000,1370.000,5,1350.000,20,1340.000,5,1320.000,9,1200.000,1,14.500,9,1390.000,20,1400.000,14,1530.000,1,0.000,0,0.000,0,0,5,
125240418000,1370.000,5,1350.000,30,1340.000,5,1320.000,9,1200.000,1,14.500,9,1390.000,30,1400.000,14,1530.000,1,0.000,0,0.000,0,0,5,
125240542000,1370.000,5,1350.000,40,1340.000,5,1320.000,9,1200.000,1,14.500,9,1390.000,40,1400.000,14,1530.000,1,0.000,0,0.000,0,0,5,
125241543000,1370.000,5,1350.000,40,1340.000,5,1320.000,9,1200.000,1,14.500,9,1390.000,40,1400.000,17,1530.000,1,0.000,0,0.000,0,0,5,
125242044000,1370.000,5,1350.000,40,1340.000,5,1320.000,9,1200.000,1,14.500,9,1390.000,40,1400.000,14,1530.000,1,0.000,0,0.000,0,0,5,
125242417000,1370.000,5,1350.000,40,1340.000,5,1320.000,9,1200.000,1,14.500,9,1390.000,40,1400.000,17,1530.000,1,0.000,0,0.000,0,0,5,
125251291000,1370.000,5,1350.000,40,1340.000,5,1320.000,9,1200.000,1,14.500,9,1390.000,40,1400.000,14,1530.000,1,0.000,0,0.000,0,0,5,
125254293000,1370.000,5,1350.000,20,1340.000,5,1320.000,9,1200.000,1,14.500,9,1390.000,20,1400.000,14,1530.000,1,0.000,0,0.000,0,0,5,
125258917000,1370.000,5,1350.000,20,1340.000,5,1320.000,9,1200.000,1,14.500,9,1390.000,20,1400.000,17,1530.000,1,0.000,0,0.000,0,0,5,
125302291000,1370.000,5,1350.000,20,1340.000,8,1320.000,9,1200.000,1,14.500,9,1390.000,20,1400.000,17,1530.000,1,0.000,0,0.000,0,0,5,
125306291000,1370.000,5,1350.000,20,1340.000,5,1320.000,9,1200.000,1,14.500,9,1390.000,20,1400.000,17,1530.000,1,0.000,0,0.000,0,0,5,
125309416000,1370.000,5,1350.000,20,1340.000,5,1320.000,9,1200.000,1,14.500,9,1390.000,20,1400.000,14,1530.000,1,0.000,0,0.000,0,0,5,
125312166000,1370.000,5,1350.000,40,1340.000,5,1320.000,9,1200.000,1,14.500,9,1390.000,40,1400.000,14,1530.000,1,0.000,0,0.000,0,0,5,
125316917000,1370.000,5,1350.000,40,1340.000,5,1320.000,9,1200.000,1,14.500,9,1390.000,40,1400.000,17,1530.000,1,0.000,0,0.000,0,0,5,
125321791000,1370.000,5,1350.000,40,1340.000,5,1320.000,9,1200.000,1,14.500,9,1390.000,40,1400.000,14,1530.000,1,0.000,0,0.000,0,0,5,
125324667000,1370.000,5,1350.000,40,1340.000,5,1320.000,9,1200.000,1,14.500,9,1390.000,40,1400.000,17,1530.000,1,0.000,0,0.000,0,0,5,
125332166000,1370.000,5,1350.000,30,1340.000,5,1320.000,9,1200.000,1,14.500,9,1390.000,30,1400.000,17,1530.000,1,0.000,0,0.000,0,0,5,
125337541000,1370.000,5,1350.000,40,1340.000,5,1320.000,9,1200.000,1,14.500,9,1390.000,40,1400.000,17,1530.000,1,0.000,0,0.000,0,0,5,
125346416000,1370.000,5,1350.000,40,1340.000,5,1320.000,9,1200.000,1,14.500,9,1390.000,40,1400.000,14,1530.000,1,0.000,0,0.000,0,0,5,
125357541000,1370.000,5,1350.000,30,1340.000,5,1320.000,9,1200.000,1,14.500,9,1390.000,30,1400.000,14,1530.000,1,0.000,0,0.000,0,0,5,
125403541000,1370.000,5,1350.000,40,1340.000,5,1320.000,9,1200.000,1,14.500,9,1390.000,40,1400.000,14,1530.000,1,0.000,0,0.000,0,0,5,
125405918000,1370.000,5,1350.000,20,1340.000,5,1320.000,9,1200.000,1,14.500,9,1390.000,20,1400.000,14,1530.000,1,0.000,0,0.000,0,0,5,
125407045000,1370.000,5,1350.000,20,1340.000,8,1320.000,9,1200.000,1,14.500,9,1390.000,20,1400.000,17,1530.000,1,0.000,0,0.000,0,0,5,
125408166000,1370.000,5,1350.000,20,1340.000,5,1320.000,9,1200.000,1,14.500,9,1390.000,20,1400.000,14,1530.000,1,0.000,0,0.000,0,0,5,
125409668000,1370.000,5,1350.000,40,1340.000,5,1320.000,9,1200.000,1,14.500,9,1390.000,40,1400.000,14,1530.000,1,0.000,0,0.000,0,0,5,
125418041000,1370.000,5,1350.000,40,1340.000,5,1320.000,9,1200.000,1,14.500,9,1390.000,40,1400.000,17,1530.000,1,0.000,0,0.000,0,0,5,
125420666000,1370.000,5,1350.000,40,1340.000,8,1320.000,9,1200.000,1,14.500,9,1390.000,40,1400.000,17,1530.000,1,0.000,0,0.000,0,0,5,
125423542000,1370.000,5,1350.000,40,1340.000,5,1320.000,9,1200.000,1,14.500,9,1390.000,40,1400.000,14,1530.000,1,0.000,0,0.000,0,0,5,
125427416000,1370.000,5,1350.000,40,1340.000,8,1320.000,9,1200.000,1,14.500,9,1390.000,40,1400.000,17,1530.000,1,0.000,0,0.000,0,0,5,
125429666000,1370.000,5,1350.000,30,1340.000,8,1320.000,9,1200.000,1,14.500,9,1390.000,30,1400.000,17,1530.000,1,0.000,0,0.000,0,0,5,
125432668000,1370.000,5,1350.000,40,1340.000,5,1320.000,9,1200.000,1,14.500,9,1390.000,40,1400.000,17,1530.000,1,0.000,0,0.000,0,0,5,
125433792000,1370.000,5,1350.000,40,1340.000,8,1320.000,9,1200.000,1,14.500,9,1390.000,40,1400.000,17,1530.000,1,0.000,0,0.000,0,0,5,
125434168000,1370.000,5,1350.000,40,1340.000,5,1320.000,9,1200.000,1,14.500,9,1390.000,40,1400.000,17,1530.000,1,0.000,0,0.000,0,0,5,
125437918000,1370.000,5,1350.000,30,1340.000,5,1320.000,9,1200.000,1,14.500,9,1380.000,20,1390.000,10,1400.000,17,1530.000,1,0.000,0,0,5,
125438917000,1370.000,5,1350.000,10,1340.000,25,1320.000,9,1200.000,1,14.500,9,1380.000,20,1390.000,10,1400.000,14,1530.000,1,0.000,0,0,5,
125440043000,1370.000,5,1340.000,25,1320.000,9,1200.000,1,14.500,9,14.000,1,1380.000,20,1400.000,14,1530.000,1,0.000,0,0.000,0,0,5,
125440542000,1370.000,5,1340.000,5,1320.000,9,1200.000,1,14.500,9,14.000,1,1400.000,17,1530.000,1,0.000,0,0.000,0,0.000,0,0,5,
125445542000,1370.000,5,1350.000,20,1340.000,5,1320.000,9,1200.000,1,14.500,9,1390.000,20,1400.000,17,1530.000,1,0.000,0,0.000,0,0,5,
125447917000,1370.000,5,1340.000,5,1320.000,9,1200.000,1,14.500,9,14.000,1,1400.000,17,1530.000,1,0.000,0,0.000,0,0.000,0,0,5,
125454541000,1370.000,5,1350.000,40,1340.000,5,1320.000,9,1200.000,1,14.500,9,1390.000,40,1400.000,17,1530.000,1,0.000,0,0.000,0,0,5,
125514667000,1370.000,5,1350.000,40,1340.000,5,1320.000,9,1200.000,1,14.500,9,1390.000,40,1400.000,17,1530.000,1,0.000,0,0.000,0,0,5,
125517916000,1370.000,5,1350.000,10,1340.000,5,1320.000,9,1200.000,1,14.500,9,1390.000,10,1400.000,17,1530.000,1,0.000,0,0.000,0,0,5,
125518916000,1370.000,5,1350.000,10,1340.000,25,1320.000,9,1200.000,1,14.500,9,1380.000,20,1390.000,10,1400.000,17,1530.000,1,0.000,0,0,5,
125519916000,1370.000,5,1350.000,30,1340.000,5,1320.000,9,1200.000,1,14.500,9,1380.000,20,1390.000,10,1400.000,17,1530.000,1,0.000,0,0,5,
125528416000,1370.000,5,1350.000,30,1340.000,15,1320.000,9,1200.000,1,14.500,9,1380.000,30,1390.000,10,1400.000,14,1530.000,1,0.000,0,0,5,
125548416000,1370.000,5,1350.000,30,1340.000,5,1320.000,9,1200.000,1,14.500,9,1380.000,20,1390.000,10,1400.000,14,1530.000,1,0.000,0,0,5,
125549041000,1370.000,5,1350.000,10,1340.000,25,1320.000,9,1200.000,1,14.500,9,1380.000,20,1390.000,10,1400.000,14,1530.000,1,0.000,0,0,5,
125552922000,1370.000,5,1350.000,30,1340.000,5,1320.000,9,1200.000,1,14.500,9,1380.000,20,1390.000,10,1400.000,14,1530.000,1,0.000,0,0,5,
125601292000,1370.000,5,1350.000,30,1340.000,15,1320.000,9,1200.000,1,14.500,9,1380.000,30,1390.000,10,1400.000,14,1530.000,1,0.000,0,0,5,
125612045000,1370.000,5,1350.000,20,1340.000,18,1320.000,9,1200.000,1,14.500,9,1380.000,30,1400.000,14,1530.000,1,0.000,0,0.000,0,0,5,
125614792000,1370.000,5,1350.000,20,1340.000,15,1320.000,9,1200.000,1,14.500,9,1380.000,30,1400.000,14,1530.000,1,0.000,0,0.000,0,0,5,
125620041000,1370.000,5,1350.000,30,1340.000,15,1320.000,9,1200.000,1,14.500,9,1380.000,30,1390.000,10,1400.000,14,1530.000,1,0.000,0,0,5,
125640041000,1370.000,5,1350.000,30,1340.000,5,1320.000,9,1200.000,1,14.500,9,1380.000,20,1390.000,10,1400.000,14,1530.000,1,0.000,0,0,5,
125648791000,1370.000,5,1350.000,20,1340.000,5,1320.000,9,1200.000,1,14.500,9,1380.000,20,1400.000,14,1530.000,1,0.000,0,0.000,0,0,5,
125649041000,1370.000,5,1350.000,20,1340.000,5,1320.000,9,1200.000,1,14.500,9,1390.000,20,1400.000,14,1530.000,1,0.000,0,0.000,0,0,5,
125716791000,1370.000,5,1350.000,20,1340.000,8,1320.000,9,1200.000,1,14.500,9,1390.000,20,1400.000,14,1530.000,1,0.000,0,0.000,0,0,5,
125722668000,1370.000,5,1350.000,30,1340.000,5,1320.000,9,1200.000,1,14.500,9,1390.000,30,1400.000,14,1530.000,1,0.000,0,0.000,0,0,5,
125725792000,1370.000,5,1350.000,30,1340.000,8,1320.000,9,1200.000,1,14.500,9,1390.000,30,1400.000,14,1530.000,1,0.000,0,0.000,0,0,5,
125731667000,1370.000,5,1350.000,30,1340.000,8,1320.000,9,1200.000,1,14.500,9,1390.000,30,1400.000,17,1530.000,1,0.000,0,0.000,0,0,5,
125735042000,1370.000,5,1350.000,30,1340.000,5,1320.000,9,1200.000,1,14.500,9,1390.000,30,1400.000,14,1530.000,1,0.000,0,0.000,0,0,5,
125736917000,1370.000,5,1350.000,30,1340.000,8,1320.000,9,1200.000,1,14.500,9,1390.000,30,1400.000,14,1530.000,1,0.000,0,0.000,0,0,5,
125742666000,1370.000,5,1350.000,20,1340.000,8,1320.000,9,1200.000,1,14.500,9,1390.000,20,1400.000,14,1530.000,1,0.000,0,0.000,0,0,5,
125758543000,1370.000,5,1360.000,20,1340.000,8,1320.000,9,1200.000,1,14.500,9,1400.000,34,1530.000,1,0.000,0,0.000,0,0.000,0,0,5,
125759545000,1370.000,5,1350.000,20,1340.000,8,1320.000,9,1200.000,1,14.500,9,1390.000,20,1400.000,14,1530.000,1,0.000,0,0.000,0,0,5,
125806541000,1370.000,5,1360.000,20,1340.000,8,1320.000,9,1200.000,1,14.500,9,1400.000,34,1530.000,1,0.000,0,0.000,0,0.000,0,0,5,
125807168000,1370.000,5,1360.000,30,1340.000,8,1320.000,9,1200.000,1,14.500,9,1400.000,35,1530.000,1,0.000,0,0.000,0,0.000,0,0,5,
125820916000,1370.000,5,1360.000,40,1340.000,8,1320.000,9,1200.000,1,14.500,9,1400.000,45,1530.000,1,0.000,0,0.000,0,0.000,0,0,5,
125827291000,1370.000,5,1360.000,40,1340.000,8,1320.000,9,1200.000,1,14.500,9,1400.000,45,1530.000,1,0.000,0,0.000,0,0.000,0,0,5,
125830417000,1370.000,5,1360.000,40,1340.000,8,1320.000,9,1200.000,1,14.500,9,1400.000,45,1410.000,3,1530.000,1,0.000,0,0.000,0,0,5,
125830541000,1370.000,5,1360.000,40,1350.000,3,1340.000,5,1320.000,9,1200.000,1,1400.000,45,1410.000,3,1530.000,1,0.000,0,0.000,0,0,5,
125833541000,1370.000,5,1360.000,40,1340.000,5,1320.000,9,1200.000,1,14.500,9,1400.000,45,1530.000,1,0.000,0,0.000,0,0.000,0,0,5,
125844041000,1370.000,5,1360.000,20,1340.000,5,1320.000,9,1200.000,1,14.500,9,1400.000,25,1530.000,1,0.000,0,0.000,0,0.000,0,0,5,
125844166000,1370.000,5,1350.000,20,1340.000,8,1320.000,9,1200.000,1,14.500,9,1390.000,20,1400.000,14,1530.000,1,0.000,0,0.000,0,0,5,
125844793000,1370.000,5,1350.000,20,1340.000,8,1320.000,9,1200.000,1,14.500,9,1390.000,20,1400.000,5,1530.000,1,0.000,0,0.000,0,0,5,
125845166000,1370.000,5,1360.000,30,1340.000,8,1320.000,9,1200.000,1,14.500,9,1400.000,35,1410.000,9,1530.000,1,0.000,0,0.000,0,0,5,
125845292000,1370.000,5,1360.000,30,1340.000,8,1320.000,9,1200.000,1,14.500,9,1400.000,35,1410.000,12,1530.000,1,0.000,0,0.000,0,0,5,
125845916000,1370.000,5,1360.000,30,1350.000,3,1340.000,5,1320.000,9,1200.000,1,1400.000,35,1410.000,12,1530.000,1,0.000,0,0.000,0,0,5,
125846295000,1370.000,5,1360.000,20,1350.000,3,1340.000,5,1320.000,9,1200.000,1,1400.000,25,1410.000,12,1530.000,1,0.000,0,0.000,0,0,5,
125846669000,1370.000,5,1360.000,20,1350.000,3,1340.000,5,1320.000,9,1200.000,1,1390.000,20,1400.000,5,1410.000,12,1530.000,1,0.000,0,0,5,
125846793000,1370.000,5,1360.000,20,1340.000,5,1320.000,9,1200.000,1,14.500,9,1390.000,20,1400.000,5,1410.000,12,1530.000,1,0.000,0,0,5,
125847668000,1370.000,5,1350.000,20,1340.000,5,1320.000,9,1200.000,1,14.500,9,1390.000,20,1400.000,5,1410.000,12,1530.000,1,0.000,0,0,5,
125848418000,1370.000,5,1350.000,20,1340.000,8,1320.000,9,1200.000,1,14.500,9,1390.000,20,1400.000,5,1410.000,12,1530.000,1,0.000,0,0,5,
125849041000,1370.000,5,1350.000,20,1340.000,8,1320.000,9,1200.000,1,14.500,9,1390.000,20,1400.000,5,1410.000,9,1530.000,1,0.000,0,0,5,
125853792000,1370.000,5,1350.000,20,1340.000,8,1200.000,1,14.500,9,14.000,1,1390.000,20,1400.000,5,1530.000,1,0.000,0,0.000,0,0,5,
125907541000,1370.000,5,1350.000,20,1340.000,5,1200.000,1,14.500,9,14.000,1,1390.000,20,1400.000,5,1530.000,1,0.000,0,0.000,0,0,5,
125907792000,1370.000,5,1350.000,30,1340.000,8,1200.000,1,14.500,9,14.000,1,1390.000,30,1400.000,5,1530.000,1,0.000,0,0.000,0,0,5,
125910666000,1370.000,5,1350.000,30,1340.000,5,1200.000,1,14.500,9,14.000,1,1390.000,30,1400.000,5,1530.000,1,0.000,0,0.000,0,0,5,
125916417000,1370.000,5,1350.000,30,1340.000,8,1200.000,1,14.500,9,14.000,1,1390.000,30,1400.000,5,1530.000,1,0.000,0,0.000,0,0,5,
125916791000,1370.000,5,1350.000,30,1340.000,5,1200.000,1,14.500,9,14.000,1,1390.000,30,1400.000,5,1530.000,1,0.000,0,0.000,0,0,5,
125917167000,1370.000,5,1350.000,30,1340.000,8,1200.000,1,14.500,9,14.000,1,1390.000,30,1400.000,5,1530.000,1,0.000,0,0.000,0,0,5,
125927791000,1370.000,5,1350.000,30,1340.000,8,1200.000,1,14.500,9,14.000,1,1390.000,30,1400.000,5,1530.000,1,0.000,0,0.000,0,0,5,
125938166000,1370.000,5,1350.000,30,1340.000,8,1200.000,1,14.500,9,14.000,1,1390.000,30,1400.000,5,1530.000,1,0.000,0,0.000,0,0,5,
125958166000,1370.000,5,1350.000,20,1340.000,8,1200.000,1,14.500,9,14.000,1,1390.000,20,1400.000,5,1530.000,1,0.000,0,0.000,0,0,5,
130007918000,1370.000,5,1350.000,40,1340.000,8,1200.000,1,14.500,9,14.000,1,1390.000,40,1400.000,5,1530.000,1,0.000,0,0.000,0,0,5,
130008792000,1370.000,5,1350.000,30,1340.000,8,1200.000,1,14.500,9,14.000,1,1390.000,30,1400.000,5,1530.000,1,0.000,0,0.000,0,0,5,
130009292000,1370.000,5,1350.000,30,1340.000,5,1200.000,1,14.500,9,14.000,1,1390.000,30,1400.000,5,1530.000,1,0.000,0,0.000,0,0,5,
130011292000,1370.000,5,1350.000,30,1340.000,8,1200.000,1,14.500,9,14.000,1,1390.000,30,1400.000,5,1530.000,1,0.000,0,0.000,0,0,5,
130012416000,1370.000,5,1350.000,30,1340.000,5,1200.000,1,14.500,9,14.000,1,1390.000,30,1400.000,5,1530.000,1,0.000,0,0.000,0,0,5,
130012667000,1370.000,5,1350.000,30,1340.000,8,1200.000,1,14.500,9,14.000,1,1390.000,30,1400.000,5,1530.000,1,0.000,0,0.000,0,0,5,
130019668000,1370.000,5,1350.000,39,1340.000,8,1200.000,1,14.500,9,14.000,1,1390.000,30,1400.000,14,1530.000,1,0.000,0,0.000,0,0,5,
130027916000,1370.000,5,1350.000,29,1340.000,8,1200.000,1,14.500,9,14.000,1,1390.000,20,1400.000,14,1530.000,1,0.000,0,0.000,0,0,5,
130050417000,1370.000,5,1350.000,39,1340.000,8,1200.000,1,14.500,9,14.000,1,1390.000,30,1400.000,14,1530.000,1,0.000,0,0.000,0,0,5,
130055791000,1370.000,5,1350.000,39,1340.000,5,1200.000,1,14.500,9,14.000,1,1390.000,30,1400.000,14,1530.000,1,0.000,0,0.000,0,0,5,
130104167000,1370.000,5,1350.000,39,1340.000,8,1200.000,1,14.500,9,14.000,1,1390.000,30,1400.000,14,1530.000,1,0.000,0,0.000,0,0,5,
130110417000,1370.000,5,1350.000,29,1340.000,8,1200.000,1,14.500,9,14.000,1,1390.000,20,1400.000,14,1530.000,1,0.000,0,0.000,0,0,5,
130114292000,1370.000,5,1350.000,29,1340.000,5,1200.000,1,14.500,9,14.000,1,1390.000,20,1400.000,14,1530.000,1,0.000,0,0.000,0,0,5,
130119792000,1370.000,5,1350.000,29,1340.000,8,1200.000,1,14.500,9,14.000,1,1390.000,20,1400.000,14,1530.000,1,0.000,0,0.000,0,0,5,
130126792000,1370.000,5,1350.000,39,1340.000,5,1200.000,1,14.500,9,14.000,1,1390.000,30,1400.000,14,1530.000,1,0.000,0,0.000,0,0,5,
130126917000,1370.000,5,1350.000,39,1340.000,8,1200.000,1,14.500,9,14.000,1,1390.000,30,1400.000,14,1530.000,1,0.000,0,0.000,0,0,5,
130146791000,1370.000,5,1350.000,29,1340.000,8,1200.000,1,14.500,9,14.000,1,1390.000,20,1400.000,14,1530.000,1,0.000,0,0.000,0,0,5,
130212917000,1370.000,5,1350.000,39,1340.000,8,1200.000,1,14.500,9,14.000,1,1390.000,30,1400.000,14,1530.000,1,0.000,0,0.000,0,0,5,
130215916000,1370.000,5,1350.000,39,1340.000,8,1200.000,1,14.500,9,14.000,1,1390.000,30,1400.000,17,1530.000,1,0.000,0,0.000,0,0,5,
130218916000,1370.000,5,1350.000,39,1340.000,8,1200.000,1,14.500,9,14.000,1,1390.000,30,1400.000,14,1530.000,1,0.000,0,0.000,0,0,5,
130232916000,1370.000,5,1350.000,29,1340.000,8,1200.000,1,14.500,9,14.000,1,1390.000,20,1400.000,14,1530.000,1,0.000,0,0.000,0,0,5,
130237417000,1370.000,5,1350.000,29,1340.000,5,1200.000,1,14.500,9,14.000,1,1390.000,20,1400.000,14,1530.000,1,0.000,0,0.000,0,0,5,
130238667000,1370.000,5,1350.000,29,1340.000,8,1200.000,1,14.500,9,14.000,1,1390.000,20,1400.000,14,1530.000,1,0.000,0,0.000,0,0,5,
130302791000,1370.000,5,1350.000,49,1340.000,8,1200.000,1,14.500,9,14.000,1,1390.000,40,1400.000,14,1530.000,1,0.000,0,0.000,0,0,5,
130307044000,1370.000,5,1350.000,39,1340.000,8,1200.000,1,14.500,9,14.000,1,1390.000,30,1400.000,14,1530.000,1,0.000,0,0.000,0,0,5,
130314041000,1370.000,5,1350.000,49,1340.000,8,1200.000,1,14.500,9,14.000,1,1390.000,40,1400.000,14,1530.000,1,0.000,0,0.000,0,0,5,
130320792000,1370.000,5,1350.000,39,1340.000,8,1200.000,1,14.500,9,14.000,1,1390.000,30,1400.000,14,1530.000,1,0.000,0,0.000,0,0,5,
130329793000,1370.000,5,1350.000,39,1340.000,5,1200.000,1,14.500,9,14.000,1,1390.000,30,1400.000,14,1530.000,1,0.000,0,0.000,0,0,5,
130334793000,1370.000,5,1350.000,39,1340.000,5,1200.000,1,14.500,9,14.000,1,1390.000,30,1400.000,17,1530.000,1,0.000,0,0.000,0,0,5,
130337417000,1370.000,5,1350.000,49,1340.000,5,1200.000,1,14.500,9,14.000,1,1390.000,40,1400.000,17,1530.000,1,0.000,0,0.000,0,0,5,
130340917000,1370.000,5,1350.000,39,1340.000,5,1200.000,1,14.500,9,14.000,1,1390.000,30,1400.000,17,1530.000,1,0.000,0,0.000,0,0,5,
130342044000,1370.000,5,1350.000,49,1340.000,8,1200.000,1,14.500,9,14.000,1,1390.000,40,1400.000,17,1530.000,1,0.000,0,0.000,0,0,5,
130348417000,1370.000,5,1350.000,49,1340.000,5,1200.000,1,14.500,9,14.000,1,1390.000,40,1400.000,14,1530.000,1,0.000,0,0.000,0,0,5,
130356547000,1370.000,5,1350.000,30,1340.000,5,1200.000,1,14.500,9,14.000,1,1390.000,30,1400.000,14,1530.000,1,0.000,0,0.000,0,0,5,
130356793000,1370.000,5,1340.000,5,1200.000,1,14.500,9,14.000,1,8.100,9,1400.000,14,1530.000,1,0.000,0,0.000,0,0.000,0,0,5,
130358043000,1370.000,5,1340.000,5,1200.000,1,14.500,9,14.000,1,8.100,9,1400.000,14,1410.000,3,1530.000,1,0.000,0,0.000,0,0,5,
130400667000,1370.000,5,1340.000,5,1200.000,1,14.500,9,14.000,1,8.100,9,1400.000,17,1530.000,1,0.000,0,0.000,0,0.000,0,0,5,
130401292000,1370.000,5,1350.000,20,1340.000,5,1200.000,1,14.500,9,14.000,1,1390.000,20,1400.000,17,1530.000,1,0.000,0,0.000,0,0,5,
130405791000,1370.000,5,1340.000,5,1200.000,1,14.500,9,14.000,1,8.100,9,1400.000,17,1530.000,1,0.000,0,0.000,0,0.000,0,0,5,
130409792000,1370.000,5,1350.000,20,1340.000,5,1200.000,1,14.500,9,14.000,1,1390.000,20,1400.000,17,1530.000,1,0.000,0,0.000,0,0,5,
130410291000,1370.000,5,1340.000,5,1200.000,1,14.500,9,14.000,1,8.100,9,1400.000,17,1530.000,1,0.000,0,0.000,0,0.000,0,0,5,
130421792000,1370.000,5,1350.000,20,1340.000,5,1200.000,1,14.500,9,14.000,1,1390.000,20,1400.000,17,1530.000,1,0.000,0,0.000,0,0,5,
130422291000,1370.000,5,1340.000,5,1200.000,1,14.500,9,14.000,1,8.100,9,1400.000,17,1530.000,1,0.000,0,0.000,0,0.000,0,0,5,
130423291000,1370.000,5,1350.000,20,1340.000,5,1200.000,1,14.500,9,14.000,1,1390.000,20,1400.000,17,1530.000,1,0.000,0,0.000,0,0,5,
130424291000,1370.000,5,1340.000,5,1200.000,1,14.500,9,14.000,1,8.100,9,1400.000,17,1530.000,1,0.000,0,0.000,0,0.000,0,0,5,
130434418000,1370.000,5,1340.000,5,1200.000,1,14.500,9,14.000,1,8.100,9,1390.000,3,1400.000,14,1530.000,1,0.000,0,0.000,0,0,5,
130434541000,1370.000,5,1340.000,14,1200.000,1,14.500,9,14.000,1,8.100,9,1390.000,3,1400.000,14,1530.000,1,0.000,0,0.000,0,0,5,
130434791000,1370.000,5,1350.000,20,1340.000,24,1200.000,1,14.500,9,14.000,1,1380.000,30,1390.000,3,1400.000,14,1530.000,1,0.000,0,0,5,
130435793000,1370.000,5,1340.000,34,1200.000,1,14.500,9,14.000,1,8.100,9,1380.000,20,1390.000,3,1400.000,14,1530.000,1,0.000,0,0,5,
130437416000,1370.000,5,1340.000,44,1200.000,1,14.500,9,14.000,1,8.100,9,1380.000,30,1400.000,14,1530.000,1,0.000,0,0.000,0,0,5,
130455541000,1370.000,5,1340.000,44,1330.000,3,1200.000,1,14.500,9,14.000,1,1380.000,30,1400.000,14,1530.000,1,0.000,0,0.000,0,0,5,
130455917000,1370.000,5,1340.000,44,1200.000,1,14.500,9,14.000,1,8.100,9,1380.000,30,1400.000,14,1530.000,1,0.000,0,0.000,0,0,5,
130458167000,1370.000,5,1340.000,44,1330.000,3,1200.000,1,14.500,9,14.000,1,1380.000,30,1400.000,14,1530.000,1,0.000,0,0.000,0,0,5,
130502167000,1370.000,5,1340.000,44,1200.000,1,14.500,9,14.000,1,8.100,9,1380.000,30,1400.000,14,1530.000,1,0.000,0,0.000,0,0,5,
130515541000,1370.000,5,1340.000,34,1200.000,1,14.500,9,14.000,1,8.100,9,1380.000,20,1400.000,14,1530.000,1,0.000,0,0.000,0,0,5,
130515792000,1370.000,5,1340.000,14,1200.000,1,14.500,9,14.000,1,8.100,9,1400.000,14,1530.000,1,0.000,0,0.000,0,0.000,0,0,5,
130515916000,1370.000,5,1340.000,14,1200.000,1,14.500,9,14.000,1,8.100,9,1400.000,17,1530.000,1,0.000,0,0.000,0,0.000,0,0,5,
130527794000,1370.000,5,1350.000,20,1340.000,14,1200.000,1,14.500,9,14.000,1,1390.000,20,1400.000,17,1530.000,1,0.000,0,0.000,0,0,5,
130529792000,1370.000,5,1340.000,14,1200.000,1,14.500,9,14.000,1,8.100,9,1400.000,17,1530.000,1,0.000,0,0.000,0,0.000,0,0,5,
130551917000,1370.000,5,1340.000,44,1200.000,1,14.500,9,14.000,1,8.100,9,1380.000,30,1400.000,17,1530.000,1,0.000,0,0.000,0,0,5,
130558919000,1370.000,5,1340.000,54,1330.000,3,1200.000,1,14.500,9,14.000,1,1380.000,40,1400.000,17,1530.000,1,0.000,0,0.000,0,0,5,
130600667000,1370.000,5,1340.000,54,1200.000,1,14.500,9,14.000,1,8.100,9,1380.000,40,1400.000,17,1530.000,1,0.000,0,0.000,0,0,5,
130608666000,1370.000,5,1340.000,54,1330.000,3,1200.000,1,14.500,9,14.000,1,1380.000,40,1400.000,17,1530.000,1,0.000,0,0.000,0,0,5,
130610041000,1370.000,5,1340.000,54,1330.000,3,1200.000,1,14.500,9,14.000,1,1380.000,40,1390.000,3,1400.000,14,1530.000,1,0.000,0,0,5,
130615542000,1370.000,5,1340.000,34,1330.000,3,1200.000,1,14.500,9,14.000,1,1380.000,20,1390.000,3,1400.000,14,1530.000,1,0.000,0,0,5,
130616041000,1370.000,5,1340.000,34,1200.000,1,14.500,9,14.000,1,8.100,9,1380.000,20,1400.000,14,1530.000,1,0.000,0,0.000,0,0,5,
130616416000,1370.000,5,1340.000,14,1200.000,1,14.500,9,14.000,1,8.100,9,1400.000,17,1530.000,1,0.000,0,0.000,0,0.000,0,0,5,
130629667000,1370.000,5,1340.000,14,1330.000,3,1200.000,1,14.500,9,14.000,1,1400.000,17,1530.000,1,0.000,0,0.000,0,0.000,0,0,5,
130631542000,1370.000,5,1340.000,14,1200.000,1,14.500,9,14.000,1,8.100,9,1400.000,17,1530.000,1,0.000,0,0.000,0,0.000,0,0,5,
130632420000,1370.000,5,1350.000,40,1340.000,14,1200.000,1,14.500,9,14.000,1,1390.000,40,1400.000,17,1530.000,1,0.000,0,0.000,0,0,5,
130652418000,1370.000,5,1350.000,30,1340.000,14,1200.000,1,14.500,9,14.000,1,1390.000,30,1400.000,17,1530.000,1,0.000,0,0.000,0,0,5,
130658166000,1370.000,5,1350.000,40,1340.000,14,1200.000,1,14.500,9,14.000,1,1390.000,40,1400.000,17,1530.000,1,0.000,0,0.000,0,0,5,
130702167000,1370.000,5,1350.000,40,1340.000,14,1200.000,1,14.500,9,14.000,1,1390.000,40,1400.000,14,1530.000,1,0.000,0,0.000,0,0,5,
130702918000,1370.000,5,1350.000,40,1340.000,14,1200.000,1,14.500,9,14.000,1,1390.000,40,1400.000,17,1530.000,1,0.000,0,0.000,0,0,5,
130717541000,1370.000,5,1350.000,40,1340.000,14,1200.000,1,14.500,9,14.000,1,1390.000,40,1400.000,14,1530.000,1,0.000,0,0.000,0,0,5,
130718542000,1370.000,5,1350.000,40,1340.000,14,1200.000,1,14.500,9,14.000,1,1390.000,40,1400.000,17,1530.000,1,0.000,0,0.000,0,0,5,
130726791000,1370.000,5,1350.000,40,1340.000,14,1200.000,1,14.500,9,14.000,1,1390.000,40,1400.000,14,1530.000,1,0.000,0,0.000,0,0,5,
130726917000,1370.000,5,1350.000,40,1340.000,14,1200.000,1,14.500,9,14.000,1,1390.000,40,1400.000,17,1530.000,1,0.000,0,0.000,0,0,5,
130729791000,1370.000,5,1350.000,40,1340.000,14,1200.000,1,14.500,9,14.000,1,1390.000,40,1400.000,14,1530.000,1,0.000,0,0.000,0,0,5,
130732417000,1370.000,5,1350.000,40,1340.000,14,1200.000,1,14.500,9,14.000,1,1390.000,40,1400.000,17,1530.000,1,0.000,0,0.000,0,0,5,
130738666000,1370.000,5,1350.000,30,1340.000,14,1200.000,1,14.500,9,14.000,1,1390.000,30,1400.000,17,1530.000,1,0.000,0,0.000,0,0,5,
130739041000,1370.000,5,1350.000,40,1340.000,14,1200.000,1,14.500,9,14.000,1,1390.000,40,1400.000,14,1530.000,1,0.000,0,0.000,0,0,5,
130739417000,1370.000,5,1350.000,40,1340.000,14,1200.000,1,14.500,9,14.000,1,1390.000,40,1400.000,17,1530.000,1,0.000,0,0.000,0,0,5,
130745291000,1370.000,5,1350.000,40,1340.000,14,1200.000,1,14.500,9,14.000,1,1390.000,40,1400.000,14,1530.000,1,0.000,0,0.000,0,0,5,
130745417000,1370.000,5,1350.000,40,1340.000,14,1200.000,1,14.500,9,14.000,1,1390.000,40,1400.000,17,1530.000,1,0.000,0,0.000,0,0,5,
130748291000,1370.000,5,1350.000,40,1340.000,14,1200.000,1,14.500,9,14.000,1,1390.000,40,1400.000,14,1530.000,1,0.000,0,0.000,0,0,5,
130749792000,1370.000,5,1350.000,40,1340.000,14,1200.000,1,14.500,9,14.000,1,1390.000,40,1400.000,17,1530.000,1,0.000,0,0.000,0,0,5,
130751417000,1370.000,5,1350.000,40,1340.000,14,1200.000,1,14.500,9,14.000,1,1390.000,40,1400.000,14,1530.000,1,0.000,0,0.000,0,0,5,
130752292000,1370.000,5,1350.000,40,1340.000,14,1200.000,1,14.500,9,14.000,1,1390.000,40,1400.000,17,1530.000,1,0.000,0,0.000,0,0,5,
130754541000,1370.000,5,1350.000,40,1340.000,14,1200.000,1,14.500,9,14.000,1,1390.000,40,1400.000,14,1530.000,1,0.000,0,0.000,0,0,5,
130754917000,1370.000,5,1350.000,40,1340.000,14,1200.000,1,14.500,9,14.000,1,1390.000,40,1400.000,17,1530.000,1,0.000,0,0.000,0,0,5,
130757666000,1370.000,5,1350.000,40,1340.000,14,1200.000,1,14.500,9,14.000,1,1390.000,40,1400.000,14,1530.000,1,0.000,0,0.000,0,0,5,
130759167000,1370.000,5,1350.000,40,1340.000,14,1200.000,1,14.500,9,14.000,1,1390.000,40,1400.000,17,1530.000,1,0.000,0,0.000,0,0,5,
130802294000,1370.000,5,1350.000,20,1340.000,14,1200.000,1,14.500,9,14.000,1,1390.000,20,1400.000,17,1530.000,1,0.000,0,0.000,0,0,5,
130802419000,1370.000,5,1340.000,14,1330.000,3,1200.000,1,14.500,9,14.000,1,1400.000,17,1530.000,1,0.000,0,0.000,0,0.000,0,0,5,
130803916000,1370.000,5,1340.000,14,1200.000,1,14.500,9,14.000,1,8.100,9,1400.000,17,1530.000,1,0.000,0,0.000,0,0.000,0,0,5,
130811918000,1370.000,5,1340.000,34,1200.000,1,14.500,9,14.000,1,8.100,9,1380.000,20,1400.000,17,1530.000,1,0.000,0,0.000,0,0,5,
130814042000,1370.000,5,1340.000,34,1330.000,3,1200.000,1,14.500,9,14.000,1,1380.000,20,1400.000,17,1530.000,1,0.000,0,0.000,0,0,5,
130816291000,1370.000,5,1340.000,34,1330.000,3,1200.000,1,14.500,9,14.000,1,1380.000,20,1390.000,3,1400.000,14,1530.000,1,0.000,0,0,5,
130818792000,1370.000,5,1340.000,54,1330.000,3,1200.000,1,14.500,9,14.000,1,1380.000,40,1390.000,3,1400.000,14,1530.000,1,0.000,0,0,5,
130819416000,1370.000,5,1340.000,54,1200.000,1,14.500,9,14.000,1,8.100,9,1380.000,40,1400.000,14,1530.000,1,0.000,0,0.000,0,0,5,
130821292000,1370.000,5,1340.000,34,1200.000,1,14.500,9,14.000,1,8.100,9,1380.000,20,1400.000,14,1530.000,1,0.000,0,0.000,0,0,5,
130825542000,1370.000,5,1340.000,34,1330.000,3,1200.000,1,14.500,9,14.000,1,1380.000,20,1390.000,3,1400.000,14,1530.000,1,0.000,0,0,5,
130828791000,1370.000,5,1340.000,34,1200.000,1,14.500,9,14.000,1,8.100,9,1380.000,20,1400.000,14,1530.000,1,0.000,0,0.000,0,0,5,
130829291000,1370.000,5,1340.000,34,1330.000,3,1200.000,1,14.500,9,14.000,1,1380.000,20,1390.000,3,1400.000,14,1530.000,1,0.000,0,0,5,
130831917000,1370.000,5,1340.000,44,1200.000,1,14.500,9,14.000,1,8.100,9,1380.000,30,1400.000,14,1530.000,1,0.000,0,0.000,0,0,5,
130836541000,1370.000,5,1340.000,44,1200.000,1,14.500,9,14.000,1,8.100,9,1380.000,30,1400.000,9,1530.000,1,0.000,0,0.000,0,0,5,
130837667000,1370.000,5,1340.000,44,1200.000,1,14.500,9,14.000,1,8.100,9,1380.000,30,1390.000,5,1400.000,9,1530.000,1,0.000,0,0,5,
130838042000,1370.000,5,1340.000,44,1330.000,3,1200.000,1,14.500,9,14.000,1,1380.000,30,1390.000,8,1400.000,9,1530.000,1,0.000,0,0,5,
130844291000,1370.000,5,1340.000,44,1200.000,1,14.500,9,14.000,1,8.100,9,1380.000,30,1390.000,5,1400.000,9,1530.000,1,0.000,0,0,5,
130845167000,1370.000,5,1340.000,44,1330.000,3,1200.000,1,14.500,9,14.000,1,1380.000,30,1390.000,8,1400.000,9,1530.000,1,0.000,0,0,5,
130847416000,1370.000,5,1340.000,44,1200.000,1,14.500,9,14.000,1,8.100,9,1380.000,30,1390.000,5,1400.000,9,1530.000,1,0.000,0,0,5,
130851916000,1370.000,5,1340.000,34,1200.000,1,14.500,9,14.000,1,8.100,9,1380.000,20,1390.000,5,1400.000,9,1530.000,1,0.000,0,0,5,
130913168000,1370.000,5,1340.000,44,1330.000,3,1200.000,1,14.500,9,14.000,1,1380.000,30,1390.000,8,1400.000,9,1530.000,1,0.000,0,0,5,
130913292000,1370.000,5,1340.000,54,1330.000,3,1200.000,1,14.500,9,14.000,1,1380.000,40,1390.000,8,1400.000,9,1530.000,1,0.000,0,0,5,
130915167000,1370.000,5,1340.000,54,1200.000,1,14.500,9,14.000,1,8.100,9,1380.000,40,1390.000,5,1400.000,9,1530.000,1,0.000,0,0,5,
130917543000,1370.000,5,1340.000,44,1200.000,1,14.500,9,14.000,1,8.100,9,1380.000,30,1390.000,5,1400.000,9,1530.000,1,0.000,0,0,5,
130920543000,1370.000,5,1340.000,44,1330.000,3,1200.000,1,14.500,9,14.000,1,1380.000,30,1390.000,8,1400.000,9,1530.000,1,0.000,0,0,5,
130921292000,1370.000,5,1340.000,44,1200.000,1,14.500,9,14.000,1,8.100,9,1380.000,30,1390.000,8,1400.000,9,1530.000,1,0.000,0,0,5,
130924042000,1370.000,5,1340.000,44,1330.000,3,1200.000,1,14.500,9,14.000,1,1380.000,30,1390.000,8,1400.000,9,1530.000,1,0.000,0,0,5,
130925916000,1370.000,5,1340.000,44,1200.000,1,14.500,9,14.000,1,8.100,9,1380.000,30,1390.000,8,1400.000,9,1530.000,1,0.000,0,0,5,
130928667000,1370.000,5,1340.000,44,1330.000,3,1200.000,1,14.500,9,14.000,1,1380.000,30,1390.000,8,1400.000,9,1530.000,1,0.000,0,0,5,
130929544000,1370.000,5,1340.000,44,1200.000,1,14.500,9,14.000,1,8.100,9,1380.000,30,1390.000,8,1400.000,9,1530.000,1,0.000,0,0,5,
130932543000,1370.000,5,1340.000,39,1200.000,1,14.500,9,14.000,1,8.100,9,1380.000,30,1390.000,8,1400.000,9,1530.000,1,0.000,0,0,5,
130932667000,1370.000,5,1340.000,49,1200.000,1,14.500,9,14.000,1,8.100,9,1380.000,40,1390.000,8,1400.000,9,1530.000,1,0.000,0,0,5,
130939792000,1370.000,5,1340.000,49,1200.000,1,14.500,9,14.000,1,8.100,9,1380.000,43,1390.000,5,1400.000,9,1530.000,1,0.000,0,0,5,
130942916000,1370.000,5,1340.000,49,1200.000,1,14.500,9,14.000,1,8.100,9,1380.000,40,1390.000,8,1400.000,9,1530.000,1,0.000,0,0,5,
130950791000,1370.000,5,1340.000,49,1330.000,3,1200.000,1,14.500,9,14.000,1,1380.000,40,1390.000,8,1400.000,9,1530.000,1,0.000,0,0,5,
130951167000,1370.000,5,1340.000,49,1200.000,1,14.500,9,14.000,1,8.100,9,1380.000,40,1390.000,8,1400.000,9,1530.000,1,0.000,0,0,5,
130955293000,1370.000,5,1340.000,49,1200.000,1,14.500,9,14.000,1,8.100,9,1380.000,43,1390.000,5,1400.000,9,1530.000,1,0.000,0,0,5,
130958416000,1370.000,5,1340.000,49,1200.000,1,14.500,9,14.000,1,8.100,9,1380.000,40,1390.000,8,1400.000,9,1530.000,1,0.000,0,0,5,
131010791000,1370.000,5,1340.000,39,1200.000,1,14.500,9,14.000,1,8.100,9,1380.000,30,1390.000,8,1400.000,9,1530.000,1,0.000,0,0,5,
131010917000,1370.000,5,1340.000,49,1200.000,1,14.500,9,14.000,1,8.100,9,1380.000,43,1390.000,5,1400.000,9,1530.000,1,0.000,0,0,5,
131021543000,1370.000,5,1340.000,39,1200.000,1,14.500,9,14.000,1,8.100,9,1380.000,33,1390.000,5,1400.000,9,1530.000,1,0.000,0,0,5,
131023292000,1370.000,5,1340.000,39,1200.000,1,14.500,9,14.000,1,8.100,9,1380.000,30,1390.000,8,1400.000,9,1530.000,1,0.000,0,0,5,
131029416000,1370.000,5,1340.000,49,1200.000,1,14.500,9,14.000,1,8.100,9,1380.000,43,1390.000,5,1400.000,9,1530.000,1,0.000,0,0,5,
131033416000,1370.000,5,1340.000,49,1330.000,5,1200.000,1,14.500,9,14.000,1,1380.000,43,1390.000,5,1400.000,9,1530.000,1,0.000,0,0,5,
131041666000,1370.000,5,1340.000,49,1330.000,5,1200.000,1,14.500,9,14.000,1,1380.000,40,1390.000,8,1400.000,9,1530.000,1,0.000,0,0,5,
131044791000,1370.000,5,1340.000,49,1330.000,5,1200.000,1,14.500,9,14.000,1,1380.000,40,1390.000,5,1400.000,9,1530.000,1,0.000,0,0,5,
131047044000,1370.000,5,1340.000,49,1330.000,5,1200.000,1,14.500,9,14.000,1,1380.000,40,1390.000,8,1400.000,9,1530.000,1,0.000,0,0,5,
131047916000,1370.000,5,1340.000,49,1330.000,5,1200.000,1,14.500,9,14.000,1,1380.000,43,1390.000,5,1400.000,9,1530.000,1,0.000,0,0,5,
131054043000,1370.000,5,1340.000,49,1330.000,5,1200.000,1,14.500,9,14.000,1,1380.000,40,1390.000,8,1400.000,9,1530.000,1,0.000,0,0,5,
131100291000,1370.000,5,1340.000,49,1330.000,5,1200.000,1,14.500,9,14.000,1,1380.000,43,1390.000,5,1400.000,9,1530.000,1,0.000,0,0,5,
131106541000,1370.000,5,1340.000,49,1330.000,5,1200.000,1,14.500,9,14.000,1,1380.000,40,1390.000,8,1400.000,9,1530.000,1,0.000,0,0,5,
131125042000,1370.000,5,1340.000,49,1330.000,5,1200.000,1,14.500,9,14.000,1,1380.000,43,1390.000,5,1400.000,9,1530.000,1,0.000,0,0,5,
131128167000,1370.000,5,1340.000,49,1330.000,5,1200.000,1,14.500,9,14.000,1,1380.000,40,1390.000,8,1400.000,9,1530.000,1,0.000,0,0,5,
131145041000,1370.000,5,1340.000,49,1330.000,5,1200.000,1,14.500,9,14.000,1,1380.000,40,1390.000,8,1400.000,9,1530.000,1,0.000,0,0,5,
131145544000,1370.000,5,1340.000,19,1330.000,5,1200.000,1,14.500,9,14.000,1,1380.000,10,1390.000,8,1400.000,9,1530.000,1,0.000,0,0,5,
131146542000,1370.000,5,1340.000,39,1330.000,5,1200.000,1,14.500,9,14.000,1,1370.000,20,1380.000,10,1390.000,8,1400.000,9,1530.000,1,0,5,
131146667000,1370.000,5,1340.000,39,1330.000,5,1200.000,1,14.500,9,14.000,1,1370.000,20,1380.000,10,1390.000,5,1400.000,9,1530.000,1,0,5,
131151042000,1370.000,5,1340.000,19,1330.000,25,1200.000,1,14.500,9,14.000,1,1370.000,20,1380.000,10,1390.000,5,1400.000,9,1530.000,1,0,5,
131155417000,1370.000,5,1330.000,35,1320.000,3,1200.000,1,14.500,9,14.000,1,1370.000,30,1390.000,5,1400.000,9,1530.000,1,0.000,0,0,5,
131159916000,1370.000,5,1330.000,35,1320.000,3,1200.000,1,14.500,9,14.000,1,1370.000,30,1390.000,5,1400.000,9,1530.000,1,0.000,0,0,5,
131202418000,1370.000,5,1330.000,35,1320.000,3,1200.000,1,14.500,9,14.000,1,1370.000,30,1380.000,3,1390.000,5,1400.000,9,1530.000,1,0,5,
131203167000,1370.000,5,1330.000,44,1320.000,3,1200.000,1,14.500,9,14.000,1,1370.000,30,1380.000,3,1390.000,5,1400.000,9,1530.000,1,0,5,
131205042000,1370.000,5,1330.000,25,1320.000,3,1200.000,1,14.500,9,14.000,1,1370.000,20,1380.000,3,1390.000,5,1530.000,1,0.000,0,0,5,
131205167000,1370.000,5,1330.000,25,1320.000,3,1200.000,1,14.500,9,14.000,1,1370.000,20,1390.000,5,1530.000,1,0.000,0,0.000,0,0,5,
131205542000,1370.000,5,1340.000,20,1330.000,5,1320.000,3,1200.000,1,14.500,9,1380.000,20,1390.000,5,1530.000,1,0.000,0,0.000,0,0,5,
131205666000,1370.000,5,1340.000,20,1330.000,5,1320.000,3,1200.000,1,14.500,9,1380.000,20,1390.000,8,1530.000,1,0.000,0,0.000,0,0,5,
131215792000,1370.000,5,1340.000,20,1330.000,14,1320.000,3,1200.000,1,14.500,9,1380.000,29,1390.000,8,1530.000,1,0.000,0,0.000,0,0,5,
131230916000,1370.000,5,1340.000,30,1330.000,14,1320.000,3,1200.000,1,14.500,9,1380.000,39,1390.000,8,1530.000,1,0.000,0,0.000,0,0,5,
131237917000,1370.000,5,1330.000,14,1320.000,3,1200.000,1,14.500,9,14.000,1,1380.000,9,1390.000,8,1530.000,1,0.000,0,0.000,0,0,5,
131238917000,1370.000,5,1330.000,34,1320.000,3,1200.000,1,14.500,9,14.000,1,1370.000,20,1380.000,9,1390.000,8,1530.000,1,0.000,0,0,5,
131239042000,1370.000,5,1330.000,44,1200.000,1,14.500,9,14.000,1,8.100,9,1370.000,30,1380.000,9,1390.000,5,1530.000,1,0.000,0,0,5,
131244793000,1370.000,5,1330.000,34,1200.000,1,14.500,9,14.000,1,8.100,9,1370.000,20,1380.000,9,1390.000,5,1530.000,1,0.000,0,0,5,
131250291000,1370.000,5,1330.000,54,1200.000,1,14.500,9,14.000,1,8.100,9,1370.000,40,1380.000,9,1390.000,5,1530.000,1,0.000,0,0,5,
131250916000,1370.000,5,1330.000,44,1200.000,1,14.500,9,14.000,1,8.100,9,1370.000,30,1380.000,9,1390.000,5,1530.000,1,0.000,0,0,5,
131253541000,1370.000,5,1330.000,44,1320.000,3,1200.000,1,14.500,9,14.000,1,1370.000,30,1380.000,9,1390.000,5,1530.000,1,0.000,0,0,5,
131255542000,1370.000,5,1330.000,44,1320.000,3,1200.000,1,14.500,9,14.000,1,1370.000,30,1380.000,12,1390.000,5,1530.000,1,0.000,0,0,5,
131257666000,1370.000,5,1330.000,44,1320.000,3,1200.000,1,14.500,9,14.000,1,1370.000,30,1380.000,9,1390.000,5,1530.000,1,0.000,0,0,5,
131303916000,1370.000,5,1330.000,44,1200.000,1,14.500,9,14.000,1,8.100,9,1370.000,30,1380.000,9,1390.000,5,1530.000,1,0.000,0,0,5,
131304417000,1370.000,5,1330.000,44,1320.000,3,1200.000,1,14.500,9,14.000,1,1370.000,30,1380.000,9,1390.000,5,1530.000,1,0.000,0,0,5,
131310416000,1370.000,5,1330.000,34,1320.000,3,1200.000,1,14.500,9,14.000,1,1370.000,20,1380.000,9,1390.000,5,1530.000,1,0.000,0,0,5,
131310541000,1370.000,5,1340.000,20,1330.000,14,1320.000,3,1200.000,1,14.500,9,1370.000,20,1380.000,9,1390.000,5,1530.000,1,0.000,0,0,5,
131311667000,1370.000,5,1340.000,20,1330.000,24,1320.000,3,1200.000,1,14.500,9,1370.000,30,1380.000,12,1390.000,5,1530.000,1,0.000,0,0,5,
131313166000,1370.000,5,1340.000,20,1330.000,24,1320.000,3,1200.000,1,14.500,9,1370.000,30,1380.000,9,1390.000,5,1530.000,1,0.000,0,0,5,
131313542000,1370.000,5,1340.000,20,1330.000,24,1320.000,3,1200.000,1,14.500,9,1370.000,30,1380.000,12,1390.000,5,1530.000,1,0.000,0,0,5,
131316041000,1370.000,5,1330.000,34,1320.000,3,1200.000,1,14.500,9,14.000,1,1370.000,20,1380.000,12,1390.000,5,1530.000,1,0.000,0,0,5,
131316291000,1370.000,5,1330.000,34,1320.000,3,1200.000,1,14.500,9,14.000,1,1370.000,20,1380.000,9,1390.000,5,1530.000,1,0.000,0,0,5,
131318041000,1370.000,5,1340.000,20,1330.000,14,1320.000,3,1200.000,1,14.500,9,1370.000,20,1380.000,9,1390.000,5,1530.000,1,0.000,0,0,5,
131319042000,1370.000,5,1330.000,34,1320.000,3,1200.000,1,14.500,9,14.000,1,1370.000,20,1380.000,9,1390.000,5,1530.000,1,0.000,0,0,5,
131319291000,1370.000,5,1330.000,44,1200.000,1,14.500,9,14.000,1,8.100,9,1370.000,30,1380.000,9,1390.000,5,1530.000,1,0.000,0,0,5,
131321041000,1370.000,5,1330.000,44,1320.000,3,1200.000,1,14.500,9,14.000,1,1370.000,30,1380.000,9,1390.000,5,1530.000,1,0.000,0,0,5,
131325795000,1370.000,5,1330.000,34,1320.000,3,1200.000,1,14.500,9,14.000,1,1370.000,20,1380.000,9,1390.000,5,1530.000,1,0.000,0,0,5,
131326167000,1370.000,5,1340.000,20,1330.000,14,1320.000,3,1200.000,1,14.500,9,1370.000,20,1380.000,9,1390.000,5,1530.000,1,0.000,0,0,5,
131331791000,1370.000,5,1340.000,20,1330.000,14,1200.000,1,14.500,9,14.000,1,1370.000,20,1380.000,9,1390.000,5,1530.000,1,0.000,0,0,5,
131335417000,1370.000,5,1340.000,20,1330.000,27,1200.000,1,14.500,9,14.000,1,1370.000,30,1380.000,12,1390.000,5,1530.000,1,0.000,0,0,5,
131342543000,1370.000,5,1340.000,20,1330.000,24,1200.000,1,14.500,9,14.000,1,1370.000,30,1380.000,12,1390.000,5,1530.000,1,0.000,0,0,5,
131344166000,1370.000,5,1340.000,20,1330.000,24,1200.000,1,14.500,9,14.000,1,1370.000,30,1380.000,9,1390.000,5,1530.000,1,0.000,0,0,5,
131355416000,1370.000,5,1340.000,20,1330.000,14,1200.000,1,14.500,9,14.000,1,1370.000,20,1380.000,9,1390.000,5,1530.000,1,0.000,0,0,5,
131400917000,1370.000,5,1340.000,30,1330.000,14,1200.000,1,14.500,9,14.000,1,1370.000,20,1380.000,19,1390.000,5,1530.000,1,0.000,0,0,5,
131401166000,1370.000,5,1340.000,20,1330.000,14,1200.000,1,14.500,9,14.000,1,1370.000,20,1380.000,9,1390.000,5,1530.000,1,0.000,0,0,5,
131424166000,1370.000,5,1340.000,20,1330.000,24,1200.000,1,14.500,9,14.000,1,1370.000,30,1380.000,9,1390.000,5,1530.000,1,0.000,0,0,5,
131425169000,1370.000,5,1330.000,34,1200.000,1,14.500,9,14.000,1,8.100,9,1370.000,20,1380.000,9,1390.000,5,1530.000,1,0.000,0,0,5,
131434416000,1370.000,5,1330.000,44,1200.000,1,14.500,9,14.000,1,8.100,9,1370.000,30,1380.000,9,1390.000,5,1530.000,1,0.000,0,0,5,
131435792000,1370.000,5,1330.000,44,1320.000,3,1200.000,1,14.500,9,14.000,1,1370.000,30,1380.000,12,1390.000,5,1530.000,1,0.000,0,0,5,
131439791000,1370.000,5,1330.000,44,1200.000,1,14.500,9,14.000,1,8.100,9,1370.000,30,1380.000,9,1390.000,5,1530.000,1,0.000,0,0,5,
131446541000,1370.000,5,1330.000,54,1200.000,1,14.500,9,14.000,1,8.100,9,1370.000,40,1380.000,9,1390.000,5,1530.000,1,0.000,0,0,5,
131452416000,1370.000,5,1330.000,54,1200.000,1,14.500,9,14.000,1,8.100,9,1370.000,40,1380.000,9,1530.000,1,0.000,0,0.000,0,0,5,
131454292000,1370.000,5,1330.000,44,1200.000,1,14.500,9,14.000,1,8.100,9,1370.000,30,1380.000,9,1530.000,1,0.000,0,0.000,0,0,5,
131455791000,1370.000,5,1330.000,44,1200.000,1,14.500,9,14.000,1,8.100,9,1370.000,30,1380.000,14,1530.000,1,0.000,0,0.000,0,0,5,
131458291000,1370.000,5,1330.000,54,1200.000,1,14.500,9,14.000,1,8.100,9,1370.000,40,1380.000,14,1530.000,1,0.000,0,0.000,0,0,5,
131515666000,1370.000,5,1330.000,54,1200.000,1,14.500,9,14.000,1,8.100,9,1370.000,40,1380.000,14,1530.000,1,0.000,0,0.000,0,0,5,
131535666000,1370.000,5,1330.000,54,1200.000,1,14.500,9,14.000,1,8.100,9,1370.000,40,1380.000,14,1530.000,1,0.000,0,0.000,0,0,5,
131540542000,1370.000,5,1330.000,54,1320.000,3,1200.000,1,14.500,9,14.000,1,1370.000,40,1380.000,14,1530.000,1,0.000,0,0.000,0,0,5,
131541417000,1370.000,5,1330.000,54,1320.000,3,1200.000,1,14.500,9,14.000,1,1370.000,40,1380.000,17,1530.000,1,0.000,0,0.000,0,0,5,
131547416000,1370.000,5,1330.000,54,1320.000,3,1200.000,1,14.500,9,14.000,1,1370.000,40,1380.000,14,1530.000,1,0.000,0,0.000,0,0,5,
131555792000,1370.000,5,1330.000,54,1320.000,3,1200.000,1,14.500,9,14.000,1,1370.000,40,1380.000,14,1530.000,1,0.000,0,0.000,0,0,5,
131559416000,1370.000,5,1330.000,54,1320.000,3,1200.000,1,14.500,9,14.000,1,1370.000,40,1380.000,17,1530.000,1,0.000,0,0.000,0,0,5,
131559916000,1370.000,5,1330.000,54,1200.000,1,14.500,9,14.000,1,8.100,9,1370.000,40,1380.000,17,1530.000,1,0.000,0,0.000,0,0,5,
131600416000,1370.000,5,1330.000,54,1320.000,3,1200.000,1,14.500,9,14.000,1,1370.000,40,1380.000,17,1530.000,1,0.000,0,0.000,0,0,5,
131603042000,1370.000,5,1330.000,54,1200.000,1,14.500,9,14.000,1,8.100,9,1370.000,40,1380.000,17,1530.000,1,0.000,0,0.000,0,0,5,
131606167000,1370.000,5,1330.000,54,1320.000,3,1200.000,1,14.500,9,14.000,1,1370.000,40,1380.000,17,1530.000,1,0.000,0,0.000,0,0,5,
131609291000,1370.000,5,1330.000,54,1200.000,1,14.500,9,14.000,1,8.100,9,1370.000,40,1380.000,17,1530.000,1,0.000,0,0.000,0,0,5,
131615916000,1370.000,5,1330.000,54,1200.000,1,14.500,9,14.000,1,8.100,9,1370.000,40,1380.000,17,1530.000,1,0.000,0,0.000,0,0,5,
131634166000,1370.000,5,1330.000,54,1200.000,1,14.500,9,14.000,1,8.100,9,1370.000,40,1380.000,14,1530.000,1,0.000,0,0.000,0,0,5,
131654166000,1370.000,5,1330.000,44,1200.000,1,14.500,9,14.000,1,8.100,9,1370.000,30,1380.000,14,1530.000,1,0.000,0,0.000,0,0,5,
131658666000,1370.000,5,1330.000,54,1200.000,1,14.500,9,14.000,1,8.100,9,1370.000,40,1380.000,14,1530.000,1,0.000,0,0.000,0,0,5,
131700791000,1370.000,5,1330.000,54,1320.000,3,1200.000,1,14.500,9,14.000,1,1370.000,40,1380.000,17,1530.000,1,0.000,0,0.000,0,0,5,
131701916000,1370.000,5,1330.000,54,1200.000,1,14.500,9,14.000,1,8.100,9,1370.000,40,1380.000,14,1530.000,1,0.000,0,0.000,0,0,5,
131714042000,1370.000,5,1330.000,54,1320.000,3,1200.000,1,14.500,9,14.000,1,1370.000,40,1380.000,14,1530.000,1,0.000,0,0.000,0,0,5,
131718666000,1370.000,5,1330.000,44,1320.000,3,1200.000,1,14.500,9,14.000,1,1370.000,30,1380.000,14,1530.000,1,0.000,0,0.000,0,0,5,
131724417000,1370.000,5,1330.000,34,1320.000,3,1200.000,1,14.500,9,14.000,1,1370.000,20,1380.000,14,1530.000,1,0.000,0,0.000,0,0,5,
131739166000,1370.000,5,1330.000,34,1200.000,1,14.500,9,14.000,1,8.100,9,1370.000,20,1380.000,14,1530.000,1,0.000,0,0.000,0,0,5,
131742045000,1370.000,5,1330.000,34,1320.000,3,1200.000,1,14.500,9,14.000,1,1370.000,20,1380.000,14,1530.000,1,0.000,0,0.000,0,0,5,
131746666000,1370.000,5,1330.000,34,1320.000,3,1200.000,1,14.500,9,14.000,1,1370.000,20,1380.000,17,1530.000,1,0.000,0,0.000,0,0,5,
131748416000,1370.000,5,1330.000,34,1320.000,3,1200.000,1,14.500,9,14.000,1,1370.000,20,1380.000,14,1530.000,1,0.000,0,0.000,0,0,5,
131800416000,1370.000,5,1330.000,44,1320.000,3,1200.000,1,14.500,9,14.000,1,1370.000,30,1380.000,14,1530.000,1,0.000,0,0.000,0,0,5,
131820416000,1370.000,5,1330.000,34,1320.000,3,1200.000,1,14.500,9,14.000,1,1370.000,20,1380.000,14,1530.000,1,0.000,0,0.000,0,0,5,
131831666000,1370.000,5,1330.000,44,1200.000,1,14.500,9,14.000,1,8.100,9,1370.000,30,1380.000,14,1530.000,1,0.000,0,0.000,0,0,5,
131831791000,1370.000,5,1330.000,54,1200.000,1,14.500,9,14.000,1,8.100,9,1370.000,40,1380.000,14,1530.000,1,0.000,0,0.000,0,0,5,
131833542000,1370.000,5,1330.000,44,1200.000,1,14.500,9,14.000,1,8.100,9,1370.000,30,1380.000,14,1530.000,1,0.000,0,0.000,0,0,5,
131834166000,1370.000,5,1330.000,54,1200.000,1,14.500,9,14.000,1,8.100,9,1370.000,40,1380.000,14,1530.000,1,0.000,0,0.000,0,0,5,
131835417000,1370.000,5,1330.000,54,1320.000,3,1200.000,1,14.500,9,14.000,1,1370.000,40,1380.000,14,1530.000,1,0.000,0,0.000,0,0,5,
131835541000,1370.000,5,1330.000,34,1320.000,3,1200.000,1,14.500,9,14.000,1,1370.000,20,1380.000,14,1530.000,1,0.000,0,0.000,0,0,5,
131837919000,1370.000,5,1330.000,34,1320.000,3,1200.000,1,14.500,9,14.000,1,1370.000,20,1380.000,17,1530.000,1,0.000,0,0.000,0,0,5,
131840916000,1370.000,5,1330.000,34,1320.000,3,1200.000,1,14.500,9,14.000,1,1370.000,20,1380.000,14,1530.000,1,0.000,0,0.000,0,0,5,
131853166000,1370.000,5,1330.000,37,1200.000,1,14.500,9,14.000,1,8.100,9,1370.000,20,1380.000,14,1530.000,1,0.000,0,0.000,0,0,5,
131855293000,1370.000,5,1330.000,44,1320.000,3,1200.000,1,14.500,9,14.000,1,1370.000,30,1380.000,14,1530.000,1,0.000,0,0.000,0,0,5,
131908666000,1370.000,5,1330.000,54,1320.000,3,1200.000,1,14.500,9,14.000,1,1370.000,40,1380.000,14,1530.000,1,0.000,0,0.000,0,0,5,
131915416000,1370.000,5,1330.000,44,1320.000,3,1200.000,1,14.500,9,14.000,1,1370.000,30,1380.000,14,1530.000,1,0.000,0,0.000,0,0,5,
131920791000,1370.000,5,1330.000,54,1320.000,3,1200.000,1,14.500,9,14.000,1,1370.000,40,1380.000,14,1530.000,1,0.000,0,0.000,0,0,5,
131928667000,1370.000,5,1330.000,54,1320.000,3,1200.000,1,14.500,9,14.000,1,1370.000,40,1380.000,17,1530.000,1,0.000,0,0.000,0,0,5,
131928792000,1370.000,5,1330.000,34,1320.000,3,1200.000,1,14.500,9,14.000,1,1370.000,20,1380.000,17,1530.000,1,0.000,0,0.000,0,0,5,
131930167000,1370.000,5,1330.000,34,1320.000,3,1200.000,1,14.500,9,14.000,1,1370.000,20,1380.000,14,1530.000,1,0.000,0,0.000,0,0,5,
131932918000,1370.000,5,1340.000,20,1330.000,14,1320.000,3,1200.000,1,14.500,9,1370.000,20,1380.000,14,1530.000,1,0.000,0,0.000,0,0,5,
131933292000,1370.000,5,1340.000,20,1330.000,14,1200.000,1,14.500,9,14.000,1,1370.000,20,1380.000,14,1530.000,1,0.000,0,0.000,0,0,5,
131954291000,1370.000,5,1340.000,30,1330.000,14,1200.000,1,14.500,9,14.000,1,1370.000,20,1380.000,24,1530.000,1,0.000,0,0.000,0,0,5,
131958417000,1370.000,5,1340.000,20,1330.000,14,1200.000,1,14.500,9,14.000,1,1370.000,20,1380.000,14,1530.000,1,0.000,0,0.000,0,0,5,
132017543000,1370.000,5,1340.000,20,1330.000,24,1200.000,1,14.500,9,14.000,1,1370.000,30,1380.000,17,1530.000,1,0.000,0,0.000,0,0,5,
132017792000,1370.000,5,1330.000,34,1320.000,3,1200.000,1,14.500,9,14.000,1,1370.000,20,1380.000,17,1530.000,1,0.000,0,0.000,0,0,5,
132022667000,1370.000,5,1330.000,44,1320.000,3,1200.000,1,14.500,9,14.000,1,1370.000,30,1380.000,14,1530.000,1,0.000,0,0.000,0,0,5,
132025791000,1370.000,5,1330.000,44,1200.000,1,14.500,9,14.000,1,8.100,9,1370.000,30,1380.000,14,1530.000,1,0.000,0,0.000,0,0,5,
132029418000,1370.000,5,1330.000,54,1200.000,1,14.500,9,14.000,1,8.100,9,1370.000,40,1380.000,14,1530.000,1,0.000,0,0.000,0,0,5,
132032417000,1370.000,5,1330.000,44,1200.000,1,14.500,9,14.000,1,8.100,9,1370.000,30,1380.000,14,1530.000,1,0.000,0,0.000,0,0,5,
132033543000,1370.000,5,1330.000,44,1320.000,3,1200.000,1,14.500,9,14.000,1,1370.000,30,1380.000,14,1530.000,1,0.000,0,0.000,0,0,5,
132042791000,1370.000,5,1330.000,34,1320.000,3,1200.000,1,14.500,9,14.000,1,1370.000,20,1380.000,14,1530.000,1,0.000,0,0.000,0,0,5,
132053541000,1370.000,5,1330.000,34,1200.000,1,14.500,9,14.000,1,8.100,9,1370.000,20,1380.000,14,1530.000,1,0.000,0,0.000,0,0,5,
132054043000,1370.000,5,1330.000,34,1320.000,3,1200.000,1,14.500,9,14.000,1,1370.000,20,1380.000,14,1530.000,1,0.000,0,0.000,0,0,5,
132054292000,1370.000,5,1340.000,20,1330.000,14,1320.000,3,1200.000,1,14.500,9,1370.000,20,1380.000,14,1530.000,1,0.000,0,0.000,0,0,5,
132100291000,1370.000,5,1330.000,34,1320.000,3,1200.000,1,14.500,9,14.000,1,1370.000,20,1380.000,14,1530.000,1,0.000,0,0.000,0,0,5,
132102791000,1370.000,5,1330.000,44,1200.000,1,14.500,9,14.000,1,8.100,9,1370.000,30,1380.000,14,1530.000,1,0.000,0,0.000,0,0,5,
132104543000,1370.000,5,1330.000,44,1320.000,3,1200.000,1,14.500,9,14.000,1,1370.000,30,1380.000,14,1530.000,1,0.000,0,0.000,0,0,5,
132105916000,1370.000,5,1330.000,44,1200.000,1,14.500,9,14.000,1,8.100,9,1370.000,30,1380.000,14,1530.000,1,0.000,0,0.000,0,0,5,
132106042000,1370.000,5,1330.000,44,1320.000,3,1200.000,1,14.500,9,14.000,1,1370.000,30,1380.000,14,1530.000,1,0.000,0,0.000,0,0,5,
132118292000,1370.000,5,1330.000,44,1200.000,1,14.500,9,14.000,1,8.100,9,1370.000,30,1380.000,14,1530.000,1,0.000,0,0.000,0,0,5,
132122916000,1370.000,5,1330.000,34,1200.000,1,14.500,9,14.000,1,8.100,9,1370.000,20,1380.000,14,1530.000,1,0.000,0,0.000,0,0,5,
132124542000,1370.000,5,1330.000,34,1320.000,3,1200.000,1,14.500,9,14.000,1,1370.000,20,1380.000,17,1530.000,1,0.000,0,0.000,0,0,5,
132133792000,1370.000,5,1330.000,34,1200.000,1,14.500,9,14.000,1,8.100,9,1370.000,20,1380.000,14,1530.000,1,0.000,0,0.000,0,0,5,
132136291000,1370.000,5,1330.000,44,1200.000,1,14.500,9,14.000,1,8.100,9,1370.000,30,1380.000,14,1530.000,1,0.000,0,0.000,0,0,5,
132137542000,1370.000,5,1330.000,44,1320.000,3,1200.000,1,14.500,9,14.000,1,1370.000,30,1380.000,14,1530.000,1,0.000,0,0.000,0,0,5,
132155416000,1370.000,5,1330.000,44,1200.000,1,14.500,9,14.000,1,8.100,9,1370.000,30,1380.000,14,1530.000,1,0.000,0,0.000,0,0,5,
132158166000,1370.000,5,1330.000,44,1320.000,3,1200.000,1,14.500,9,14.000,1,1370.000,30,1380.000,14,1530.000,1,0.000,0,0.000,0,0,5,
132215417000,1370.000,5,1330.000,34,1320.000,3,1200.000,1,14.500,9,14.000,1,1370.000,20,1380.000,14,1530.000,1,0.000,0,0.000,0,0,5,
132215791000,1370.000,5,1340.000,20,1330.000,14,1320.000,3,1200.000,1,14.500,9,1370.000,20,1380.000,14,1530.000,1,0.000,0,0.000,0,0,5,
132238917000,1370.000,5,1340.000,20,1330.000,14,1320.000,3,1200.000,1,14.500,9,1370.000,20,1380.000,17,1530.000,1,0.000,0,0.000,0,0,5,
132241791000,1370.000,5,1340.000,20,1330.000,24,1320.000,3,1200.000,1,14.500,9,1370.000,30,1380.000,14,1530.000,1,0.000,0,0.000,0,0,5,
132252917000,1370.000,5,1330.000,34,1320.000,3,1200.000,1,14.500,9,14.000,1,1370.000,20,1380.000,14,1530.000,1,0.000,0,0.000,0,0,5,
132257417000,1370.000,5,1340.000,20,1330.000,14,1320.000,3,1200.000,1,14.500,9,1370.000,20,1380.000,14,1530.000,1,0.000,0,0.000,0,0,5,
132339791000,1370.000,5,1340.000,20,1330.000,24,1320.000,3,1200.000,1,14.500,9,1370.000,30,1380.000,14,1530.000,1,0.000,0,0.000,0,0,5,
132359916000,1370.000,5,1340.000,20,1330.000,14,1320.000,3,1200.000,1,14.500,9,1370.000,20,1380.000,14,1530.000,1,0.000,0,0.000,0,0,5,
132405041000,1370.000,5,1340.000,20,1330.000,24,1320.000,3,1200.000,1,14.500,9,1370.000,30,1380.000,14,1530.000,1,0.000,0,0.000,0,0,5,
132425042000,1370.000,5,1340.000,20,1330.000,14,1320.000,3,1200.000,1,14.500,9,1370.000,20,1380.000,14,1530.000,1,0.000,0,0.000,0,0,5,
132451916000,1370.000,5,1340.000,20,1330.000,24,1320.000,3,1200.000,1,14.500,9,1370.000,30,1380.000,14,1530.000,1,0.000,0,0.000,0,0,5,
132500420000,1370.000,5,1340.000,20,1330.000,24,1200.000,1,14.500,9,14.000,1,1370.000,30,1380.000,14,1530.000,1,0.000,0,0.000,0,0,5,
132510417000,1370.000,5,1330.000,34,1200.000,1,14.500,9,14.000,1,8.100,9,1370.000,20,1380.000,17,1530.000,1,0.000,0,0.000,0,0,5,
132510542000,1370.000,5,1330.000,44,1200.000,1,14.500,9,14.000,1,8.100,9,1370.000,30,1380.000,17,1530.000,1,0.000,0,0.000,0,0,5,
132512791000,1370.000,5,1330.000,54,1200.000,1,14.500,9,14.000,1,8.100,9,1370.000,40,1380.000,14,1530.000,1,0.000,0,0.000,0,0,5,
132514917000,1370.000,5,1330.000,44,1200.000,1,14.500,9,14.000,1,8.100,9,1370.000,30,1380.000,14,1530.000,1,0.000,0,0.000,0,0,5,
132515917000,1370.000,5,1330.000,44,1320.000,3,1200.000,1,14.500,9,14.000,1,1370.000,30,1380.000,14,1530.000,1,0.000,0,0.000,0,0,5,
132523917000,1370.000,5,1330.000,44,1320.000,3,1200.000,1,14.500,9,14.000,1,1370.000,30,1380.000,17,1530.000,1,0.000,0,0.000,0,0,5,
132525041000,1370.000,5,1330.000,44,1200.000,1,14.500,9,14.000,1,8.100,9,1370.000,30,1380.000,14,1530.000,1,0.000,0,0.000,0,0,5,
132530917000,1370.000,5,1330.000,44,1320.000,3,1200.000,1,14.500,9,14.000,1,1370.000,30,1380.000,17,1530.000,1,0.000,0,0.000,0,0,5,
132534418000,1370.000,5,1330.000,54,1200.000,1,14.500,9,14.000,1,8.100,9,1370.000,40,1380.000,17,1530.000,1,0.000,0,0.000,0,0,5,
132537047000,1370.000,5,1330.000,44,1200.000,1,14.500,9,14.000,1,8.100,9,1370.000,30,1380.000,17,1530.000,1,0.000,0,0.000,0,0,5,
132537541000,1370.000,5,1330.000,44,1200.000,1,14.500,9,14.000,1,8.100,9,1370.000,30,1380.000,14,1530.000,1,0.000,0,0.000,0,0,5,
132539167000,1370.000,5,1330.000,44,1320.000,3,1200.000,1,14.500,9,14.000,1,1370.000,30,1380.000,17,1530.000,1,0.000,0,0.000,0,0,5,
132540667000,1370.000,5,1330.000,44,1200.000,1,14.500,9,14.000,1,8.100,9,1370.000,30,1380.000,14,1530.000,1,0.000,0,0.000,0,0,5,
132541168000,1370.000,5,1330.000,44,1320.000,3,1200.000,1,14.500,9,14.000,1,1370.000,30,1380.000,14,1530.000,1,0.000,0,0.000,0,0,5,
132541918000,1370.000,5,1340.000,20,1330.000,14,1320.000,3,1200.000,1,14.500,9,1370.000,20,1380.000,14,1530.000,1,0.000,0,0.000,0,0,5,
132542916000,1370.000,5,1340.000,20,1330.000,14,1320.000,3,1200.000,1,14.500,9,1380.000,34,1530.000,1,0.000,0,0.000,0,0.000,0,0,5,
132543041000,1370.000,5,1340.000,40,1330.000,14,1320.000,3,1200.000,1,14.500,9,1380.000,54,1390.000,3,1530.000,1,0.000,0,0.000,0,0,5,
132543292000,1370.000,5,1340.000,30,1330.000,14,1320.000,3,1200.000,1,14.500,9,1380.000,44,1390.000,3,1530.000,1,0.000,0,0.000,0,0,5,
132543416000,1370.000,5,1340.000,20,1330.000,14,1320.000,3,1200.000,1,14.500,9,1380.000,34,1390.000,3,1530.000,1,0.000,0,0.000,0,0,5,
132543666000,1370.000,5,1340.000,20,1330.000,14,1200.000,1,14.500,9,14.000,1,1380.000,34,1390.000,3,1530.000,1,0.000,0,0.000,0,0,5,
132546417000,1370.000,5,1340.000,20,1330.000,14,1200.000,1,14.500,9,14.000,1,1370.000,20,1380.000,14,1390.000,3,1530.000,1,0.000,0,0,5,
132546792000,1370.000,5,1340.000,20,1330.000,14,1200.000,1,14.500,9,14.000,1,1370.000,20,1380.000,14,1530.000,1,0.000,0,0.000,0,0,5,
132547418000,1370.000,5,1340.000,30,1330.000,14,1200.000,1,14.500,9,14.000,1,1380.000,44,1390.000,3,1530.000,1,0.000,0,0.000,0,0,5,
132549916000,1370.000,5,1340.000,30,1330.000,14,1200.000,1,14.500,9,14.000,1,1380.000,44,1530.000,1,0.000,0,0.000,0,0.000,0,0,5,
132550043000,1370.000,5,1340.000,40,1330.000,14,1200.000,1,14.500,9,14.000,1,1380.000,54,1530.000,1,0.000,0,0.000,0,0.000,0,0,5,
132551292000,1370.000,5,1340.000,40,1330.000,14,1200.000,1,14.500,9,14.000,1,1380.000,54,1390.000,3,1530.000,1,0.000,0,0.000,0,0,5,
132600917000,1370.000,5,1340.000,40,1330.000,17,1200.000,1,14.500,9,14.000,1,1380.000,54,1390.000,3,1530.000,1,0.000,0,0.000,0,0,5,
132602417000,1370.000,5,1340.000,40,1330.000,14,1200.000,1,14.500,9,14.000,1,1380.000,54,1530.000,1,0.000,0,0.000,0,0.000,0,0,5,
132603668000,1370.000,5,1340.000,40,1330.000,17,1200.000,1,14.500,9,14.000,1,1380.000,54,1530.000,1,0.000,0,0.000,0,0.000,0,0,5,
132604666000,1370.000,5,1340.000,40,1330.000,17,1200.000,1,14.500,9,14.000,1,1380.000,54,1390.000,3,1530.000,1,0.000,0,0.000,0,0,5,
132608541000,1370.000,5,1340.000,40,1330.000,14,1200.000,1,14.500,9,14.000,1,1380.000,54,1530.000,1,0.000,0,0.000,0,0.000,0,0,5,
132620166000,1370.000,5,1340.000,40,1330.000,14,1200.000,1,14.500,9,14.000,1,1380.000,49,1530.000,1,0.000,0,0.000,0,0.000,0,0,5,
132624543000,1370.000,5,1340.000,40,1330.000,17,1200.000,1,14.500,9,14.000,1,1380.000,49,1530.000,1,0.000,0,0.000,0,0.000,0,0,5,
132627044000,1370.000,5,1340.000,30,1330.000,14,1200.000,1,14.500,9,14.000,1,1380.000,39,1530.000,1,0.000,0,0.000,0,0.000,0,0,5,
132632543000,1370.000,5,1340.000,30,1330.000,17,1200.000,1,14.500,9,14.000,1,1380.000,39,1530.000,1,0.000,0,0.000,0,0.000,0,0,5,
132636291000,1370.000,5,1340.000,40,1330.000,14,1200.000,1,14.500,9,14.000,1,1380.000,49,1530.000,1,0.000,0,0.000,0,0.000,0,0,5,
132638916000,1370.000,5,1340.000,40,1330.000,17,1200.000,1,14.500,9,14.000,1,1380.000,49,1390.000,3,1530.000,1,0.000,0,0.000,0,0,5,
132642292000,1370.000,5,1340.000,40,1330.000,14,1200.000,1,14.500,9,14.000,1,1380.000,49,1530.000,1,0.000,0,0.000,0,0.000,0,0,5,
132642666000,1370.000,5,1340.000,40,1330.000,17,1200.000,1,14.500,9,14.000,1,1380.000,49,1390.000,3,1530.000,1,0.000,0,0.000,0,0,5,
132645418000,1370.000,5,1340.000,40,1330.000,14,1200.000,1,14.500,9,14.000,1,1380.000,49,1530.000,1,0.000,0,0.000,0,0.000,0,0,5,
132656416000,1370.000,5,1340.000,30,1330.000,14,1200.000,1,14.500,9,14.000,1,1380.000,39,1530.000,1,0.000,0,0.000,0,0.000,0,0,5,
132702166000,1370.000,5,1340.000,40,1330.000,14,1200.000,1,14.500,9,14.000,1,1380.000,49,1530.000,1,0.000,0,0.000,0,0.000,0,0,5,
132703666000,1370.000,5,1340.000,40,1330.000,14,1200.000,1,14.500,9,14.000,1,1380.000,49,1390.000,5,1530.000,1,0.000,0,0.000,0,0,5,
132711292000,1370.000,5,1340.000,40,1330.000,17,1200.000,1,14.500,9,14.000,1,1380.000,49,1390.000,8,1530.000,1,0.000,0,0.000,0,0,5,
132713291000,1370.000,5,1340.000,40,1330.000,14,1200.000,1,14.500,9,14.000,1,1380.000,49,1390.000,5,1530.000,1,0.000,0,0.000,0,0,5,
132713917000,1370.000,5,1340.000,40,1330.000,17,1200.000,1,14.500,9,14.000,1,1380.000,49,1390.000,8,1530.000,1,0.000,0,0.000,0,0,5,
132716291000,1370.000,5,1340.000,40,1330.000,14,1200.000,1,14.500,9,14.000,1,1380.000,49,1390.000,5,1530.000,1,0.000,0,0.000,0,0,5,
132722166000,1370.000,5,1340.000,30,1330.000,14,1200.000,1,14.500,9,14.000,1,1380.000,39,1390.000,5,1530.000,1,0.000,0,0.000,0,0,5,
132725666000,1370.000,5,1340.000,40,1330.000,14,1200.000,1,14.500,9,14.000,1,1380.000,49,1390.000,5,1530.000,1,0.000,0,0.000,0,0,5,
132730291000,1370.000,5,1340.000,20,1330.000,14,1200.000,1,14.500,9,14.000,1,1380.000,20,1390.000,5,1530.000,1,0.000,0,0.000,0,0,5,
132732418000,1370.000,5,1340.000,20,1330.000,14,1200.000,1,14.500,9,14.000,1,1380.000,20,1390.000,8,1530.000,1,0.000,0,0.000,0,0,5,
132734666000,1370.000,5,1340.000,20,1330.000,14,1200.000,1,14.500,9,14.000,1,1380.000,20,1390.000,17,1530.000,1,0.000,0,0.000,0,0,5,
132805667000,1370.000,5,1340.000,20,1330.000,14,1200.000,1,14.500,9,14.000,1,1380.000,20,1390.000,14,1530.000,1,0.000,0,0.000,0,0,5,
132810668000,1370.000,5,1340.000,20,1330.000,17,1200.000,1,14.500,9,14.000,1,1380.000,20,1390.000,17,1530.000,1,0.000,0,0.000,0,0,5,
132815041000,1370.000,5,1340.000,20,1330.000,14,1200.000,1,14.500,9,14.000,1,1380.000,20,1390.000,14,1530.000,1,0.000,0,0.000,0,0,5,
132815541000,1370.000,5,1340.000,30,1330.000,17,1200.000,1,14.500,9,14.000,1,1380.000,30,1390.000,17,1530.000,1,0.000,0,0.000,0,0,5,
132818166000,1370.000,5,1340.000,30,1330.000,14,1200.000,1,14.500,9,14.000,1,1380.000,30,1390.000,14,1530.000,1,0.000,0,0.000,0,0,5,
132820041000,1370.000,5,1340.000,30,1330.000,14,1200.000,1,14.500,9,14.000,1,1380.000,30,1390.000,17,1530.000,1,0.000,0,0.000,0,0,5,
132821291000,1370.000,5,1340.000,30,1330.000,14,1200.000,1,14.500,9,14.000,1,1380.000,30,1390.000,14,1530.000,1,0.000,0,0.000,0,0,5,
132821667000,1370.000,5,1340.000,30,1330.000,17,1200.000,1,14.500,9,14.000,1,1380.000,30,1390.000,17,1530.000,1,0.000,0,0.000,0,0,5,
132827416000,1370.000,5,1340.000,30,1330.000,14,1200.000,1,14.500,9,14.000,1,1380.000,30,1390.000,14,1530.000,1,0.000,0,0.000,0,0,5,
132831167000,1370.000,5,1340.000,30,1330.000,17,1200.000,1,14.500,9,14.000,1,1380.000,30,1390.000,14,1530.000,1,0.000,0,0.000,0,0,5,
132835666000,1370.000,5,1340.000,20,1330.000,17,1200.000,1,14.500,9,14.000,1,1380.000,20,1390.000,14,1530.000,1,0.000,0,0.000,0,0,5,
132836541000,1370.000,5,1340.000,20,1330.000,14,1200.000,1,14.500,9,14.000,1,1380.000,20,1390.000,14,1530.000,1,0.000,0,0.000,0,0,5,
132848293000,1370.000,5,1340.000,30,1330.000,14,1200.000,1,14.500,9,14.000,1,1380.000,30,1390.000,17,1530.000,1,0.000,0,0.000,0,0,5,
132852043000,1370.000,5,1340.000,30,1330.000,14,1200.000,1,14.500,9,14.000,1,1380.000,30,1390.000,14,1530.000,1,0.000,0,0.000,0,0,5,
132902792000,1370.000,5,1340.000,30,1330.000,17,1200.000,1,14.500,9,14.000,1,1380.000,30,1390.000,14,1530.000,1,0.000,0,0.000,0,0,5,
132907791000,1370.000,5,1340.000,30,1330.000,17,1200.000,1,14.500,9,14.000,1,1380.000,30,1390.000,14,1530.000,1,0.000,0,0.000,0,0,5,
132922046000,1370.000,5,1350.000,20,1330.000,17,1200.000,1,14.500,9,14.000,1,1390.000,34,1530.000,1,0.000,0,0.000,0,0.000,0,0,5,
132922166000,1370.000,5,1350.000,20,1330.000,17,1200.000,1,14.500,9,14.000,1,1390.000,34,1400.000,3,1530.000,1,0.000,0,0.000,0,0,5,
132922920000,1370.000,5,1350.000,20,1330.000,17,1200.000,1,14.500,9,14.000,1,1390.000,37,1530.000,1,0.000,0,0.000,0,0.000,0,0,5,
132925916000,1370.000,5,1350.000,30,1330.000,17,1200.000,1,14.500,9,14.000,1,1390.000,44,1400.000,3,1530.000,1,0.000,0,0.000,0,0,5,
132928916000,1370.000,5,1350.000,40,1330.000,17,1200.000,1,14.500,9,14.000,1,1390.000,57,1530.000,1,0.000,0,0.000,0,0.000,0,0,5,
132932916000,1370.000,5,1350.000,10,1330.000,17,1200.000,1,14.500,9,14.000,1,1390.000,27,1530.000,1,0.000,0,0.000,0,0.000,0,0,5,
132933916000,1370.000,5,1350.000,40,1330.000,17,1200.000,1,14.500,9,14.000,1,1390.000,57,1530.000,1,0.000,0,0.000,0,0.000,0,0,5,
132935042000,1370.000,5,1350.000,40,1330.000,17,1200.000,1,14.500,9,14.000,1,1390.000,54,1400.000,3,1530.000,1,0.000,0,0.000,0,0,5,
132941168000,1370.000,5,1350.000,30,1330.000,17,1200.000,1,14.500,9,14.000,1,1390.000,44,1400.000,3,1530.000,1,0.000,0,0.000,0,0,5,
132941293000,1370.000,5,1350.000,30,1330.000,14,1200.000,1,14.500,9,14.000,1,1390.000,44,1400.000,3,1530.000,1,0.000,0,0.000,0,0,5,
132941543000,1370.000,5,1330.000,14,1200.000,1,14.500,9,14.000,1,8.100,9,1390.000,14,1400.000,3,1530.000,1,0.000,0,0.000,0,0,5,
132942919000,1370.000,5,1340.000,20,1330.000,14,1200.000,1,14.500,9,14.000,1,1380.000,20,1390.000,14,1400.000,3,1530.000,1,0.000,0,0,5,
132944042000,1370.000,5,1340.000,20,1330.000,17,1200.000,1,14.500,9,14.000,1,1380.000,20,1390.000,14,1400.000,3,1530.000,1,0.000,0,0,5,
132945042000,1370.000,5,1330.000,17,1200.000,1,14.500,9,14.000,1,8.100,9,1390.000,14,1400.000,3,1530.000,1,0.000,0,0.000,0,0,5,
132946041000,1370.000,5,1340.000,20,1330.000,17,1200.000,1,14.500,9,14.000,1,1380.000,20,1390.000,14,1400.000,3,1530.000,1,0.000,0,0,5,
132946542000,1370.000,5,1330.000,17,1200.000,1,14.500,9,14.000,1,8.100,9,1390.000,14,1400.000,3,1530.000,1,0.000,0,0.000,0,0,5,
132950541000,1370.000,5,1350.000,40,1330.000,17,1200.000,1,14.500,9,14.000,1,1390.000,54,1400.000,3,1530.000,1,0.000,0,0.000,0,0,5,
132953791000,1370.000,5,1350.000,40,1330.000,17,1200.000,1,14.500,9,14.000,1,1390.000,54,1530.000,1,0.000,0,0.000,0,0.000,0,0,5,
132954667000,1370.000,5,1350.000,40,1330.000,17,1200.000,1,14.500,9,14.000,1,1390.000,54,1400.000,3,1530.000,1,0.000,0,0.000,0,0,5,
133002047000,1370.000,5,1350.000,30,1330.000,17,1200.000,1,14.500,9,14.000,1,1390.000,44,1400.000,3,1530.000,1,0.000,0,0.000,0,0,5,
133002917000,1370.000,5,1350.000,10,1330.000,14,1200.000,1,14.500,9,14.000,1,1390.000,24,1530.000,1,0.000,0,0.000,0,0.000,0,0,5,
133003167000,1370.000,5,1350.000,10,1330.000,14,1200.000,1,14.500,9,14.000,1,1390.000,24,1400.000,3,1530.000,1,0.000,0,0.000,0,0,5,
133003416000,1370.000,5,1330.000,17,1200.000,1,14.500,9,14.000,1,8.100,9,1390.000,14,1400.000,3,1530.000,1,0.000,0,0.000,0,0,5,
133012918000,1370.000,5,1350.000,30,1330.000,17,1200.000,1,14.500,9,14.000,1,1390.000,44,1400.000,3,1530.000,1,0.000,0,0.000,0,0,5,
133015043000,1370.000,5,1330.000,17,1200.000,1,14.500,9,14.000,1,8.100,9,1390.000,14,1400.000,3,1530.000,1,0.000,0,0.000,0,0,5,
133017666000,1370.000,5,1340.000,20,1330.000,17,1200.000,1,14.500,9,14.000,1,1380.000,20,1390.000,14,1400.000,3,1530.000,1,0.000,0,0,5,
133018291000,1370.000,5,1340.000,20,1330.000,14,1200.000,1,14.500,9,14.000,1,1380.000,20,1390.000,14,1400.000,3,1530.000,1,0.000,0,0,5,
133019042000,1370.000,5,1330.000,14,1320.000,3,1200.000,1,14.500,9,14.000,1,1390.000,14,1400.000,3,1530.000,1,0.000,0,0.000,0,0,5,
133020041000,1370.000,5,1340.000,20,1330.000,14,1320.000,3,1200.000,1,14.500,9,1380.000,20,1390.000,14,1400.000,3,1530.000,1,0.000,0,0,5,
133027172000,1370.000,5,1340.000,20,1330.000,14,1200.000,1,14.500,9,14.000,1,1380.000,20,1390.000,14,1530.000,1,0.000,0,0.000,0,0,5,
133030168000,1370.000,5,1340.000,20,1330.000,17,1200.000,1,14.500,9,14.000,1,1380.000,20,1390.000,14,1530.000,1,0.000,0,0.000,0,0,5,
133030668000,1370.000,5,1340.000,20,1330.000,14,1200.000,1,14.500,9,14.000,1,1380.000,20,1390.000,14,1530.000,1,0.000,0,0.000,0,0,5,
133031293000,1370.000,5,1340.000,20,1330.000,14,1200.000,1,14.500,9,14.000,1,1380.000,20,1390.000,17,1530.000,1,0.000,0,0.000,0,0,5,
133033667000,1370.000,5,1340.000,20,1330.000,14,1200.000,1,14.500,9,14.000,1,1380.000,20,1390.000,14,1530.000,1,0.000,0,0.000,0,0,5,
133036419000,1370.000,5,1340.000,20,1330.000,14,1200.000,1,14.500,9,14.000,1,1380.000,20,1390.000,17,1530.000,1,0.000,0,0.000,0,0,5,
133039416000,1370.000,5,1340.000,30,1330.000,14,1200.000,1,14.500,9,14.000,1,1380.000,30,1390.000,17,1530.000,1,0.000,0,0.000,0,0,5,
133039917000,1370.000,5,1340.000,30,1330.000,14,1200.000,1,14.500,9,14.000,1,1380.000,30,1390.000,14,1530.000,1,0.000,0,0.000,0,0,5,
133040417000,1370.000,5,1340.000,30,1330.000,14,1200.000,1,14.500,9,14.000,1,1380.000,30,1390.000,17,1530.000,1,0.000,0,0.000,0,0,5,
133042791000,1370.000,5,1340.000,30,1330.000,17,1200.000,1,14.500,9,14.000,1,1380.000,30,1390.000,17,1530.000,1,0.000,0,0.000,0,0,5,
133043041000,1370.000,5,1340.000,40,1330.000,17,1200.000,1,14.500,9,14.000,1,1380.000,43,1390.000,14,1530.000,1,0.000,0,0.000,0,0,5,
133043667000,1370.000,5,1340.000,40,1330.000,14,1200.000,1,14.500,9,14.000,1,1380.000,43,1390.000,14,1530.000,1,0.000,0,0.000,0,0,5,
133046041000,1370.000,5,1340.000,40,1330.000,14,1200.000,1,14.500,9,14.000,1,1380.000,40,1390.000,17,1530.000,1,0.000,0,0.000,0,0,5,
133046917000,1370.000,5,1340.000,40,1330.000,17,1200.000,1,14.500,9,14.000,1,1380.000,40,1390.000,17,1530.000,1,0.000,0,0.000,0,0,5,
133049167000,1370.000,5,1340.000,40,1330.000,17,1200.000,1,14.500,9,14.000,1,1380.000,43,1390.000,14,1530.000,1,0.000,0,0.000,0,0,5,
133052167000,1370.000,5,1340.000,40,1330.000,14,1200.000,1,14.500,9,14.000,1,1380.000,40,1390.000,17,1530.000,1,0.000,0,0.000,0,0,5,
133052917000,1370.000,5,1340.000,40,1330.000,17,1200.000,1,14.500,9,14.000,1,1380.000,40,1390.000,17,1530.000,1,0.000,0,0.000,0,0,5,
133053666000,1370.000,5,1340.000,40,1330.000,14,1200.000,1,14.500,9,14.000,1,1380.000,40,1390.000,17,1530.000,1,0.000,0,0.000,0,0,5,
133059417000,1370.000,5,1340.000,30,1330.000,14,1200.000,1,14.500,9,14.000,1,1380.000,30,1390.000,17,1530.000,1,0.000,0,0.000,0,0,5,
133103041000,1370.000,5,1340.000,40,1330.000,17,1200.000,1,14.500,9,14.000,1,1380.000,40,1390.000,17,1530.000,1,0.000,0,0.000,0,0,5,
133103292000,1370.000,5,1340.000,40,1330.000,14,1200.000,1,14.500,9,14.000,1,1380.000,40,1390.000,17,1530.000,1,0.000,0,0.000,0,0,5,
133104042000,1370.000,5,1340.000,40,1330.000,17,1200.000,1,14.500,9,14.000,1,1380.000,40,1390.000,17,1530.000,1,0.000,0,0.000,0,0,5,
133104292000,1370.000,5,1340.000,40,1330.000,14,1200.000,1,14.500,9,14.000,1,1380.000,40,1390.000,17,1530.000,1,0.000,0,0.000,0,0,5,
133104416000,1370.000,5,1340.000,40,1330.000,17,1200.000,1,14.500,9,14.000,1,1380.000,40,1390.000,17,1530.000,1,0.000,0,0.000,0,0,5,
133106042000,1370.000,5,1340.000,10,1330.000,14,1200.000,1,14.500,9,14.000,1,1380.000,10,1390.000,17,1530.000,1,0.000,0,0.000,0,0,5,
133109042000,1370.000,5,1340.000,10,1330.000,17,1200.000,1,14.500,9,14.000,1,1380.000,10,1390.000,17,1530.000,1,0.000,0,0.000,0,0,5,
133110666000,1370.000,5,1340.000,10,1330.000,17,1200.000,1,14.500,9,14.000,1,1380.000,13,1390.000,14,1530.000,1,0.000,0,0.000,0,0,5,
133113792000,1370.000,5,1340.000,10,1330.000,14,1200.000,1,14.500,9,14.000,1,1380.000,10,1390.000,17,1530.000,1,0.000,0,0.000,0,0,5,
133121041000,1370.000,5,1340.000,10,1330.000,17,1200.000,1,14.500,9,14.000,1,1380.000,10,1390.000,17,1530.000,1,0.000,0,0.000,0,0,5,
133122667000,1370.000,5,1340.000,10,1330.000,14,1200.000,1,14.500,9,14.000,1,1380.000,10,1390.000,17,1530.000,1,0.000,0,0.000,0,0,5,
133124291000,1370.000,5,1340.000,10,1330.000,17,1200.000,1,14.500,9,14.000,1,1380.000,10,1390.000,17,1530.000,1,0.000,0,0.000,0,0,5,
133125166000,1370.000,5,1340.000,10,1330.000,14,1200.000,1,14.500,9,14.000,1,1380.000,10,1390.000,17,1530.000,1,0.000,0,0.000,0,0,5,
133128292000,1370.000,5,1340.000,10,1330.000,17,1200.000,1,14.500,9,14.000,1,1380.000,10,1390.000,17,1530.000,1,0.000,0,0.000,0,0,5,
133129291000,1370.000,5,1340.000,10,1330.000,17,1200.000,1,14.500,9,14.000,1,1380.000,10,1390.000,14,1530.000,1,0.000,0,0.000,0,0,5,
133131541000,1370.000,5,1340.000,10,1330.000,17,1200.000,1,14.500,9,14.000,1,1380.000,13,1390.000,14,1530.000,1,0.000,0,0.000,0,0,5,
133135166000,1370.000,5,1340.000,10,1330.000,14,1200.000,1,14.500,9,14.000,1,1380.000,13,1390.000,14,1530.000,1,0.000,0,0.000,0,0,5,
133135417000,1370.000,5,1340.000,10,1330.000,14,1200.000,1,14.500,9,14.000,1,1380.000,10,1390.000,17,1530.000,1,0.000,0,0.000,0,0,5,
133148542000,1370.000,5,1340.000,10,1330.000,17,1200.000,1,14.500,9,14.000,1,1380.000,10,1390.000,17,1530.000,1,0.000,0,0.000,0,0,5,
133148666000,1370.000,5,1340.000,10,1330.000,14,1200.000,1,14.500,9,14.000,1,1380.000,10,1390.000,17,1530.000,1,0.000,0,0.000,0,0,5,
133149041000,1370.000,5,1340.000,10,1330.000,17,1200.000,1,14.500,9,14.000,1,1380.000,10,1390.000,17,1530.000,1,0.000,0,0.000,0,0,5,
133149167000,1370.000,5,1340.000,10,1330.000,14,1200.000,1,14.500,9,14.000,1,1380.000,10,1390.000,17,1530.000,1,0.000,0,0.000,0,0,5,
133151041000,1370.000,5,1340.000,10,1330.000,14,1200.000,1,14.500,9,14.000,1,1380.000,10,1390.000,14,1530.000,1,0.000,0,0.000,0,0,5,
133151416000,1370.000,5,1340.000,10,1330.000,14,1200.000,1,14.500,9,14.000,1,1380.000,10,1390.000,17,1530.000,1,0.000,0,0.000,0,0,5,
133154166000,1370.000,5,1340.000,10,1330.000,14,1200.000,1,14.500,9,14.000,1,1380.000,10,1390.000,14,1530.000,1,0.000,0,0.000,0,0,5,
133154417000,1370.000,5,1340.000,10,1330.000,14,1200.000,1,14.500,9,14.000,1,1380.000,10,1390.000,17,1530.000,1,0.000,0,0.000,0,0,5,
133157291000,1370.000,5,1340.000,10,1330.000,14,1200.000,1,14.500,9,14.000,1,1380.000,10,1390.000,14,1530.000,1,0.000,0,0.000,0,0,5,
133158542000,1370.000,5,1340.000,10,1330.000,14,1200.000,1,14.500,9,14.000,1,1380.000,10,1390.000,17,1530.000,1,0.000,0,0.000,0,0,5,
133201792000,1370.000,5,1340.000,10,1330.000,17,1200.000,1,14.500,9,14.000,1,1380.000,10,1390.000,17,1530.000,1,0.000,0,0.000,0,0,5,
133212791000,1370.000,5,1340.000,10,1330.000,14,1200.000,1,14.500,9,14.000,1,1380.000,10,1390.000,17,1530.000,1,0.000,0,0.000,0,0,5,
133213667000,1370.000,5,1340.000,10,1330.000,17,1200.000,1,14.500,9,14.000,1,1380.000,10,1390.000,17,1530.000,1,0.000,0,0.000,0,0,5,
133222043000,1370.000,5,1340.000,10,1330.000,14,1200.000,1,14.500,9,14.000,1,1380.000,10,1390.000,17,1530.000,1,0.000,0,0.000,0,0,5,
133234917000,1370.000,5,1340.000,10,1330.000,17,1200.000,1,14.500,9,14.000,1,1380.000,10,1390.000,17,1530.000,1,0.000,0,0.000,0,0,5,
133246791000,1370.000,5,1340.000,10,1330.000,14,1200.000,1,14.500,9,14.000,1,1380.000,10,1390.000,17,1530.000,1,0.000,0,0.000,0,0,5,
133248166000,1370.000,5,1340.000,10,1330.000,17,1200.000,1,14.500,9,14.000,1,1380.000,10,1390.000,17,1530.000,1,0.000,0,0.000,0,0,5,
133249916000,1370.000,5,1340.000,10,1330.000,14,1200.000,1,14.500,9,14.000,1,1380.000,10,1390.000,17,1530.000,1,0.000,0,0.000,0,0,5,
133253041000,1370.000,5,1340.000,10,1330.000,14,1200.000,1,14.500,9,14.000,1,1380.000,10,1390.000,14,1530.000,1,0.000,0,0.000,0,0,5,
133254167000,1370.000,5,1340.000,10,1330.000,14,1200.000,1,14.500,9,14.000,1,1380.000,10,1390.000,17,1530.000,1,0.000,0,0.000,0,0,5,
133258292000,1370.000,5,1340.000,10,1330.000,17,1200.000,1,14.500,9,14.000,1,1380.000,10,1390.000,17,1530.000,1,0.000,0,0.000,0,0,5,
133259042000,1370.000,5,1340.000,10,1330.000,14,1200.000,1,14.500,9,14.000,1,1380.000,10,1390.000,17,1530.000,1,0.000,0,0.000,0,0,5,
133301670000,1370.000,5,1340.000,40,1330.000,14,1200.000,1,14.500,9,14.000,1,1380.000,40,1390.000,17,1530.000,1,0.000,0,0.000,0,0,5,
133302167000,1370.000,5,1340.000,40,1330.000,14,1200.000,1,14.500,9,14.000,1,1380.000,40,1390.000,14,1530.000,1,0.000,0,0.000,0,0,5,
133303167000,1370.000,5,1340.000,30,1330.000,14,1200.000,1,14.500,9,14.000,1,1380.000,30,1390.000,14,1530.000,1,0.000,0,0.000,0,0,5,
133303293000,1370.000,5,1340.000,30,1330.000,17,1200.000,1,14.500,9,14.000,1,1380.000,30,1390.000,17,1530.000,1,0.000,0,0.000,0,0,5,
133305291000,1370.000,5,1340.000,30,1330.000,14,1200.000,1,14.500,9,14.000,1,1380.000,30,1390.000,14,1530.000,1,0.000,0,0.000,0,0,5,
133310792000,1370.000,5,1340.000,30,1330.000,17,1200.000,1,14.500,9,14.000,1,1380.000,30,1390.000,17,1530.000,1,0.000,0,0.000,0,0,5,
133317541000,1370.000,5,1340.000,30,1330.000,14,1200.000,1,14.500,9,14.000,1,1380.000,30,1390.000,14,1530.000,1,0.000,0,0.000,0,0,5,
133319416000,1370.000,5,1340.000,40,1330.000,14,1200.000,1,14.500,9,14.000,1,1380.000,40,1390.000,14,1530.000,1,0.000,0,0.000,0,0,5,
133319541000,1370.000,5,1340.000,20,1330.000,14,1200.000,1,14.500,9,14.000,1,1380.000,20,1390.000,14,1530.000,1,0.000,0,0.000,0,0,5,
133320792000,1370.000,5,1340.000,20,1330.000,17,1200.000,1,14.500,9,14.000,1,1380.000,20,1390.000,17,1530.000,1,0.000,0,0.000,0,0,5,
133323666000,1370.000,5,1340.000,20,1330.000,14,1200.000,1,14.500,9,14.000,1,1380.000,20,1390.000,14,1530.000,1,0.000,0,0.000,0,0,5,
133354416000,1370.000,5,1340.000,40,1330.000,14,1200.000,1,14.500,9,14.000,1,1380.000,40,1390.000,14,1530.000,1,0.000,0,0.000,0,0,5,
133355542000,1370.000,5,1340.000,30,1330.000,14,1200.000,1,14.500,9,14.000,1,1380.000,30,1390.000,14,1530.000,1,0.000,0,0.000,0,0,5,
133358666000,1370.000,5,1340.000,30,1330.000,17,1200.000,1,14.500,9,14.000,1,1380.000,30,1390.000,17,1530.000,1,0.000,0,0.000,0,0,5,
133404041000,1370.000,5,1340.000,30,1330.000,14,1200.000,1,14.500,9,14.000,1,1380.000,30,1390.000,14,1530.000,1,0.000,0,0.000,0,0,5,
133406166000,1370.000,5,1340.000,40,1330.000,14,1200.000,1,14.500,9,14.000,1,1380.000,40,1390.000,14,1530.000,1,0.000,0,0.000,0,0,5,
133406669000,1370.000,5,1340.000,30,1330.000,17,1200.000,1,14.500,9,14.000,1,1380.000,30,1390.000,17,1530.000,1,0.000,0,0.000,0,0,5,
133410292000,1370.000,5,1340.000,30,1330.000,14,1200.000,1,14.500,9,14.000,1,1380.000,30,1390.000,14,1530.000,1,0.000,0,0.000,0,0,5,
133413166000,1370.000,5,1340.000,30,1330.000,14,1200.000,1,14.500,9,14.000,1,1380.000,30,1390.000,14,1530.000,1,0.000,0,0.000,0,0,5,
133419541000,1370.000,5,1340.000,30,1330.000,17,1200.000,1,14.500,9,14.000,1,1380.000,30,1390.000,17,1530.000,1,0.000,0,0.000,0,0,5,
133425791000,1370.000,5,1340.000,30,1330.000,17,1200.000,1,14.500,9,14.000,1,1380.000,30,1390.000,14,1530.000,1,0.000,0,0.000,0,0,5,
133425917000,1370.000,5,1340.000,30,1330.000,17,1200.000,1,14.500,9,14.000,1,1380.000,30,1390.000,17,1530.000,1,0.000,0,0.000,0,0,5,
133426292000,1370.000,5,1330.000,17,1200.000,1,14.500,9,14.000,1,8.100,9,1390.000,17,1530.000,1,0.000,0,0.000,0,0.000,0,0,5,
133434917000,1370.000,5,1330.000,17,1200.000,1,14.500,9,14.000,1,8.100,9,1390.000,14,1400.000,3,1530.000,1,0.000,0,0.000,0,0,5,
133438294000,1370.000,5,1330.000,14,1200.000,1,14.500,9,14.000,1,8.100,9,1390.000,14,1530.000,1,0.000,0,0.000,0,0.000,0,0,5,
133441666000,1370.000,5,1340.000,20,1330.000,14,1200.000,1,14.500,9,14.000,1,1380.000,20,1390.000,14,1530.000,1,0.000,0,0.000,0,0,5,
133442666000,1370.000,5,1330.000,14,1200.000,1,14.500,9,14.000,1,8.100,9,1390.000,14,1530.000,1,0.000,0,0.000,0,0.000,0,0,5,
134335667000,1370.000,5,1330.000,5,1200.000,1,14.500,9,14.000,1,8.100,9,1390.000,5,1530.000,1,0.000,0,0.000,0,0.000,0,0,5,
134341041000,1370.000,5,1200.000,1,14.500,9,14.000,1,8.100,9,8.000,1,1530.000,1,0.000,0,0.000,0,0.000,0,0.000,0,0,5,
134343291000,1370.000,5,1220.000,5,1200.000,1,14.500,9,14.000,1,8.100,9,1500.000,5,1530.000,1,0.000,0,0.000,0,0.000,0,0,5,
134455050000,1370.000,5,1200.000,1,14.500,9,14.000,1,8.100,9,8.000,1,1530.000,1,0.000,0,0.000,0,0.000,0,0.000,0,0,5,
